#Frame     RMSD_00001
       1       0.0000
       2       0.6312
       3       0.6590
       4       0.6928
       5       0.7302
       6       0.7495
       7       0.7155
       8       0.7685
       9       0.7844
      10       0.8907
      11       0.8851
      12       0.8966
      13       0.9216
      14       0.8755
      15       0.9230
      16       0.9050
      17       0.9123
      18       0.9560
      19       0.9303
      20       0.9097
      21       0.9894
      22       0.9486
      23       1.0619
      24       1.0571
      25       1.0891
      26       1.1220
      27       1.0223
      28       1.1979
      29       1.2456
      30       1.1777
      31       1.2044
      32       1.1523
      33       1.0487
      34       1.1176
      35       1.1691
      36       1.1194
      37       1.1115
      38       1.1415
      39       1.1436
      40       1.1413
      41       1.2299
      42       1.2028
      43       1.1165
      44       1.0088
      45       1.0469
      46       1.0527
      47       0.9723
      48       0.9245
      49       1.0671
      50       0.9883
      51       1.0846
      52       1.0319
      53       1.0689
      54       1.1602
      55       1.1663
      56       1.1635
      57       1.0620
      58       1.0426
      59       1.1445
      60       1.2047
      61       1.1875
      62       1.1629
      63       1.1709
      64       1.2283
      65       1.0937
      66       1.0939
      67       1.1139
      68       1.0770
      69       1.0290
      70       1.0952
      71       1.0238
      72       1.0284
      73       1.0229
      74       1.0653
      75       1.0339
      76       1.0310
      77       1.0337
      78       1.0083
      79       0.9244
      80       1.0057
      81       0.9140
      82       0.9160
      83       1.0070
      84       0.9594
      85       0.9468
      86       1.0008
      87       1.0103
      88       1.0902
      89       1.0875
      90       1.0771
      91       1.1301
      92       1.0777
      93       1.0336
      94       1.0176
      95       1.0025
      96       1.0082
      97       1.0321
      98       1.0812
      99       0.9748
     100       0.9449
     101       0.9690
     102       0.9661
     103       1.0090
     104       1.0566
     105       1.0727
     106       1.0943
     107       1.0966
     108       1.0185
     109       1.0611
     110       1.0603
     111       1.1093
     112       1.0322
     113       1.0422
     114       1.0161
     115       1.0660
     116       0.9916
     117       1.0084
     118       1.0136
     119       0.9982
     120       0.9747
     121       0.9886
     122       1.0384
     123       1.0072
     124       0.9552
     125       0.9457
     126       0.9586
     127       0.9905
     128       0.9880
     129       0.9378
     130       0.9698
     131       0.9215
     132       0.9840
     133       0.9941
     134       0.9936
     135       0.9626
     136       0.9398
     137       0.9740
     138       1.0626
     139       1.0483
     140       1.1188
     141       1.0350
     142       1.0767
     143       1.0546
     144       1.1375
     145       1.0957
     146       1.0824
     147       1.2070
     148       1.2230
     149       1.2228
     150       1.2134
     151       1.1650
     152       1.1069
     153       1.1522
     154       1.1033
     155       1.1847
     156       1.1371
     157       1.0661
     158       1.0614
     159       1.1252
     160       1.2034
     161       1.1646
     162       1.2590
     163       1.1880
     164       1.1739
     165       1.0953
     166       1.1818
     167       1.0831
     168       1.2048
     169       1.1127
     170       1.1306
     171       1.1685
     172       1.1815
     173       1.1649
     174       1.1203
     175       1.1384
     176       1.2258
     177       1.1562
     178       1.2178
     179       1.2929
     180       1.2146
     181       1.2837
     182       1.2404
     183       1.3423
     184       1.2632
     185       1.2665
     186       1.2546
     187       1.2851
     188       1.3243
     189       1.3044
     190       1.3706
     191       1.2309
     192       1.3022
     193       1.3636
     194       1.3237
     195       1.2634
     196       1.2018
     197       1.2840
     198       1.3133
     199       1.3523
     200       1.3674
     201       1.2617
     202       1.3363
     203       1.2733
     204       1.2181
     205       1.2377
     206       1.2384
     207       1.1745
     208       1.2307
     209       1.2336
     210       1.2437
     211       1.2340
     212       1.1904
     213       1.2229
     214       1.3240
     215       1.2615
     216       1.3267
     217       1.2888
     218       1.2325
     219       1.2952
     220       1.1908
     221       1.1057
     222       1.1171
     223       1.1158
     224       1.0650
     225       1.0294
     226       1.0038
     227       1.0200
     228       1.0917
     229       1.1639
     230       1.1374
     231       1.1746
     232       1.1203
     233       1.0481
     234       0.9905
     235       0.9697
     236       0.9880
     237       1.0079
     238       0.9568
     239       1.1128
     240       1.0882
     241       1.2271
     242       1.1739
     243       1.2095
     244       1.0835
     245       1.1440
     246       1.0645
     247       1.1404
     248       1.2112
     249       1.2063
     250       1.2204
     251       1.1842
     252       1.1665
     253       1.1468
     254       1.2941
     255       1.3083
     256       1.2624
     257       1.1564
     258       1.0894
     259       1.1296
     260       1.1840
     261       1.1093
     262       1.0784
     263       1.1610
     264       1.2035
     265       1.2166
     266       1.1369
     267       1.0681
     268       1.1350
     269       1.1706
     270       1.1445
     271       1.0739
     272       1.1053
     273       1.1156
     274       1.1211
     275       1.1475
     276       1.2202
     277       1.1418
     278       1.1284
     279       1.1132
     280       1.2206
     281       1.1609
     282       1.2139
     283       1.2055
     284       1.2727
     285       1.2687
     286       1.2666
     287       1.3505
     288       1.3050
     289       1.2864
     290       1.2847
     291       1.3228
     292       1.2892
     293       1.3740
     294       1.3262
     295       1.3553
     296       1.3801
     297       1.4202
     298       1.3843
     299       1.3131
     300       1.3796
     301       1.3609
     302       1.2911
     303       1.4659
     304       1.4199
     305       1.3613
     306       1.3978
     307       1.4057
     308       1.3981
     309       1.3375
     310       1.2587
     311       1.2984
     312       1.1168
     313       1.1942
     314       1.1957
     315       1.1893
     316       1.2478
     317       1.2175
     318       1.1299
     319       1.0190
     320       1.0296
     321       1.1050
     322       1.1284
     323       1.2761
     324       1.3527
     325       1.3322
     326       1.2002
     327       1.3117
     328       1.2647
     329       1.3676
     330       1.2735
     331       1.2627
     332       1.1666
     333       1.3001
     334       1.2521
     335       1.1695
     336       1.1729
     337       1.2714
     338       1.2684
     339       1.2511
     340       1.2940
     341       1.2422
     342       1.2972
     343       1.3662
     344       1.2996
     345       1.3309
     346       1.3331
     347       1.3321
     348       1.4203
     349       1.2997
     350       1.3631
     351       1.2427
     352       1.2284
     353       1.2176
     354       1.1376
     355       1.2940
     356       1.2936
     357       1.1526
     358       1.1996
     359       1.2951
     360       1.2786
     361       1.3198
     362       1.2908
     363       1.2761
     364       1.4087
     365       1.3099
     366       1.3294
     367       1.2511
     368       1.1684
     369       1.2647
     370       1.2292
     371       1.2267
     372       1.1860
     373       1.2895
     374       1.2454
     375       1.1836
     376       1.2931
     377       1.3332
     378       1.2923
     379       1.2757
     380       1.2045
     381       1.3467
     382       1.2441
     383       1.1480
     384       1.1563
     385       1.2046
     386       1.1815
     387       1.1439
     388       1.1287
     389       1.1669
     390       1.1845
     391       1.2351
     392       1.2564
     393       1.1794
     394       1.2528
     395       1.1591
     396       1.2060
     397       1.1170
     398       1.1063
     399       1.0801
     400       1.1186
     401       1.1059
     402       1.1121
     403       1.0682
     404       1.1571
     405       1.2024
     406       1.1620
     407       1.0819
     408       1.1131
     409       1.1045
     410       1.1533
     411       1.1548
     412       1.1778
     413       1.2326
     414       1.1922
     415       1.1749
     416       1.2228
     417       1.1467
     418       1.0798
     419       1.1036
     420       1.0718
     421       1.1093
     422       1.1785
     423       1.2218
     424       1.2723
     425       1.2157
     426       1.1391
     427       1.1360
     428       1.1823
     429       1.1544
     430       1.0944
     431       1.2071
     432       1.2428
     433       1.2372
     434       1.2025
     435       1.1682
     436       1.1142
     437       1.1174
     438       1.1376
     439       1.2330
     440       1.2729
     441       1.2456
     442       1.2519
     443       1.2052
     444       1.1519
     445       1.1839
     446       1.1566
     447       1.1013
     448       1.0831
     449       1.0103
     450       0.9798
     451       1.0598
     452       1.0621
     453       1.0601
     454       1.1436
     455       1.1589
     456       1.1200
     457       1.0973
     458       1.0710
     459       1.0659
     460       1.1391
     461       1.1942
     462       1.2256
     463       1.2301
     464       1.2510
     465       1.2409
     466       1.2912
     467       1.2338
     468       1.2316
     469       1.2366
     470       1.1919
     471       1.1489
     472       1.1958
     473       1.1791
     474       1.1408
     475       1.1623
     476       1.1305
     477       1.1967
     478       1.1705
     479       1.1020
     480       1.0878
     481       1.0833
     482       1.1502
     483       1.1360
     484       1.1592
     485       1.2815
     486       1.2731
     487       1.3807
     488       1.3137
     489       1.3324
     490       1.3128
     491       1.3196
     492       1.3597
     493       1.4034
     494       1.5378
     495       1.5925
     496       1.5968
     497       1.5103
     498       1.4441
     499       1.5565
     500       1.4378
     501       1.3685
     502       1.4222
     503       1.4149
     504       1.3526
     505       1.3557
     506       1.3258
     507       1.2613
     508       1.2429
     509       1.2757
     510       1.3761
     511       1.3170
     512       1.3511
     513       1.3307
     514       1.2803
     515       1.3792
     516       1.3307
     517       1.4322
     518       1.4112
     519       1.4274
     520       1.3276
     521       1.3677
     522       1.3612
     523       1.2597
     524       1.3802
     525       1.3427
     526       1.2931
     527       1.3690
     528       1.3341
     529       1.3113
     530       1.3355
     531       1.2257
     532       1.2597
     533       1.2537
     534       1.3403
     535       1.3830
     536       1.3169
     537       1.3379
     538       1.2919
     539       1.2700
     540       1.2471
     541       1.2644
     542       1.2041
     543       1.2039
     544       1.1887
     545       1.1711
     546       1.1773
     547       1.2012
     548       1.2459
     549       1.2085
     550       1.2045
     551       1.2486
     552       1.2818
     553       1.2347
     554       1.3474
     555       1.3292
     556       1.1647
     557       1.1131
     558       1.2064
     559       1.1928
     560       1.1870
     561       1.2149
     562       1.3200
     563       1.3005
     564       1.3339
     565       1.2951
     566       1.3211
     567       1.4236
     568       1.4170
     569       1.4077
     570       1.4013
     571       1.4152
     572       1.4107
     573       1.4001
     574       1.2793
     575       1.2394
     576       1.2792
     577       1.3341
     578       1.3661
     579       1.2288
     580       1.2428
     581       1.3085
     582       1.3693
     583       1.2661
     584       1.3211
     585       1.3319
     586       1.3026
     587       1.3016
     588       1.3549
     589       1.2710
     590       1.1995
     591       1.2258
     592       1.2030
     593       1.2720
     594       1.1768
     595       1.1064
     596       1.1015
     597       1.1440
     598       1.1622
     599       1.2726
     600       1.2395
     601       1.1651
     602       1.2295
     603       1.2620
     604       1.2297
     605       1.3607
     606       1.3548
     607       1.3394
     608       1.3339
     609       1.2255
     610       1.2326
     611       1.2544
     612       1.1887
     613       1.2093
     614       1.1718
     615       1.1624
     616       1.2339
     617       1.3235
     618       1.3855
     619       1.3597
     620       1.3803
     621       1.2896
     622       1.2455
     623       1.3277
     624       1.2559
     625       1.3307
     626       1.3529
     627       1.3640
     628       1.4096
     629       1.5110
     630       1.4604
     631       1.5220
     632       1.5106
     633       1.5949
     634       1.4878
     635       1.5728
     636       1.4550
     637       1.4665
     638       1.4398
     639       1.3315
     640       1.3899
     641       1.3548
     642       1.3602
     643       1.3408
     644       1.3190
     645       1.2695
     646       1.2257
     647       1.2609
     648       1.3214
     649       1.2786
     650       1.3941
     651       1.4567
     652       1.4564
     653       1.4772
     654       1.4393
     655       1.5890
     656       1.5485
     657       1.5879
     658       1.4857
     659       1.5603
     660       1.5806
     661       1.5312
     662       1.5028
     663       1.5818
     664       1.5909
     665       1.5305
     666       1.6075
     667       1.5850
     668       1.5965
     669       1.5504
     670       1.5686
     671       1.5394
     672       1.5619
     673       1.5307
     674       1.4951
     675       1.3944
     676       1.4360
     677       1.5068
     678       1.4510
     679       1.4386
     680       1.4253
     681       1.4388
     682       1.4338
     683       1.4302
     684       1.4595
     685       1.4829
     686       1.5885
     687       1.6758
     688       1.6481
     689       1.7262
     690       1.7476
     691       1.6871
     692       1.7059
     693       1.7340
     694       1.8196
     695       1.7914
     696       1.6498
     697       1.6278
     698       1.6367
     699       1.5644
     700       1.5300
     701       1.4917
     702       1.5394
     703       1.5346
     704       1.5532
     705       1.4888
     706       1.4857
     707       1.5248
     708       1.5669
     709       1.6482
     710       1.7027
     711       1.5611
     712       1.6041
     713       1.6699
     714       1.6381
     715       1.7086
     716       1.7582
     717       1.6565
     718       1.5818
     719       1.6685
     720       1.6105
     721       1.7111
     722       1.7450
     723       1.7148
     724       1.5722
     725       1.5133
     726       1.4177
     727       1.4782
     728       1.4735
     729       1.5193
     730       1.6555
     731       1.5398
     732       1.6772
     733       1.7100
     734       1.6670
     735       1.6398
     736       1.6081
     737       1.5804
     738       1.6563
     739       1.6614
     740       1.6669
     741       1.6174
     742       1.5196
     743       1.6798
     744       1.6532
     745       1.5950
     746       1.6383
     747       1.5833
     748       1.5559
     749       1.4494
     750       1.6085
     751       1.5940
     752       1.6085
     753       1.6568
     754       1.7279
     755       1.7036
     756       1.6330
     757       1.6540
     758       1.6634
     759       1.5736
     760       1.5924
     761       1.6894
     762       1.6590
     763       1.5820
     764       1.6986
     765       1.6220
     766       1.8123
     767       1.8177
     768       1.7781
     769       1.7258
     770       1.7961
     771       1.8029
     772       1.9238
     773       1.9173
     774       1.8276
     775       1.7500
     776       1.6939
     777       1.7227
     778       1.7842
     779       1.7206
     780       1.6562
     781       1.5708
     782       1.6306
     783       1.5985
     784       1.6386
     785       1.5998
     786       1.5860
     787       1.5092
     788       1.4455
     789       1.6081
     790       1.6899
     791       1.6527
     792       1.6728
     793       1.7198
     794       1.7011
     795       1.8433
     796       1.6827
     797       1.6741
     798       1.6373
     799       1.6571
     800       1.6925
     801       1.6077
     802       1.5849
     803       1.5854
     804       1.6322
     805       1.6059
     806       1.6493
     807       1.6530
     808       1.7650
     809       1.7768
     810       1.8479
     811       1.8752
     812       1.7642
     813       1.7067
     814       1.7522
     815       1.7625
     816       1.7201
     817       1.7137
     818       1.6596
     819       1.6915
     820       1.7018
     821       1.7283
     822       1.7006
     823       1.6143
     824       1.6055
     825       1.3962
     826       1.4856
     827       1.4686
     828       1.4357
     829       1.4818
     830       1.4473
     831       1.4984
     832       1.4837
     833       1.4347
     834       1.4720
     835       1.4636
     836       1.4184
     837       1.4374
     838       1.4171
     839       1.3970
     840       1.5144
     841       1.4928
     842       1.4612
     843       1.5171
     844       1.5057
     845       1.5175
     846       1.4756
     847       1.4238
     848       1.5255
     849       1.5178
     850       1.5549
     851       1.4752
     852       1.4515
     853       1.4436
     854       1.5722
     855       1.4846
     856       1.4607
     857       1.4596
     858       1.5619
     859       1.5022
     860       1.4655
     861       1.5123
     862       1.5147
     863       1.5089
     864       1.4491
     865       1.4649
     866       1.4218
     867       1.4477
     868       1.4581
     869       1.5175
     870       1.5124
     871       1.5503
     872       1.5072
     873       1.5353
     874       1.4967
     875       1.4774
     876       1.4915
     877       1.5267
     878       1.5406
     879       1.4767
     880       1.5075
     881       1.5267
     882       1.5222
     883       1.5863
     884       1.6133
     885       1.6057
     886       1.6460
     887       1.4871
     888       1.5077
     889       1.6305
     890       1.6610
     891       1.5765
     892       1.6369
     893       1.8776
     894       1.8360
     895       1.5917
     896       1.5613
     897       1.6064
     898       1.7023
     899       1.7486
     900       1.7087
     901       1.6540
     902       1.6202
     903       1.5963
     904       1.5542
     905       1.5438
     906       1.4605
     907       1.4715
     908       1.4296
     909       1.4764
     910       1.5010
     911       1.5381
     912       1.4973
     913       1.5500
     914       1.4691
     915       1.5123
     916       1.6111
     917       1.4662
     918       1.5307
     919       1.4451
     920       1.5498
     921       1.5770
     922       1.5011
     923       1.4680
     924       1.4080
     925       1.5029
     926       1.4890
     927       1.4847
     928       1.4848
     929       1.6247
     930       1.5223
     931       1.5285
     932       1.5400
     933       1.4803
     934       1.5014
     935       1.4965
     936       1.4281
     937       1.5195
     938       1.3803
     939       1.3953
     940       1.3933
     941       1.3920
     942       1.3223
     943       1.3508
     944       1.2906
     945       1.4703
     946       1.4680
     947       1.4523
     948       1.4603
     949       1.5033
     950       1.4137
     951       1.4781
     952       1.4441
     953       1.4570
     954       1.5707
     955       1.6192
     956       1.6519
     957       1.6850
     958       1.5145
     959       1.5560
     960       1.5895
     961       1.5714
     962       1.5834
     963       1.5113
     964       1.4879
     965       1.4757
     966       1.6753
     967       1.5859
     968       1.4472
     969       1.5874
     970       1.5872
     971       1.6377
     972       1.6259
     973       1.7593
     974       1.6459
     975       1.5513
     976       1.6007
     977       1.5379
     978       1.4913
     979       1.5066
     980       1.5000
     981       1.3409
     982       1.3749
     983       1.3754
     984       1.3773
     985       1.3981
     986       1.4857
     987       1.4495
     988       1.4599
     989       1.3909
     990       1.4722
     991       1.3994
     992       1.3865
     993       1.3267
     994       1.4400
     995       1.3680
     996       1.2505
     997       1.3305
     998       1.3861
     999       1.3565
    1000       1.3569
    1001       1.4049
    1002       1.3731
    1003       1.2403
    1004       1.2771
    1005       1.2969
    1006       1.2901
    1007       1.2703
    1008       1.2710
    1009       1.3488
    1010       1.3462
    1011       1.3579
    1012       1.3609
    1013       1.3400
    1014       1.4125
    1015       1.4002
    1016       1.4107
    1017       1.4002
    1018       1.3651
    1019       1.3558
    1020       1.4665
    1021       1.4397
    1022       1.3863
    1023       1.4028
    1024       1.3871
    1025       1.4110
    1026       1.3019
    1027       1.2496
    1028       1.3204
    1029       1.3257
    1030       1.2990
    1031       1.2609
    1032       1.2042
    1033       1.1316
    1034       1.0733
    1035       1.0886
    1036       1.2096
    1037       1.2072
    1038       1.1922
    1039       1.1135
    1040       1.1388
    1041       1.1953
    1042       1.2121
    1043       1.1912
    1044       1.2018
    1045       1.2075
    1046       1.2483
    1047       1.2681
    1048       1.3110
    1049       1.3880
    1050       1.3145
    1051       1.3131
    1052       1.3649
    1053       1.3741
    1054       1.3196
    1055       1.4129
    1056       1.4207
    1057       1.5421
    1058       1.5405
    1059       1.5352
    1060       1.4827
    1061       1.4679
    1062       1.5020
    1063       1.5715
    1064       1.5501
    1065       1.6247
    1066       1.7964
    1067       1.7184
    1068       1.7515
    1069       1.6317
    1070       1.6643
    1071       1.7846
    1072       1.6620
    1073       1.7351
    1074       1.7047
    1075       1.7812
    1076       1.7936
    1077       1.7619
    1078       1.7307
    1079       1.6064
    1080       1.5469
    1081       1.4683
    1082       1.4515
    1083       1.5089
    1084       1.4337
    1085       1.3774
    1086       1.4485
    1087       1.3646
    1088       1.3886
    1089       1.3142
    1090       1.3367
    1091       1.3339
    1092       1.3235
    1093       1.3340
    1094       1.3009
    1095       1.3414
    1096       1.4575
    1097       1.4127
    1098       1.4498
    1099       1.4828
    1100       1.4213
    1101       1.3182
    1102       1.4274
    1103       1.3283
    1104       1.3667
    1105       1.3967
    1106       1.3794
    1107       1.4008
    1108       1.3883
    1109       1.3997
    1110       1.3447
    1111       1.4247
    1112       1.4694
    1113       1.4932
    1114       1.4670
    1115       1.4879
    1116       1.4161
    1117       1.4887
    1118       1.4606
    1119       1.4488
    1120       1.4772
    1121       1.3426
    1122       1.3765
    1123       1.4860
    1124       1.3412
    1125       1.3936
    1126       1.4686
    1127       1.6017
    1128       1.6341
    1129       1.5664
    1130       1.5574
    1131       1.4784
    1132       1.3189
    1133       1.3902
    1134       1.4024
    1135       1.4246
    1136       1.4398
    1137       1.4307
    1138       1.3723
    1139       1.3672
    1140       1.2893
    1141       1.2743
    1142       1.2941
    1143       1.2817
    1144       1.4211
    1145       1.3977
    1146       1.2626
    1147       1.2660
    1148       1.3176
    1149       1.3757
    1150       1.3894
    1151       1.4395
    1152       1.3188
    1153       1.2842
    1154       1.2262
    1155       1.2221
    1156       1.2843
    1157       1.2812
    1158       1.3075
    1159       1.3801
    1160       1.2979
    1161       1.3586
    1162       1.2558
    1163       1.3074
    1164       1.2995
    1165       1.2660
    1166       1.3536
    1167       1.3589
    1168       1.3009
    1169       1.3540
    1170       1.3864
    1171       1.3627
    1172       1.4394
    1173       1.3967
    1174       1.3922
    1175       1.3868
    1176       1.4189
    1177       1.3552
    1178       1.3386
    1179       1.4350
    1180       1.4677
    1181       1.3308
    1182       1.3263
    1183       1.3807
    1184       1.3221
    1185       1.4222
    1186       1.3556
    1187       1.3654
    1188       1.4227
    1189       1.3208
    1190       1.2922
    1191       1.3147
    1192       1.3794
    1193       1.3705
    1194       1.4843
    1195       1.4653
    1196       1.4809
    1197       1.5026
    1198       1.5394
    1199       1.5252
    1200       1.4829
    1201       1.5277
    1202       1.4377
    1203       1.4700
    1204       1.5036
    1205       1.4610
    1206       1.4729
    1207       1.4355
    1208       1.4577
    1209       1.4625
    1210       1.4688
    1211       1.4283
    1212       1.4722
    1213       1.5330
    1214       1.4780
    1215       1.4168
    1216       1.3550
    1217       1.3349
    1218       1.3497
    1219       1.3112
    1220       1.2288
    1221       1.2550
    1222       1.2998
    1223       1.2875
    1224       1.3463
    1225       1.3755
    1226       1.3174
    1227       1.3767
    1228       1.3511
    1229       1.2537
    1230       1.2873
    1231       1.3119
    1232       1.4469
    1233       1.3480
    1234       1.3819
    1235       1.3967
    1236       1.4317
    1237       1.4176
    1238       1.3620
    1239       1.3568
    1240       1.3967
    1241       1.3917
    1242       1.3495
    1243       1.4469
    1244       1.3747
    1245       1.3151
    1246       1.3316
    1247       1.3069
    1248       1.3210
    1249       1.4101
    1250       1.3936
    1251       1.3695
    1252       1.3773
    1253       1.3984
    1254       1.3924
    1255       1.3235
    1256       1.4277
    1257       1.5526
    1258       1.6348
    1259       1.4976
    1260       1.3631
    1261       1.3433
    1262       1.3485
    1263       1.3236
    1264       1.3603
    1265       1.3266
    1266       1.2638
    1267       1.2780
    1268       1.3039
    1269       1.3448
    1270       1.3176
    1271       1.2949
    1272       1.3204
    1273       1.2831
    1274       1.3625
    1275       1.2996
    1276       1.2138
    1277       1.2392
    1278       1.3170
    1279       1.2936
    1280       1.4294
    1281       1.4354
    1282       1.3991
    1283       1.2592
    1284       1.3213
    1285       1.3789
    1286       1.3543
    1287       1.2930
    1288       1.3311
    1289       1.2900
    1290       1.2067
    1291       1.1948
    1292       1.2221
    1293       1.2440
    1294       1.3447
    1295       1.3966
    1296       1.3164
    1297       1.3298
    1298       1.3792
    1299       1.3131
    1300       1.3175
    1301       1.3910
    1302       1.3554
    1303       1.2840
    1304       1.2904
    1305       1.2879
    1306       1.3199
    1307       1.3357
    1308       1.4028
    1309       1.4592
    1310       1.5330
    1311       1.4676
    1312       1.5319
    1313       1.4220
    1314       1.4329
    1315       1.5403
    1316       1.5126
    1317       1.3963
    1318       1.3843
    1319       1.3685
    1320       1.4370
    1321       1.3456
    1322       1.3050
    1323       1.2785
    1324       1.2750
    1325       1.3107
    1326       1.2552
    1327       1.2908
    1328       1.2778
    1329       1.2356
    1330       1.2223
    1331       1.2010
    1332       1.3412
    1333       1.2593
    1334       1.3268
    1335       1.3422
    1336       1.3615
    1337       1.2408
    1338       1.2362
    1339       1.2235
    1340       1.2984
    1341       1.2893
    1342       1.2742
    1343       1.2959
    1344       1.2746
    1345       1.2546
    1346       1.2987
    1347       1.2370
    1348       1.3231
    1349       1.2766
    1350       1.2422
    1351       1.3234
    1352       1.2802
    1353       1.3058
    1354       1.3106
    1355       1.3297
    1356       1.3393
    1357       1.3824
    1358       1.3161
    1359       1.3881
    1360       1.3598
    1361       1.3910
    1362       1.3718
    1363       1.4504
    1364       1.3945
    1365       1.4807
    1366       1.3798
    1367       1.3956
    1368       1.4379
    1369       1.3010
    1370       1.3547
    1371       1.4339
    1372       1.4039
    1373       1.2794
    1374       1.3367
    1375       1.3556
    1376       1.4041
    1377       1.3617
    1378       1.3843
    1379       1.3522
    1380       1.3013
    1381       1.3705
    1382       1.3051
    1383       1.3052
    1384       1.2660
    1385       1.3205
    1386       1.2357
    1387       1.2737
    1388       1.2833
    1389       1.3182
    1390       1.3688
    1391       1.3368
    1392       1.2961
    1393       1.2951
    1394       1.2637
    1395       1.2702
    1396       1.3044
    1397       1.2772
    1398       1.2354
    1399       1.2628
    1400       1.3424
    1401       1.2543
    1402       1.2246
    1403       1.2280
    1404       1.2957
    1405       1.3424
    1406       1.2801
    1407       1.2199
    1408       1.2457
    1409       1.2700
    1410       1.2233
    1411       1.3101
    1412       1.2811
    1413       1.3230
    1414       1.2628
    1415       1.3882
    1416       1.3908
    1417       1.3185
    1418       1.4411
    1419       1.4500
    1420       1.5062
    1421       1.4631
    1422       1.5883
    1423       1.5813
    1424       1.5730
    1425       1.4838
    1426       1.4165
    1427       1.3098
    1428       1.3425
    1429       1.4704
    1430       1.3824
    1431       1.4524
    1432       1.4197
    1433       1.4574
    1434       1.4578
    1435       1.4993
    1436       1.4298
    1437       1.3847
    1438       1.3822
    1439       1.3451
    1440       1.3724
    1441       1.4395
    1442       1.4573
    1443       1.3936
    1444       1.4358
    1445       1.5219
    1446       1.5331
    1447       1.5428
    1448       1.5321
    1449       1.5483
    1450       1.4850
    1451       1.4339
    1452       1.5371
    1453       1.4715
    1454       1.5008
    1455       1.4908
    1456       1.4532
    1457       1.4841
    1458       1.4257
    1459       1.5442
    1460       1.4615
    1461       1.3660
    1462       1.4119
    1463       1.4756
    1464       1.4079
    1465       1.4354
    1466       1.4013
    1467       1.3963
    1468       1.4684
    1469       1.5045
    1470       1.4926
    1471       1.4011
    1472       1.3866
    1473       1.4017
    1474       1.4533
    1475       1.4180
    1476       1.4250
    1477       1.4296
    1478       1.4529
    1479       1.4519
    1480       1.3857
    1481       1.3135
    1482       1.4227
    1483       1.4210
    1484       1.3281
    1485       1.3965
    1486       1.2599
    1487       1.2943
    1488       1.1970
    1489       1.2546
    1490       1.3260
    1491       1.3747
    1492       1.4076
    1493       1.3516
    1494       1.3560
    1495       1.3847
    1496       1.4208
    1497       1.4983
    1498       1.4390
    1499       1.4298
    1500       1.5024
    1501       1.3904
    1502       1.4165
    1503       1.4252
    1504       1.4139
    1505       1.4373
    1506       1.3655
    1507       1.3215
    1508       1.4160
    1509       1.2881
    1510       1.3194
    1511       1.4019
    1512       1.4726
    1513       1.4236
    1514       1.5743
    1515       1.6955
    1516       1.6635
    1517       1.5314
    1518       1.6179
    1519       1.5770
    1520       1.7841
    1521       1.7199
    1522       1.6582
    1523       1.5233
    1524       1.5096
    1525       1.6305
    1526       1.6364
    1527       1.6534
    1528       1.5611
    1529       1.5681
    1530       1.5504
    1531       1.4490
    1532       1.5072
    1533       1.4359
    1534       1.4882
    1535       1.5287
    1536       1.5837
    1537       1.6461
    1538       1.5447
    1539       1.5943
    1540       1.6242
    1541       1.6831
    1542       1.5911
    1543       1.5918
    1544       1.5932
    1545       1.5640
    1546       1.5988
    1547       1.5185
    1548       1.4446
    1549       1.4354
    1550       1.4121
    1551       1.3910
    1552       1.5140
    1553       1.5194
    1554       1.4754
    1555       1.4929
    1556       1.4651
    1557       1.4321
    1558       1.4306
    1559       1.4207
    1560       1.5025
    1561       1.5138
    1562       1.4652
    1563       1.4792
    1564       1.4356
    1565       1.4191
    1566       1.4155
    1567       1.2915
    1568       1.2853
    1569       1.3665
    1570       1.3614
    1571       1.3258
    1572       1.2974
    1573       1.2987
    1574       1.2561
    1575       1.2854
    1576       1.2572
    1577       1.2653
    1578       1.3209
    1579       1.2227
    1580       1.2387
    1581       1.3982
    1582       1.3566
    1583       1.4141
    1584       1.3647
    1585       1.5056
    1586       1.4536
    1587       1.3790
    1588       1.4236
    1589       1.3624
    1590       1.3967
    1591       1.4053
    1592       1.3072
    1593       1.3389
    1594       1.3507
    1595       1.4986
    1596       1.4518
    1597       1.3567
    1598       1.3588
    1599       1.3434
    1600       1.4861
    1601       1.4484
    1602       1.4422
    1603       1.4065
    1604       1.4472
    1605       1.4946
    1606       1.5860
    1607       1.5302
    1608       1.4532
    1609       1.4139
    1610       1.3697
    1611       1.3998
    1612       1.3471
    1613       1.3308
    1614       1.3972
    1615       1.3617
    1616       1.3448
    1617       1.2690
    1618       1.2625
    1619       1.2205
    1620       1.2709
    1621       1.3374
    1622       1.3339
    1623       1.3784
    1624       1.5198
    1625       1.5626
    1626       1.5831
    1627       1.6247
    1628       1.6777
    1629       1.6001
    1630       1.6839
    1631       1.6478
    1632       1.6019
    1633       1.6145
    1634       1.5861
    1635       1.4743
    1636       1.5451
    1637       1.4044
    1638       1.3912
    1639       1.4589
    1640       1.4702
    1641       1.5135
    1642       1.5647
    1643       1.4952
    1644       1.4925
    1645       1.6082
    1646       1.5458
    1647       1.5529
    1648       1.4670
    1649       1.3908
    1650       1.4544
    1651       1.4461
    1652       1.4837
    1653       1.4708
    1654       1.4027
    1655       1.3933
    1656       1.3759
    1657       1.4237
    1658       1.4271
    1659       1.5224
    1660       1.5231
    1661       1.4441
    1662       1.5098
    1663       1.4806
    1664       1.4350
    1665       1.5439
    1666       1.4508
    1667       1.3644
    1668       1.4376
    1669       1.4493
    1670       1.5286
    1671       1.5589
    1672       1.5689
    1673       1.5795
    1674       1.5189
    1675       1.4843
    1676       1.3906
    1677       1.4484
    1678       1.4270
    1679       1.4550
    1680       1.4866
    1681       1.4963
    1682       1.4802
    1683       1.4963
    1684       1.5108
    1685       1.4961
    1686       1.4380
    1687       1.5099
    1688       1.5793
    1689       1.5430
    1690       1.5486
    1691       1.6097
    1692       1.5899
    1693       1.5681
    1694       1.6280
    1695       1.5578
    1696       1.4838
    1697       1.4268
    1698       1.4305
    1699       1.3542
    1700       1.4732
    1701       1.5469
    1702       1.6242
    1703       1.6764
    1704       1.6836
    1705       1.5297
    1706       1.5231
    1707       1.5014
    1708       1.4662
    1709       1.4697
    1710       1.4515
    1711       1.4205
    1712       1.4059
    1713       1.4204
    1714       1.4267
    1715       1.4902
    1716       1.4518
    1717       1.4367
    1718       1.4168
    1719       1.4438
    1720       1.4250
    1721       1.4441
    1722       1.3279
    1723       1.3214
    1724       1.4193
    1725       1.4604
    1726       1.3931
    1727       1.4209
    1728       1.4087
    1729       1.3438
    1730       1.3232
    1731       1.2874
    1732       1.2873
    1733       1.3725
    1734       1.3930
    1735       1.4247
    1736       1.3427
    1737       1.4565
    1738       1.4293
    1739       1.3722
    1740       1.4567
    1741       1.3775
    1742       1.4003
    1743       1.4570
    1744       1.4812
    1745       1.4511
    1746       1.4560
    1747       1.5783
    1748       1.6349
    1749       1.6253
    1750       1.6239
    1751       1.6876
    1752       1.6878
    1753       1.6961
    1754       1.6901
    1755       1.6446
    1756       1.7889
    1757       1.6552
    1758       1.7579
    1759       1.7894
    1760       1.7935
    1761       1.7037
    1762       1.7036
    1763       1.7008
    1764       1.6714
    1765       1.6819
    1766       1.5344
    1767       1.5939
    1768       1.5800
    1769       1.6609
    1770       1.6325
    1771       1.5667
    1772       1.6295
    1773       1.6666
    1774       1.5815
    1775       1.5733
    1776       1.6718
    1777       1.6306
    1778       1.6132
    1779       1.5873
    1780       1.5840
    1781       1.5716
    1782       1.6171
    1783       1.5235
    1784       1.5978
    1785       1.5884
    1786       1.4842
    1787       1.4676
    1788       1.3584
    1789       1.4306
    1790       1.4723
    1791       1.3905
    1792       1.4489
    1793       1.5786
    1794       1.5753
    1795       1.5550
    1796       1.4988
    1797       1.4532
    1798       1.3816
    1799       1.5407
    1800       1.3714
    1801       1.3840
    1802       1.3245
    1803       1.3844
    1804       1.4757
    1805       1.4644
    1806       1.5995
    1807       1.5779
    1808       1.5462
    1809       1.4831
    1810       1.4920
    1811       1.4971
    1812       1.4633
    1813       1.4811
    1814       1.4460
    1815       1.4194
    1816       1.3887
    1817       1.4481
    1818       1.4113
    1819       1.4787
    1820       1.4614
    1821       1.5481
    1822       1.4428
    1823       1.5030
    1824       1.4798
    1825       1.3854
    1826       1.4660
    1827       1.4405
    1828       1.3818
    1829       1.4112
    1830       1.4279
    1831       1.4747
    1832       1.5013
    1833       1.3847
    1834       1.3679
    1835       1.3331
    1836       1.2717
    1837       1.4090
    1838       1.4672
    1839       1.4492
    1840       1.4432
    1841       1.4289
    1842       1.3772
    1843       1.3739
    1844       1.3716
    1845       1.4391
    1846       1.4740
    1847       1.4323
    1848       1.3942
    1849       1.2799
    1850       1.3450
    1851       1.2846
    1852       1.3236
    1853       1.2878
    1854       1.3578
    1855       1.3115
    1856       1.2777
    1857       1.2697
    1858       1.3559
    1859       1.3580
    1860       1.3229
    1861       1.3126
    1862       1.3600
    1863       1.3670
    1864       1.2969
    1865       1.3705
    1866       1.4140
    1867       1.3763
    1868       1.4582
    1869       1.4534
    1870       1.4670
    1871       1.4037
    1872       1.4761
    1873       1.4139
    1874       1.4055
    1875       1.5004
    1876       1.4253
    1877       1.3873
    1878       1.4137
    1879       1.3881
    1880       1.3993
    1881       1.3764
    1882       1.3683
    1883       1.4075
    1884       1.4499
    1885       1.3785
    1886       1.3578
    1887       1.4260
    1888       1.4588
    1889       1.4185
    1890       1.4121
    1891       1.4095
    1892       1.3712
    1893       1.4419
    1894       1.3275
    1895       1.3564
    1896       1.3665
    1897       1.3196
    1898       1.2527
    1899       1.3378
    1900       1.2667
    1901       1.2311
    1902       1.1988
    1903       1.2334
    1904       1.2904
    1905       1.4858
    1906       1.4997
    1907       1.4822
    1908       1.4203
    1909       1.4238
    1910       1.4450
    1911       1.4947
    1912       1.4915
    1913       1.6308
    1914       1.5831
    1915       1.4385
    1916       1.4451
    1917       1.3839
    1918       1.3624
    1919       1.2791
    1920       1.2728
    1921       1.3620
    1922       1.3756
    1923       1.3117
    1924       1.3526
    1925       1.2993
    1926       1.1809
    1927       1.1931
    1928       1.2754
    1929       1.2536
    1930       1.2377
    1931       1.2863
    1932       1.3505
    1933       1.2800
    1934       1.2957
    1935       1.4144
    1936       1.4091
    1937       1.3734
    1938       1.2469
    1939       1.2397
    1940       1.2254
    1941       1.2135
    1942       1.2108
    1943       1.1519
    1944       1.2081
    1945       1.2177
    1946       1.1621
    1947       1.1830
    1948       1.2991
    1949       1.2485
    1950       1.2275
    1951       1.2413
    1952       1.2841
    1953       1.3198
    1954       1.2074
    1955       1.1936
    1956       1.1668
    1957       1.1369
    1958       1.1416
    1959       1.1315
    1960       1.2364
    1961       1.2435
    1962       1.2812
    1963       1.1734
    1964       1.2705
    1965       1.2407
    1966       1.3124
    1967       1.3227
    1968       1.2046
    1969       1.3301
    1970       1.3280
    1971       1.3588
    1972       1.4364
    1973       1.4567
    1974       1.3811
    1975       1.3831
    1976       1.4950
    1977       1.3861
    1978       1.3604
    1979       1.2185
    1980       1.2249
    1981       1.2239
    1982       1.2711
    1983       1.2668
    1984       1.2612
    1985       1.2766
    1986       1.2453
    1987       1.3217
    1988       1.3178
    1989       1.4145
    1990       1.2281
    1991       1.3010
    1992       1.2884
    1993       1.2397
    1994       1.1842
    1995       1.1858
    1996       1.2555
    1997       1.2355
    1998       1.1923
    1999       1.2247
    2000       1.2549
    2001       1.1885
    2002       1.2722
    2003       1.2709
    2004       1.2736
    2005       1.3145
    2006       1.3586
    2007       1.3035
    2008       1.2519
    2009       1.3274
    2010       1.2396
    2011       1.2982
    2012       1.2764
    2013       1.3077
    2014       1.3478
    2015       1.3894
    2016       1.5013
    2017       1.4099
    2018       1.3856
    2019       1.3866
    2020       1.3624
    2021       1.3280
    2022       1.3530
    2023       1.4573
    2024       1.4015
    2025       1.3847
    2026       1.3877
    2027       1.3222
    2028       1.3747
    2029       1.3174
    2030       1.3615
    2031       1.3647
    2032       1.4110
    2033       1.4093
    2034       1.3771
    2035       1.3523
    2036       1.3470
    2037       1.3059
    2038       1.3156
    2039       1.3085
    2040       1.3228
    2041       1.2659
    2042       1.3041
    2043       1.3117
    2044       1.2852
    2045       1.2310
    2046       1.3132
    2047       1.2568
    2048       1.2236
    2049       1.2269
    2050       1.2172
    2051       1.2449
    2052       1.2140
    2053       1.2252
    2054       1.1721
    2055       1.2300
    2056       1.2709
    2057       1.2661
    2058       1.1425
    2059       1.1504
    2060       1.1644
    2061       1.2226
    2062       1.2057
    2063       1.1691
    2064       1.1887
    2065       1.2633
    2066       1.1704
    2067       1.2132
    2068       1.2603
    2069       1.3037
    2070       1.3148
    2071       1.2439
    2072       1.1762
    2073       1.1923
    2074       1.2351
    2075       1.2875
    2076       1.3400
    2077       1.2613
    2078       1.3111
    2079       1.2998
    2080       1.2812
    2081       1.2929
    2082       1.2432
    2083       1.3136
    2084       1.2829
    2085       1.2773
    2086       1.2317
    2087       1.3016
    2088       1.4033
    2089       1.3534
    2090       1.2727
    2091       1.2281
    2092       1.2283
    2093       1.2365
    2094       1.2379
    2095       1.3414
    2096       1.3066
    2097       1.3041
    2098       1.2583
    2099       1.2317
    2100       1.1903
    2101       1.1888
    2102       1.2852
    2103       1.3435
    2104       1.5078
    2105       1.4497
    2106       1.3316
    2107       1.3508
    2108       1.3990
    2109       1.3871
    2110       1.3311
    2111       1.3435
    2112       1.3635
    2113       1.3114
    2114       1.3144
    2115       1.3587
    2116       1.4310
    2117       1.4447
    2118       1.4042
    2119       1.4477
    2120       1.5409
    2121       1.5334
    2122       1.6266
    2123       1.5799
    2124       1.5528
    2125       1.4716
    2126       1.5171
    2127       1.5678
    2128       1.4762
    2129       1.4754
    2130       1.4554
    2131       1.4408
    2132       1.3776
    2133       1.3253
    2134       1.4411
    2135       1.3562
    2136       1.3754
    2137       1.3174
    2138       1.3657
    2139       1.3670
    2140       1.3417
    2141       1.3020
    2142       1.2591
    2143       1.2746
    2144       1.3350
    2145       1.3315
    2146       1.3485
    2147       1.3595
    2148       1.2982
    2149       1.3527
    2150       1.2877
    2151       1.3076
    2152       1.2113
    2153       1.2299
    2154       1.3166
    2155       1.3615
    2156       1.4429
    2157       1.5082
    2158       1.4686
    2159       1.4628
    2160       1.5352
    2161       1.5173
    2162       1.5939
    2163       1.6290
    2164       1.6478
    2165       1.5453
    2166       1.6096
    2167       1.6059
    2168       1.6245
    2169       1.5345
    2170       1.4478
    2171       1.4184
    2172       1.4255
    2173       1.5083
    2174       1.4520
    2175       1.3380
    2176       1.3819
    2177       1.4411
    2178       1.4149
    2179       1.3336
    2180       1.4113
    2181       1.3545
    2182       1.3731
    2183       1.3875
    2184       1.3836
    2185       1.3183
    2186       1.3152
    2187       1.3926
    2188       1.3360
    2189       1.3701
    2190       1.3579
    2191       1.4243
    2192       1.3995
    2193       1.4796
    2194       1.3941
    2195       1.3279
    2196       1.3512
    2197       1.3905
    2198       1.3468
    2199       1.3494
    2200       1.3214
    2201       1.3223
    2202       1.3530
    2203       1.4205
    2204       1.3780
    2205       1.4342
    2206       1.5371
    2207       1.5211
    2208       1.5578
    2209       1.6280
    2210       1.4880
    2211       1.4994
    2212       1.4240
    2213       1.3211
    2214       1.2949
    2215       1.2897
    2216       1.3183
    2217       1.3705
    2218       1.3038
    2219       1.3300
    2220       1.3086
    2221       1.2887
    2222       1.3360
    2223       1.2793
    2224       1.3412
    2225       1.3760
    2226       1.3734
    2227       1.3099
    2228       1.4375
    2229       1.4056
    2230       1.5240
    2231       1.6105
    2232       1.5954
    2233       1.4581
    2234       1.4651
    2235       1.4988
    2236       1.5298
    2237       1.5153
    2238       1.5997
    2239       1.6154
    2240       1.4870
    2241       1.4692
    2242       1.4029
    2243       1.3487
    2244       1.3309
    2245       1.3566
    2246       1.3381
    2247       1.3080
    2248       1.3843
    2249       1.3485
    2250       1.4347
    2251       1.3527
    2252       1.4523
    2253       1.4428
    2254       1.3880
    2255       1.3495
    2256       1.3776
    2257       1.4061
    2258       1.3892
    2259       1.4193
    2260       1.3522
    2261       1.4260
    2262       1.4004
    2263       1.3975
    2264       1.4219
    2265       1.3974
    2266       1.4348
    2267       1.4250
    2268       1.5181
    2269       1.5357
    2270       1.5495
    2271       1.4863
    2272       1.4115
    2273       1.3631
    2274       1.4006
    2275       1.3879
    2276       1.4470
    2277       1.5010
    2278       1.5284
    2279       1.5820
    2280       1.6032
    2281       1.5204
    2282       1.6310
    2283       1.5658
    2284       1.6444
    2285       1.6012
    2286       1.6846
    2287       1.6792
    2288       1.7899
    2289       1.7489
    2290       1.7193
    2291       1.7106
    2292       1.7123
    2293       1.7710
    2294       1.7365
    2295       1.6971
    2296       1.7126
    2297       1.5729
    2298       1.6356
    2299       1.5466
    2300       1.4967
    2301       1.4882
    2302       1.4109
    2303       1.4244
    2304       1.4349
    2305       1.4439
    2306       1.4824
    2307       1.4396
    2308       1.4457
    2309       1.3986
    2310       1.4273
    2311       1.4095
    2312       1.3613
    2313       1.3063
    2314       1.3460
    2315       1.3092
    2316       1.3198
    2317       1.2950
    2318       1.3625
    2319       1.3165
    2320       1.3599
    2321       1.3723
    2322       1.3367
    2323       1.3461
    2324       1.2933
    2325       1.2705
    2326       1.2649
    2327       1.2793
    2328       1.2784
    2329       1.2858
    2330       1.3508
    2331       1.3624
    2332       1.3381
    2333       1.3366
    2334       1.3458
    2335       1.3064
    2336       1.3774
    2337       1.3464
    2338       1.3451
    2339       1.4190
    2340       1.4426
    2341       1.3836
    2342       1.4228
    2343       1.4932
    2344       1.4192
    2345       1.3368
    2346       1.3580
    2347       1.3865
    2348       1.3315
    2349       1.3408
    2350       1.2815
    2351       1.2298
    2352       1.2965
    2353       1.3030
    2354       1.3877
    2355       1.3756
    2356       1.3780
    2357       1.2665
    2358       1.3885
    2359       1.3577
    2360       1.3877
    2361       1.4558
    2362       1.4811
    2363       1.5772
    2364       1.4381
    2365       1.3965
    2366       1.4345
    2367       1.4136
    2368       1.3210
    2369       1.2977
    2370       1.3607
    2371       1.4079
    2372       1.3910
    2373       1.2572
    2374       1.2823
    2375       1.2818
    2376       1.3421
    2377       1.3996
    2378       1.3724
    2379       1.4284
    2380       1.4026
    2381       1.4777
    2382       1.4156
    2383       1.5408
    2384       1.4202
    2385       1.3598
    2386       1.4688
    2387       1.3726
    2388       1.4724
    2389       1.4592
    2390       1.4366
    2391       1.3952
    2392       1.4258
    2393       1.3519
    2394       1.3279
    2395       1.3260
    2396       1.4260
    2397       1.3602
    2398       1.4116
    2399       1.4637
    2400       1.3903
    2401       1.4691
    2402       1.4134
    2403       1.4588
    2404       1.3457
    2405       1.3467
    2406       1.3161
    2407       1.2467
    2408       1.4004
    2409       1.3799
    2410       1.3392
    2411       1.3503
    2412       1.3214
    2413       1.3378
    2414       1.2916
    2415       1.3589
    2416       1.4234
    2417       1.3749
    2418       1.3777
    2419       1.2369
    2420       1.3001
    2421       1.3116
    2422       1.2509
    2423       1.2624
    2424       1.3465
    2425       1.4210
    2426       1.4905
    2427       1.4277
    2428       1.4078
    2429       1.4296
    2430       1.3861
    2431       1.3700
    2432       1.3452
    2433       1.2912
    2434       1.3800
    2435       1.3862
    2436       1.3663
    2437       1.4095
    2438       1.4562
    2439       1.3333
    2440       1.4022
    2441       1.3915
    2442       1.3263
    2443       1.3906
    2444       1.4321
    2445       1.4445
    2446       1.4101
    2447       1.4450
    2448       1.4254
    2449       1.3967
    2450       1.3759
    2451       1.4178
    2452       1.5294
    2453       1.4959
    2454       1.5333
    2455       1.6022
    2456       1.6361
    2457       1.7977
    2458       1.6915
    2459       1.6557
    2460       1.6473
    2461       1.6251
    2462       1.4906
    2463       1.5170
    2464       1.5503
    2465       1.5562
    2466       1.4946
    2467       1.5989
    2468       1.5780
    2469       1.5544
    2470       1.4869
    2471       1.5883
    2472       1.5090
    2473       1.4723
    2474       1.5165
    2475       1.4991
    2476       1.5264
    2477       1.3651
    2478       1.2909
    2479       1.2441
    2480       1.3111
    2481       1.3251
    2482       1.3412
    2483       1.2758
    2484       1.3620
    2485       1.3213
    2486       1.3316
    2487       1.3109
    2488       1.3236
    2489       1.4161
    2490       1.4543
    2491       1.4961
    2492       1.4778
    2493       1.5130
    2494       1.5098
    2495       1.5263
    2496       1.5298
    2497       1.4855
    2498       1.4742
    2499       1.4193
    2500       1.3723
    2501       1.4093
    2502       1.5154
    2503       1.4941
    2504       1.5205
    2505       1.5465
    2506       1.5260
    2507       1.5120
    2508       1.4619
    2509       1.4101
    2510       1.4290
    2511       1.3704
    2512       1.3654
    2513       1.3997
    2514       1.3220
    2515       1.3445
    2516       1.2922
    2517       1.4219
    2518       1.3270
    2519       1.3460
    2520       1.4681
    2521       1.3491
    2522       1.4018
    2523       1.3413
    2524       1.4132
    2525       1.4107
    2526       1.3944
    2527       1.3689
    2528       1.4173
    2529       1.4251
    2530       1.3381
    2531       1.3479
    2532       1.3867
    2533       1.3502
    2534       1.3653
    2535       1.3586
    2536       1.3374
    2537       1.2419
    2538       1.2336
    2539       1.2736
    2540       1.2812
    2541       1.2943
    2542       1.2879
    2543       1.3069
    2544       1.3466
    2545       1.3565
    2546       1.2283
    2547       1.3128
    2548       1.2421
    2549       1.2521
    2550       1.3002
    2551       1.2554
    2552       1.2808
    2553       1.3267
    2554       1.3738
    2555       1.3687
    2556       1.4132
    2557       1.3338
    2558       1.4167
    2559       1.3581
    2560       1.3840
    2561       1.3190
    2562       1.2892
    2563       1.2810
    2564       1.3152
    2565       1.3317
    2566       1.3641
    2567       1.3672
    2568       1.3230
    2569       1.3293
    2570       1.3136
    2571       1.3308
    2572       1.3442
    2573       1.3769
    2574       1.3047
    2575       1.3106
    2576       1.3026
    2577       1.2754
    2578       1.3245
    2579       1.2915
    2580       1.2827
    2581       1.3486
    2582       1.3630
    2583       1.3319
    2584       1.2690
    2585       1.3398
    2586       1.2980
    2587       1.2996
    2588       1.3036
    2589       1.2727
    2590       1.1905
    2591       1.2183
    2592       1.2667
    2593       1.2903
    2594       1.2620
    2595       1.2137
    2596       1.2571
    2597       1.2773
    2598       1.2613
    2599       1.2820
    2600       1.2462
    2601       1.2617
    2602       1.3406
    2603       1.2434
    2604       1.3266
    2605       1.2553
    2606       1.2659
    2607       1.2917
    2608       1.3367
    2609       1.3557
    2610       1.3122
    2611       1.3474
    2612       1.4796
    2613       1.3917
    2614       1.3965
    2615       1.3963
    2616       1.3453
    2617       1.3368
    2618       1.3996
    2619       1.4799
    2620       1.4783
    2621       1.5006
    2622       1.4345
    2623       1.4742
    2624       1.4441
    2625       1.4417
    2626       1.4160
    2627       1.2734
    2628       1.3322
    2629       1.3829
    2630       1.3291
    2631       1.3830
    2632       1.3300
    2633       1.3062
    2634       1.3354
    2635       1.3199
    2636       1.3083
    2637       1.2593
    2638       1.2605
    2639       1.2346
    2640       1.2756
    2641       1.2288
    2642       1.1982
    2643       1.2257
    2644       1.2508
    2645       1.2571
    2646       1.3060
    2647       1.2446
    2648       1.2566
    2649       1.3154
    2650       1.3316
    2651       1.3854
    2652       1.3890
    2653       1.3574
    2654       1.3120
    2655       1.2526
    2656       1.2720
    2657       1.3368
    2658       1.3559
    2659       1.4726
    2660       1.3911
    2661       1.3722
    2662       1.3890
    2663       1.4483
    2664       1.3911
    2665       1.3955
    2666       1.4375
    2667       1.4665
    2668       1.4269
    2669       1.3734
    2670       1.4197
    2671       1.4207
    2672       1.3173
    2673       1.4080
    2674       1.4348
    2675       1.5041
    2676       1.4346
    2677       1.3692
    2678       1.4248
    2679       1.3715
    2680       1.3308
    2681       1.3699
    2682       1.3102
    2683       1.3396
    2684       1.3204
    2685       1.3734
    2686       1.4218
    2687       1.4227
    2688       1.4512
    2689       1.4521
    2690       1.4659
    2691       1.4936
    2692       1.4658
    2693       1.5303
    2694       1.5322
    2695       1.6006
    2696       1.7137
    2697       1.7294
    2698       1.7540
    2699       1.7080
    2700       1.6426
    2701       1.6777
    2702       1.7057
    2703       1.6468
    2704       1.6894
    2705       1.7503
    2706       1.7482
    2707       1.6852
    2708       1.7837
    2709       1.7953
    2710       1.7473
    2711       1.7499
    2712       1.8221
    2713       1.7279
    2714       1.8726
    2715       1.7489
    2716       1.7256
    2717       1.7445
    2718       1.7924
    2719       1.6509
    2720       1.6528
    2721       1.6627
    2722       1.6971
    2723       1.6854
    2724       1.7105
    2725       1.6617
    2726       1.6573
    2727       1.7467
    2728       1.7045
    2729       1.6822
    2730       1.7319
    2731       1.6304
    2732       1.5175
    2733       1.5894
    2734       1.6301
    2735       1.6307
    2736       1.5248
    2737       1.5438
    2738       1.5776
    2739       1.5166
    2740       1.4883
    2741       1.4777
    2742       1.4868
    2743       1.5368
    2744       1.4737
    2745       1.5138
    2746       1.4598
    2747       1.5372
    2748       1.5909
    2749       1.5953
    2750       1.7150
    2751       1.7068
    2752       1.6875
    2753       1.6600
    2754       1.6502
    2755       1.5632
    2756       1.6048
    2757       1.5080
    2758       1.5648
    2759       1.5007
    2760       1.4847
    2761       1.4645
    2762       1.3462
    2763       1.3092
    2764       1.4377
    2765       1.4978
    2766       1.3490
    2767       1.3963
    2768       1.4825
    2769       1.5174
    2770       1.5568
    2771       1.4671
    2772       1.4055
    2773       1.4291
    2774       1.4625
    2775       1.3876
    2776       1.4532
    2777       1.3524
    2778       1.4269
    2779       1.4426
    2780       1.5251
    2781       1.5152
    2782       1.4503
    2783       1.4063
    2784       1.5014
    2785       1.5373
    2786       1.5750
    2787       1.5537
    2788       1.5254
    2789       1.4486
    2790       1.4795
    2791       1.5170
    2792       1.4849
    2793       1.4076
    2794       1.3629
    2795       1.4262
    2796       1.4096
    2797       1.5282
    2798       1.4172
    2799       1.4618
    2800       1.4704
    2801       1.4137
    2802       1.4674
    2803       1.4733
    2804       1.3829
    2805       1.4420
    2806       1.4454
    2807       1.4805
    2808       1.5606
    2809       1.5912
    2810       1.4654
    2811       1.5144
    2812       1.5333
    2813       1.5517
    2814       1.4221
    2815       1.5084
    2816       1.4925
    2817       1.4209
    2818       1.3789
    2819       1.4736
    2820       1.5524
    2821       1.5502
    2822       1.5137
    2823       1.4587
    2824       1.4461
    2825       1.4895
    2826       1.4459
    2827       1.5353
    2828       1.5852
    2829       1.5819
    2830       1.4867
    2831       1.5849
    2832       1.6028
    2833       1.6046
    2834       1.6368
    2835       1.6455
    2836       1.6197
    2837       1.6364
    2838       1.6328
    2839       1.5053
    2840       1.5709
    2841       1.5568
    2842       1.5306
    2843       1.6211
    2844       1.7196
    2845       1.7174
    2846       1.6991
    2847       1.7190
    2848       1.6567
    2849       1.6137
    2850       1.5490
    2851       1.5518
    2852       1.5891
    2853       1.5940
    2854       1.5268
    2855       1.5822
    2856       1.5885
    2857       1.4901
    2858       1.5347
    2859       1.6343
    2860       1.6261
    2861       1.6029
    2862       1.5892
    2863       1.6493
    2864       1.5750
    2865       1.7440
    2866       1.7223
    2867       1.7700
    2868       1.7480
    2869       1.7953
    2870       1.8174
    2871       1.8344
    2872       1.8350
    2873       1.7699
    2874       1.8485
    2875       1.8506
    2876       1.7352
    2877       1.6153
    2878       1.6000
    2879       1.7517
    2880       1.7923
    2881       1.6979
    2882       1.7211
    2883       1.7446
    2884       1.7602
    2885       1.7990
    2886       1.7858
    2887       1.6738
    2888       1.7859
    2889       1.7884
    2890       1.8044
    2891       1.7587
    2892       1.8005
    2893       1.6624
    2894       1.7030
    2895       1.7178
    2896       1.6527
    2897       1.7264
    2898       1.6692
    2899       1.6658
    2900       1.6819
    2901       1.6942
    2902       1.6760
    2903       1.7009
    2904       1.7730
    2905       1.7101
    2906       1.7018
    2907       1.6615
    2908       1.6785
    2909       1.7020
    2910       1.6372
    2911       1.6371
    2912       1.5991
    2913       1.5709
    2914       1.6232
    2915       1.6124
    2916       1.6342
    2917       1.5871
    2918       1.7705
    2919       1.7167
    2920       1.6525
    2921       1.7024
    2922       1.7509
    2923       1.6880
    2924       1.6360
    2925       1.5936
    2926       1.6408
    2927       1.6891
    2928       1.6421
    2929       1.7035
    2930       1.6273
    2931       1.6350
    2932       1.7281
    2933       1.7427
    2934       1.7350
    2935       1.7709
    2936       1.8119
    2937       1.7568
    2938       1.7822
    2939       1.8303
    2940       1.7120
    2941       1.6785
    2942       1.7097
    2943       1.6761
    2944       1.7301
    2945       1.6410
    2946       1.5955
    2947       1.5546
    2948       1.5901
    2949       1.5875
    2950       1.5745
    2951       1.4126
    2952       1.4496
    2953       1.4149
    2954       1.3723
    2955       1.3622
    2956       1.3696
    2957       1.4271
    2958       1.4483
    2959       1.4572
    2960       1.6106
    2961       1.5989
    2962       1.6301
    2963       1.5179
    2964       1.6338
    2965       1.5954
    2966       1.6122
    2967       1.6645
    2968       1.5961
    2969       1.7031
    2970       1.5568
    2971       1.5908
    2972       1.4899
    2973       1.4589
    2974       1.3893
    2975       1.4533
    2976       1.4167
    2977       1.4165
    2978       1.3951
    2979       1.4761
    2980       1.4234
    2981       1.4128
    2982       1.4090
    2983       1.3862
    2984       1.3457
    2985       1.3526
    2986       1.4486
    2987       1.4822
    2988       1.4650
    2989       1.4605
    2990       1.5336
    2991       1.5125
    2992       1.4778
    2993       1.3718
    2994       1.4594
    2995       1.4734
    2996       1.5215
    2997       1.4311
    2998       1.4069
    2999       1.3576
    3000       1.4580
    3001       1.4709
    3002       1.5087
    3003       1.5793
    3004       1.6509
    3005       1.7048
    3006       1.6590
    3007       1.6622
    3008       1.6516
    3009       1.6537
    3010       1.6428
    3011       1.6779
    3012       1.5009
    3013       1.5736
    3014       1.6360
    3015       1.5821
    3016       1.5735
    3017       1.4786
    3018       1.4993
    3019       1.4646
    3020       1.4690
    3021       1.3535
    3022       1.3687
    3023       1.3315
    3024       1.3718
    3025       1.4787
    3026       1.5156
    3027       1.4548
    3028       1.4415
    3029       1.3690
    3030       1.3647
    3031       1.2567
    3032       1.3227
    3033       1.3018
    3034       1.3758
    3035       1.4065
    3036       1.4429
    3037       1.4434
    3038       1.4450
    3039       1.4062
    3040       1.3669
    3041       1.2841
    3042       1.2633
    3043       1.2584
    3044       1.3121
    3045       1.3286
    3046       1.2789
    3047       1.3184
    3048       1.2935
    3049       1.2703
    3050       1.3163
    3051       1.3236
    3052       1.2682
    3053       1.3664
    3054       1.3433
    3055       1.3299
    3056       1.3055
    3057       1.4318
    3058       1.4300
    3059       1.4341
    3060       1.3884
    3061       1.3948
    3062       1.3391
    3063       1.4489
    3064       1.4339
    3065       1.5415
    3066       1.4873
    3067       1.5276
    3068       1.4958
    3069       1.5966
    3070       1.5986
    3071       1.5427
    3072       1.5374
    3073       1.5900
    3074       1.5802
    3075       1.5921
    3076       1.7029
    3077       1.7287
    3078       1.7005
    3079       1.7151
    3080       1.6944
    3081       1.6635
    3082       1.6456
    3083       1.6067
    3084       1.7134
    3085       1.6981
    3086       1.6314
    3087       1.5797
    3088       1.6170
    3089       1.6665
    3090       1.7043
    3091       1.6807
    3092       1.6700
    3093       1.7539
    3094       1.7052
    3095       1.6313
    3096       1.6368
    3097       1.6561
    3098       1.6025
    3099       1.5374
    3100       1.5861
    3101       1.6587
    3102       1.6018
    3103       1.6173
    3104       1.5729
    3105       1.5988
    3106       1.5633
    3107       1.5393
    3108       1.4523
    3109       1.4364
    3110       1.4555
    3111       1.4811
    3112       1.5544
    3113       1.5768
    3114       1.4957
    3115       1.5127
    3116       1.5940
    3117       1.7534
    3118       1.7047
    3119       1.5886
    3120       1.6124
    3121       1.5610
    3122       1.5574
    3123       1.4977
    3124       1.4332
    3125       1.5317
