#Frame     RMSD_00001
       1       0.0000
       2       0.6381
       3       0.6288
       4       0.6380
       5       0.7023
       6       0.8336
       7       0.7868
       8       0.8459
       9       0.8755
      10       0.8731
      11       0.8843
      12       0.9870
      13       0.9528
      14       0.9896
      15       0.9659
      16       0.9569
      17       0.9699
      18       1.0076
      19       1.0299
      20       1.0401
      21       1.0063
      22       1.0091
      23       1.0623
      24       1.0369
      25       1.1587
      26       1.1272
      27       1.1631
      28       1.1351
      29       1.0316
      30       1.1615
      31       1.2120
      32       1.1543
      33       1.0992
      34       1.1615
      35       1.0568
      36       1.0518
      37       0.9987
      38       1.0507
      39       0.9285
      40       0.9992
      41       0.9651
      42       1.0157
      43       0.9664
      44       0.9541
      45       1.1506
      46       1.0609
      47       0.9900
      48       1.0477
      49       1.0276
      50       1.0702
      51       1.0186
      52       0.9585
      53       1.0224
      54       1.0473
      55       1.0699
      56       1.0618
      57       1.1729
      58       1.1760
      59       1.1788
      60       1.2452
      61       1.1545
      62       1.1962
      63       1.1947
      64       1.1325
      65       1.1272
      66       1.1081
      67       1.1587
      68       1.1293
      69       1.1182
      70       1.2013
      71       1.2121
      72       1.2128
      73       1.1750
      74       1.1832
      75       1.1568
      76       1.2345
      77       1.3061
      78       1.2610
      79       1.1738
      80       1.2847
      81       1.2445
      82       1.0857
      83       1.0456
      84       1.0957
      85       1.1089
      86       1.0546
      87       1.1387
      88       1.1047
      89       1.0352
      90       1.0585
      91       1.0015
      92       1.0692
      93       1.0585
      94       1.0376
      95       1.0179
      96       1.0768
      97       1.0586
      98       1.1013
      99       1.1697
     100       1.1586
     101       1.0803
     102       1.0986
     103       1.1153
     104       1.1043
     105       1.1332
     106       1.1298
     107       1.1184
     108       1.0376
     109       0.9982
     110       0.9767
     111       0.9713
     112       0.9675
     113       0.9694
     114       0.9507
     115       0.9753
     116       1.0256
     117       0.9717
     118       1.0346
     119       1.0882
     120       1.0408
     121       0.9668
     122       1.0604
     123       0.9531
     124       0.9887
     125       0.9310
     126       0.9420
     127       1.0638
     128       0.9789
     129       0.9374
     130       0.9885
     131       0.8809
     132       0.9138
     133       0.9109
     134       0.9445
     135       0.9771
     136       0.9285
     137       0.9529
     138       0.8922
     139       0.8626
     140       0.9540
     141       0.8874
     142       0.9428
     143       0.9561
     144       0.9796
     145       0.8796
     146       0.9224
     147       0.9920
     148       1.0197
     149       0.9814
     150       0.9526
     151       0.9967
     152       1.0194
     153       0.9631
     154       0.9927
     155       1.0274
     156       1.0615
     157       1.1133
     158       1.0226
     159       1.0206
     160       0.9488
     161       0.9437
     162       1.0192
     163       1.0405
     164       1.0436
     165       1.0488
     166       1.0710
     167       1.0428
     168       1.0627
     169       1.0311
     170       1.0241
     171       1.0525
     172       1.0066
     173       1.0097
     174       0.9600
     175       1.0136
     176       1.0469
     177       1.1159
     178       1.0642
     179       1.0539
     180       1.0859
     181       1.0834
     182       1.0960
     183       1.0840
     184       1.1238
     185       1.0458
     186       1.0902
     187       1.0593
     188       1.1205
     189       1.0529
     190       0.9889
     191       1.0310
     192       0.9424
     193       0.9280
     194       0.8818
     195       0.8943
     196       0.9648
     197       0.9020
     198       0.9228
     199       0.9959
     200       0.9735
     201       1.0568
     202       1.1537
     203       1.1046
     204       1.0459
     205       1.0487
     206       1.1125
     207       1.1241
     208       1.0470
     209       1.1475
     210       1.1802
     211       1.2001
     212       1.1819
     213       1.1868
     214       1.1427
     215       1.0974
     216       1.1051
     217       1.0651
     218       1.0635
     219       1.1107
     220       1.1089
     221       1.1634
     222       1.1507
     223       1.1007
     224       1.1638
     225       1.1755
     226       1.1628
     227       1.1474
     228       1.1053
     229       1.1999
     230       1.1846
     231       1.1512
     232       1.0927
     233       1.0832
     234       1.0387
     235       1.0102
     236       1.0639
     237       1.1493
     238       1.1838
     239       1.1463
     240       1.2326
     241       1.2380
     242       1.2329
     243       1.2047
     244       1.2606
     245       1.2355
     246       1.2677
     247       1.2908
     248       1.1708
     249       1.1624
     250       1.1297
     251       1.1317
     252       1.1692
     253       1.1661
     254       1.1742
     255       1.1166
     256       1.0698
     257       1.1054
     258       1.1693
     259       1.2678
     260       1.2425
     261       1.2241
     262       1.2568
     263       1.1992
     264       1.2245
     265       1.1816
     266       1.1954
     267       1.2206
     268       1.2166
     269       1.1696
     270       1.0903
     271       1.2589
     272       1.1762
     273       1.1954
     274       1.1619
     275       1.1462
     276       1.0663
     277       1.1257
     278       1.1812
     279       1.1250
     280       1.2687
     281       1.3084
     282       1.2710
     283       1.2646
     284       1.2587
     285       1.3233
     286       1.3000
     287       1.3126
     288       1.3073
     289       1.3117
     290       1.3357
     291       1.2949
     292       1.3362
     293       1.3163
     294       1.4097
     295       1.3744
     296       1.3852
     297       1.2272
     298       1.2016
     299       1.2464
     300       1.2514
     301       1.1839
     302       1.0959
     303       1.1962
     304       1.2826
     305       1.2345
     306       1.2643
     307       1.2196
     308       1.2581
     309       1.2671
     310       1.2822
     311       1.4238
     312       1.3695
     313       1.3509
     314       1.3967
     315       1.4085
     316       1.3781
     317       1.3602
     318       1.3524
     319       1.4150
     320       1.4807
     321       1.5069
     322       1.4901
     323       1.4957
     324       1.4752
     325       1.4368
     326       1.4579
     327       1.4209
     328       1.4418
     329       1.4569
     330       1.3115
     331       1.3489
     332       1.2902
     333       1.3775
     334       1.3654
     335       1.4699
     336       1.3851
     337       1.3550
     338       1.4363
     339       1.3509
     340       1.2791
     341       1.2947
     342       1.3385
     343       1.3143
     344       1.3727
     345       1.3777
     346       1.4267
     347       1.3447
     348       1.2838
     349       1.3728
     350       1.3250
     351       1.3589
     352       1.4184
     353       1.4935
     354       1.6079
     355       1.5866
     356       1.5681
     357       1.5282
     358       1.5035
     359       1.5105
     360       1.5375
     361       1.5417
     362       1.5051
     363       1.4727
     364       1.5140
     365       1.5410
     366       1.5491
     367       1.5599
     368       1.5541
     369       1.5529
     370       1.4816
     371       1.4463
     372       1.5549
     373       1.5053
     374       1.4836
     375       1.4501
     376       1.4232
     377       1.5036
     378       1.5373
     379       1.4822
     380       1.5405
     381       1.5760
     382       1.4839
     383       1.5216
     384       1.5903
     385       1.5278
     386       1.5205
     387       1.5373
     388       1.4941
     389       1.4518
     390       1.5492
     391       1.5218
     392       1.5640
     393       1.5710
     394       1.5212
     395       1.5098
     396       1.5136
     397       1.5222
     398       1.5806
     399       1.6238
     400       1.6269
     401       1.6519
     402       1.6692
     403       1.5991
     404       1.6870
     405       1.6924
     406       1.6856
     407       1.6306
     408       1.6443
     409       1.6907
     410       1.7535
     411       1.6962
     412       1.6911
     413       1.6961
     414       1.7117
     415       1.7261
     416       1.7778
     417       1.7493
     418       1.7638
     419       1.7214
     420       1.6832
     421       1.6771
     422       1.6959
     423       1.6403
     424       1.6304
     425       1.7309
     426       1.6060
     427       1.6780
     428       1.6937
     429       1.6268
     430       1.6029
     431       1.5727
     432       1.6934
     433       1.6310
     434       1.6512
     435       1.5544
     436       1.6417
     437       1.5733
     438       1.6508
     439       1.6051
     440       1.5545
     441       1.5757
     442       1.5872
     443       1.5409
     444       1.6365
     445       1.7081
     446       1.5990
     447       1.6193
     448       1.6050
     449       1.5934
     450       1.5217
     451       1.5458
     452       1.5192
     453       1.5897
     454       1.5616
     455       1.5190
     456       1.5774
     457       1.5950
     458       1.5869
     459       1.5354
     460       1.6047
     461       1.5203
     462       1.4996
     463       1.4927
     464       1.4846
     465       1.5191
     466       1.5283
     467       1.5031
     468       1.4600
     469       1.4695
     470       1.5589
     471       1.5547
     472       1.5457
     473       1.5695
     474       1.5110
     475       1.5504
     476       1.6467
     477       1.6356
     478       1.6715
     479       1.6511
     480       1.5711
     481       1.5558
     482       1.5817
     483       1.6236
     484       1.6249
     485       1.5880
     486       1.6300
     487       1.5263
     488       1.4998
     489       1.4390
     490       1.5521
     491       1.5325
     492       1.4930
     493       1.5089
     494       1.6035
     495       1.6491
     496       1.7365
     497       1.6332
     498       1.6159
     499       1.5944
     500       1.4572
     501       1.5165
     502       1.5739
     503       1.6362
     504       1.6408
     505       1.5715
     506       1.5531
     507       1.4698
     508       1.4452
     509       1.4231
     510       1.4064
     511       1.4354
     512       1.5066
     513       1.4388
     514       1.4834
     515       1.5193
     516       1.5281
     517       1.4814
     518       1.5012
     519       1.4155
     520       1.3927
     521       1.4358
     522       1.3802
     523       1.3219
     524       1.4279
     525       1.4176
     526       1.5061
     527       1.4220
     528       1.4359
     529       1.4191
     530       1.3713
     531       1.4381
     532       1.4324
     533       1.4182
     534       1.4002
     535       1.4529
     536       1.4720
     537       1.5696
     538       1.5349
     539       1.5792
     540       1.5204
     541       1.5300
     542       1.5488
     543       1.5507
     544       1.5580
     545       1.5562
     546       1.5994
     547       1.5516
     548       1.5621
     549       1.5284
     550       1.5325
     551       1.6284
     552       1.5861
     553       1.5276
     554       1.5413
     555       1.4533
     556       1.5098
     557       1.5783
     558       1.5448
     559       1.7199
     560       1.7546
     561       1.7096
     562       1.7188
     563       1.6791
     564       1.6812
     565       1.7340
     566       1.5662
     567       1.6109
     568       1.5455
     569       1.6646
     570       1.5793
     571       1.5039
     572       1.5391
     573       1.5583
     574       1.4520
     575       1.4946
     576       1.4640
     577       1.3616
     578       1.4363
     579       1.4512
     580       1.4360
     581       1.4102
     582       1.4089
     583       1.4200
     584       1.4479
     585       1.3817
     586       1.4621
     587       1.5460
     588       1.5045
     589       1.4861
     590       1.4346
     591       1.5298
     592       1.4475
     593       1.4377
     594       1.3441
     595       1.3313
     596       1.2771
     597       1.3826
     598       1.4144
     599       1.3181
     600       1.3036
     601       1.3209
     602       1.2790
     603       1.3425
     604       1.3346
     605       1.3393
     606       1.3218
     607       1.3409
     608       1.2732
     609       1.3900
     610       1.4585
     611       1.3226
     612       1.3907
     613       1.4434
     614       1.5061
     615       1.4117
     616       1.2902
     617       1.3425
     618       1.3569
     619       1.3530
     620       1.3655
     621       1.3276
     622       1.3171
     623       1.3266
     624       1.3345
     625       1.3594
     626       1.2779
     627       1.3397
     628       1.4493
     629       1.4668
     630       1.5709
     631       1.4915
     632       1.4383
     633       1.4422
     634       1.4673
     635       1.4719
     636       1.4329
     637       1.5026
     638       1.4541
     639       1.4515
     640       1.4352
     641       1.4264
     642       1.4151
     643       1.3967
     644       1.4247
     645       1.4593
     646       1.4054
     647       1.3528
     648       1.3707
     649       1.3485
     650       1.3543
     651       1.3313
     652       1.3001
     653       1.2895
     654       1.2569
     655       1.2687
     656       1.2803
     657       1.3149
     658       1.3328
     659       1.3123
     660       1.3180
     661       1.3238
     662       1.3115
     663       1.2785
     664       1.2723
     665       1.2985
     666       1.2514
     667       1.2223
     668       1.2563
     669       1.2854
     670       1.3150
     671       1.3089
     672       1.2852
     673       1.2807
     674       1.3914
     675       1.2823
     676       1.2431
     677       1.2083
     678       1.1674
     679       1.2414
     680       1.2584
     681       1.2165
     682       1.2559
     683       1.2679
     684       1.2436
     685       1.1769
     686       1.2463
     687       1.2465
     688       1.1895
     689       1.1914
     690       1.1133
     691       1.1650
     692       1.2154
     693       1.2092
     694       1.2397
     695       1.2605
     696       1.3182
     697       1.3565
     698       1.3634
     699       1.3085
     700       1.3366
     701       1.3928
     702       1.3780
     703       1.3567
     704       1.3524
     705       1.2951
     706       1.3790
     707       1.4255
     708       1.3686
     709       1.3509
     710       1.3337
     711       1.3607
     712       1.4233
     713       1.4766
     714       1.4185
     715       1.4317
     716       1.4853
     717       1.4871
     718       1.4326
     719       1.4111
     720       1.3296
     721       1.3977
     722       1.4415
     723       1.4048
     724       1.4808
     725       1.5614
     726       1.6886
     727       1.6179
     728       1.6773
     729       1.5830
     730       1.6916
     731       1.6023
     732       1.5985
     733       1.5180
     734       1.4890
     735       1.6179
     736       1.5274
     737       1.5450
     738       1.4514
     739       1.5319
     740       1.5281
     741       1.5559
     742       1.5172
     743       1.5482
     744       1.6311
     745       1.6669
     746       1.6509
     747       1.6626
     748       1.6239
     749       1.6418
     750       1.6390
     751       1.6194
     752       1.6135
     753       1.5789
     754       1.6165
     755       1.6240
     756       1.6298
     757       1.5875
     758       1.6589
     759       1.5986
     760       1.5307
     761       1.5310
     762       1.5350
     763       1.4972
     764       1.5367
     765       1.5374
     766       1.4445
     767       1.3742
     768       1.4685
     769       1.5775
     770       1.5854
     771       1.5488
     772       1.5769
     773       1.6479
     774       1.5486
     775       1.5583
     776       1.5969
     777       1.5884
     778       1.5877
     779       1.6634
     780       1.6597
     781       1.7262
     782       1.7320
     783       1.6439
     784       1.6643
     785       1.6784
     786       1.6972
     787       1.6465
     788       1.5598
     789       1.5362
     790       1.5134
     791       1.4931
     792       1.5854
     793       1.6329
     794       1.6474
     795       1.6539
     796       1.5826
     797       1.5421
     798       1.5199
     799       1.5292
     800       1.5420
     801       1.5349
     802       1.5631
     803       1.5147
     804       1.5853
     805       1.5888
     806       1.6261
     807       1.6378
     808       1.6802
     809       1.7151
     810       1.6455
     811       1.5919
     812       1.5910
     813       1.5657
     814       1.6892
     815       1.5931
     816       1.5617
     817       1.5535
     818       1.6123
     819       1.5152
     820       1.6811
     821       1.6745
     822       1.5780
     823       1.6413
     824       1.7510
     825       1.6387
     826       1.6189
     827       1.5834
     828       1.5071
     829       1.4748
     830       1.4409
     831       1.5085
     832       1.4692
     833       1.3705
     834       1.3395
     835       1.3899
     836       1.3105
     837       1.3997
     838       1.3265
     839       1.2649
     840       1.3115
     841       1.3596
     842       1.2613
     843       1.2782
     844       1.2856
     845       1.2570
     846       1.2445
     847       1.3315
     848       1.3411
     849       1.3662
     850       1.3827
     851       1.3392
     852       1.3805
     853       1.2946
     854       1.3283
     855       1.3305
     856       1.2990
     857       1.2523
     858       1.2705
     859       1.2356
     860       1.2397
     861       1.2480
     862       1.3148
     863       1.3468
     864       1.3136
     865       1.3006
     866       1.2465
     867       1.2113
     868       1.2324
     869       1.2781
     870       1.3777
     871       1.3679
     872       1.3788
     873       1.3930
     874       1.4528
     875       1.4295
     876       1.3729
     877       1.3364
     878       1.4114
     879       1.3895
     880       1.4074
     881       1.3436
     882       1.3966
     883       1.3766
     884       1.3027
     885       1.3478
     886       1.2922
     887       1.3262
     888       1.2859
     889       1.3211
     890       1.3084
     891       1.3945
     892       1.3914
     893       1.3543
     894       1.3835
     895       1.3162
     896       1.3198
     897       1.3513
     898       1.3333
     899       1.3235
     900       1.3214
     901       1.3329
     902       1.3170
     903       1.2450
     904       1.2511
     905       1.2605
     906       1.2764
     907       1.2693
     908       1.2875
     909       1.2538
     910       1.2920
     911       1.2927
     912       1.3230
     913       1.4048
     914       1.2579
     915       1.2426
     916       1.2016
     917       1.2238
     918       1.2549
     919       1.2356
     920       1.1615
     921       1.2170
     922       1.2465
     923       1.2635
     924       1.2956
     925       1.2055
     926       1.2230
     927       1.3136
     928       1.3446
     929       1.4573
     930       1.4831
     931       1.5834
     932       1.5137
     933       1.3190
     934       1.3708
     935       1.2755
     936       1.3057
     937       1.3126
     938       1.3532
     939       1.3419
     940       1.3230
     941       1.2684
     942       1.3184
     943       1.2141
     944       1.2008
     945       1.2957
     946       1.2917
     947       1.2825
     948       1.3657
     949       1.4030
     950       1.3554
     951       1.3520
     952       1.4030
     953       1.3358
     954       1.3225
     955       1.4754
     956       1.4300
     957       1.5383
     958       1.5030
     959       1.4436
     960       1.4112
     961       1.4524
     962       1.4988
     963       1.4479
     964       1.3583
     965       1.4315
     966       1.4040
     967       1.4125
     968       1.3445
     969       1.3902
     970       1.3759
     971       1.4201
     972       1.3730
     973       1.3311
     974       1.3170
     975       1.3349
     976       1.3553
     977       1.3876
     978       1.3507
     979       1.4081
     980       1.3370
     981       1.3788
     982       1.3884
     983       1.4219
     984       1.4210
     985       1.4104
     986       1.3147
     987       1.3334
     988       1.3446
     989       1.3056
     990       1.2921
     991       1.3488
     992       1.3992
     993       1.3736
     994       1.3503
     995       1.3702
     996       1.4823
     997       1.4156
     998       1.3229
     999       1.3294
    1000       1.3529
    1001       1.2701
    1002       1.3153
    1003       1.2768
    1004       1.2779
    1005       1.2459
    1006       1.3053
    1007       1.2742
    1008       1.3476
    1009       1.4028
    1010       1.3825
    1011       1.3586
    1012       1.3057
    1013       1.3416
    1014       1.4211
    1015       1.3431
    1016       1.2621
    1017       1.2477
    1018       1.2147
    1019       1.2622
    1020       1.3664
    1021       1.2525
    1022       1.2524
    1023       1.2193
    1024       1.3217
    1025       1.3131
    1026       1.2278
    1027       1.2116
    1028       1.2331
    1029       1.2684
    1030       1.3163
    1031       1.2933
    1032       1.2233
    1033       1.3204
    1034       1.2281
    1035       1.3385
    1036       1.3476
    1037       1.3472
    1038       1.3321
    1039       1.3122
    1040       1.3128
    1041       1.2867
    1042       1.2613
    1043       1.2750
    1044       1.2646
    1045       1.2900
    1046       1.2614
    1047       1.1764
    1048       1.2224
    1049       1.2076
    1050       1.2243
    1051       1.2292
    1052       1.2376
    1053       1.2361
    1054       1.2251
    1055       1.1531
    1056       1.2091
    1057       1.1919
    1058       1.2106
    1059       1.1630
    1060       1.1938
    1061       1.2203
    1062       1.2045
    1063       1.2263
    1064       1.3151
    1065       1.2778
    1066       1.3111
    1067       1.3162
    1068       1.3644
    1069       1.3467
    1070       1.3183
    1071       1.3744
    1072       1.3277
    1073       1.2786
    1074       1.2928
    1075       1.4069
    1076       1.4522
    1077       1.4422
    1078       1.4171
    1079       1.3551
    1080       1.2983
    1081       1.4033
    1082       1.3253
    1083       1.3527
    1084       1.3483
    1085       1.2758
    1086       1.3102
    1087       1.3138
    1088       1.3795
    1089       1.3715
    1090       1.4459
    1091       1.4281
    1092       1.3969
    1093       1.4773
    1094       1.3873
    1095       1.3124
    1096       1.4494
    1097       1.4444
    1098       1.3206
    1099       1.2978
    1100       1.2889
    1101       1.2347
    1102       1.2263
    1103       1.3446
    1104       1.3697
    1105       1.4295
    1106       1.3967
    1107       1.3447
    1108       1.3789
    1109       1.4302
    1110       1.4822
    1111       1.4305
    1112       1.4166
    1113       1.4583
    1114       1.4580
    1115       1.4069
    1116       1.4077
    1117       1.5138
    1118       1.4837
    1119       1.5585
    1120       1.3742
    1121       1.3959
    1122       1.4555
    1123       1.4374
    1124       1.4445
    1125       1.4059
    1126       1.4478
    1127       1.4248
    1128       1.2985
    1129       1.3555
    1130       1.3685
    1131       1.2963
    1132       1.2217
    1133       1.2192
    1134       1.2697
    1135       1.3218
    1136       1.2895
    1137       1.2463
    1138       1.2942
    1139       1.2681
    1140       1.3444
    1141       1.3642
    1142       1.3657
    1143       1.3459
    1144       1.3903
    1145       1.4135
    1146       1.4958
    1147       1.4262
    1148       1.4922
    1149       1.4143
    1150       1.4100
    1151       1.3468
    1152       1.3095
    1153       1.3434
    1154       1.3698
    1155       1.3391
    1156       1.3809
    1157       1.3855
    1158       1.3710
    1159       1.4526
    1160       1.4667
    1161       1.3486
    1162       1.3656
    1163       1.3839
    1164       1.3773
    1165       1.3707
    1166       1.3475
    1167       1.3280
    1168       1.3522
    1169       1.3829
    1170       1.4367
    1171       1.4001
    1172       1.4403
    1173       1.4459
    1174       1.3958
    1175       1.4264
    1176       1.4780
    1177       1.4681
    1178       1.4956
    1179       1.4628
    1180       1.4544
    1181       1.4196
    1182       1.4080
    1183       1.4018
    1184       1.3908
    1185       1.4482
    1186       1.4497
    1187       1.3453
    1188       1.3776
    1189       1.2687
    1190       1.4119
    1191       1.3975
    1192       1.3953
    1193       1.4363
    1194       1.4323
    1195       1.4432
    1196       1.4524
    1197       1.4250
    1198       1.5054
    1199       1.4987
    1200       1.4187
    1201       1.3983
    1202       1.4827
    1203       1.4666
    1204       1.5208
    1205       1.5148
    1206       1.4292
    1207       1.4754
    1208       1.4254
    1209       1.3150
    1210       1.2941
    1211       1.3086
    1212       1.3371
    1213       1.2949
    1214       1.2640
    1215       1.3399
    1216       1.3662
    1217       1.4046
    1218       1.3840
    1219       1.3927
    1220       1.3827
    1221       1.4068
    1222       1.3739
    1223       1.4290
    1224       1.4886
    1225       1.5169
    1226       1.5132
    1227       1.4070
    1228       1.4462
    1229       1.4897
    1230       1.4557
    1231       1.4583
    1232       1.4584
    1233       1.4296
    1234       1.5231
    1235       1.5194
    1236       1.4739
    1237       1.4184
    1238       1.4319
    1239       1.4068
    1240       1.3849
    1241       1.4122
    1242       1.3700
    1243       1.5204
    1244       1.5749
    1245       1.5691
    1246       1.6117
    1247       1.6335
    1248       1.6540
    1249       1.6402
    1250       1.5557
    1251       1.4560
    1252       1.4220
    1253       1.4284
    1254       1.4841
    1255       1.4555
    1256       1.4314
    1257       1.5125
    1258       1.4701
    1259       1.4713
    1260       1.5052
    1261       1.5024
    1262       1.5392
    1263       1.4948
    1264       1.3616
    1265       1.3712
    1266       1.3257
    1267       1.3762
    1268       1.3748
    1269       1.4223
    1270       1.4241
    1271       1.4523
    1272       1.3965
    1273       1.4013
    1274       1.4571
    1275       1.4304
    1276       1.4610
    1277       1.4388
    1278       1.3988
    1279       1.3678
    1280       1.3882
    1281       1.3472
    1282       1.3797
    1283       1.3474
    1284       1.3275
    1285       1.3375
    1286       1.3409
    1287       1.3175
    1288       1.2914
    1289       1.3261
    1290       1.3479
    1291       1.2948
    1292       1.2536
    1293       1.2631
    1294       1.2699
    1295       1.3073
    1296       1.2928
    1297       1.3744
    1298       1.3536
    1299       1.2919
    1300       1.2897
    1301       1.3209
    1302       1.3933
    1303       1.4004
    1304       1.3330
    1305       1.4125
    1306       1.3644
    1307       1.3511
    1308       1.3657
    1309       1.4152
    1310       1.3129
    1311       1.3380
    1312       1.3008
    1313       1.3957
    1314       1.3172
    1315       1.3700
    1316       1.3135
    1317       1.2570
    1318       1.2821
    1319       1.2978
    1320       1.4377
    1321       1.3704
    1322       1.3382
    1323       1.3755
    1324       1.3185
    1325       1.3494
    1326       1.3005
    1327       1.2480
    1328       1.2369
    1329       1.3096
    1330       1.2989
    1331       1.2938
    1332       1.3161
    1333       1.3636
    1334       1.3991
    1335       1.3510
    1336       1.4304
    1337       1.3821
    1338       1.4180
    1339       1.4558
    1340       1.4123
    1341       1.3923
    1342       1.4034
    1343       1.3933
    1344       1.3777
    1345       1.3702
    1346       1.3381
    1347       1.4089
    1348       1.3079
    1349       1.3247
    1350       1.3645
    1351       1.3345
    1352       1.3507
    1353       1.3473
    1354       1.4176
    1355       1.3522
    1356       1.4082
    1357       1.3439
    1358       1.3145
    1359       1.3378
    1360       1.3080
    1361       1.3153
    1362       1.2931
    1363       1.2973
    1364       1.2594
    1365       1.2509
    1366       1.2863
    1367       1.3545
    1368       1.3364
    1369       1.3378
    1370       1.3503
    1371       1.4175
    1372       1.3400
    1373       1.4316
    1374       1.4077
    1375       1.4375
    1376       1.3793
    1377       1.3486
    1378       1.4033
    1379       1.3266
    1380       1.3172
    1381       1.4148
    1382       1.3454
    1383       1.3173
    1384       1.3090
    1385       1.3039
    1386       1.3275
    1387       1.3215
    1388       1.3883
    1389       1.4184
    1390       1.3246
    1391       1.3861
    1392       1.4337
    1393       1.3616
    1394       1.3374
    1395       1.3878
    1396       1.3415
    1397       1.3347
    1398       1.3028
    1399       1.3122
    1400       1.3634
    1401       1.3561
    1402       1.3962
    1403       1.3899
    1404       1.3560
    1405       1.3845
    1406       1.3678
    1407       1.4095
    1408       1.3956
    1409       1.3486
    1410       1.4592
    1411       1.4978
    1412       1.4904
    1413       1.4876
    1414       1.4342
    1415       1.4606
    1416       1.4564
    1417       1.4682
    1418       1.4292
    1419       1.4231
    1420       1.4299
    1421       1.4311
    1422       1.4006
    1423       1.3877
    1424       1.3807
    1425       1.4058
    1426       1.3515
    1427       1.3252
    1428       1.3073
    1429       1.3310
    1430       1.2807
    1431       1.3040
    1432       1.3084
    1433       1.2751
    1434       1.3389
    1435       1.3472
    1436       1.2551
    1437       1.2940
    1438       1.3207
    1439       1.4051
    1440       1.3888
    1441       1.3821
    1442       1.5049
    1443       1.4781
    1444       1.4262
    1445       1.4036
    1446       1.4281
    1447       1.4562
    1448       1.4744
    1449       1.4370
    1450       1.4487
    1451       1.4293
    1452       1.5273
    1453       1.5617
    1454       1.6159
    1455       1.5362
    1456       1.6684
    1457       1.7511
    1458       1.6463
    1459       1.6511
    1460       1.6509
    1461       1.6531
    1462       1.6424
    1463       1.6264
    1464       1.6628
    1465       1.6506
    1466       1.6001
    1467       1.6942
    1468       1.5658
    1469       1.6357
    1470       1.5760
    1471       1.5377
    1472       1.5095
    1473       1.4704
    1474       1.4655
    1475       1.4510
    1476       1.4702
    1477       1.5069
    1478       1.5127
    1479       1.5620
    1480       1.4716
    1481       1.5679
    1482       1.5809
    1483       1.5651
    1484       1.5670
    1485       1.5234
    1486       1.5340
    1487       1.4732
    1488       1.5228
    1489       1.5769
    1490       1.5593
    1491       1.6675
    1492       1.5775
    1493       1.5865
    1494       1.5368
    1495       1.5378
    1496       1.5147
    1497       1.4886
    1498       1.4387
    1499       1.5241
    1500       1.5259
    1501       1.4612
    1502       1.5217
    1503       1.5760
    1504       1.5897
    1505       1.5359
    1506       1.5531
    1507       1.5466
    1508       1.4738
    1509       1.4638
    1510       1.4046
    1511       1.4203
    1512       1.4864
    1513       1.5113
    1514       1.4190
    1515       1.3632
    1516       1.3550
    1517       1.3227
    1518       1.3530
    1519       1.3314
    1520       1.3717
    1521       1.3411
    1522       1.3297
    1523       1.2831
    1524       1.3425
    1525       1.3129
    1526       1.2646
    1527       1.3119
    1528       1.3023
    1529       1.2379
    1530       1.3210
    1531       1.2945
    1532       1.2762
    1533       1.2118
    1534       1.2181
    1535       1.1827
    1536       1.2174
    1537       1.2176
    1538       1.1707
    1539       1.2454
    1540       1.1048
    1541       1.1458
    1542       1.0899
    1543       1.1647
    1544       1.1724
    1545       1.1877
    1546       1.1930
    1547       1.1148
    1548       1.1354
    1549       1.1070
    1550       1.2708
    1551       1.1478
    1552       1.1615
    1553       1.2069
    1554       1.2115
    1555       1.2320
    1556       1.2645
    1557       1.2743
    1558       1.2913
    1559       1.1878
    1560       1.2226
    1561       1.2891
    1562       1.2349
    1563       1.2130
    1564       1.3016
    1565       1.2940
    1566       1.2955
    1567       1.3534
    1568       1.3317
    1569       1.3536
    1570       1.3786
    1571       1.2573
    1572       1.3196
    1573       1.3281
    1574       1.3348
    1575       1.3510
    1576       1.3247
    1577       1.2841
    1578       1.2442
    1579       1.2053
    1580       1.2185
    1581       1.3354
    1582       1.3087
    1583       1.2442
    1584       1.2969
    1585       1.3415
    1586       1.3117
    1587       1.4136
    1588       1.3153
    1589       1.3062
    1590       1.3364
    1591       1.3256
    1592       1.2974
    1593       1.3367
    1594       1.2996
    1595       1.2706
    1596       1.3338
    1597       1.2597
    1598       1.3062
    1599       1.2472
    1600       1.2605
    1601       1.3046
    1602       1.3261
    1603       1.2784
    1604       1.2914
    1605       1.2716
    1606       1.3093
    1607       1.2551
    1608       1.3020
    1609       1.2417
    1610       1.2885
    1611       1.2777
    1612       1.3509
    1613       1.3720
    1614       1.3491
    1615       1.3963
    1616       1.4458
    1617       1.4073
    1618       1.3973
    1619       1.3870
    1620       1.3529
    1621       1.2905
    1622       1.2665
    1623       1.3063
    1624       1.3222
    1625       1.3766
    1626       1.3399
    1627       1.3822
    1628       1.3112
    1629       1.3273
    1630       1.2721
    1631       1.3458
    1632       1.2534
    1633       1.3842
    1634       1.3730
    1635       1.3503
    1636       1.3364
    1637       1.3136
    1638       1.3330
    1639       1.3148
    1640       1.3291
    1641       1.3753
    1642       1.3550
    1643       1.3423
    1644       1.3333
    1645       1.3263
    1646       1.3026
    1647       1.2129
    1648       1.2353
    1649       1.2523
    1650       1.2633
    1651       1.2336
    1652       1.2180
    1653       1.2496
    1654       1.3200
    1655       1.3043
    1656       1.3278
    1657       1.3357
    1658       1.3980
    1659       1.3438
    1660       1.3967
    1661       1.3609
    1662       1.3921
    1663       1.2994
    1664       1.2920
    1665       1.2819
    1666       1.2702
    1667       1.2823
    1668       1.2482
    1669       1.2516
    1670       1.2593
    1671       1.2958
    1672       1.2700
    1673       1.3035
    1674       1.3221
    1675       1.3358
    1676       1.3769
    1677       1.3379
    1678       1.2379
    1679       1.2307
    1680       1.3295
    1681       1.3049
    1682       1.2960
    1683       1.2764
    1684       1.2636
    1685       1.2646
    1686       1.2493
    1687       1.2048
    1688       1.2240
    1689       1.2767
    1690       1.2792
    1691       1.2537
    1692       1.1724
    1693       1.2072
    1694       1.2383
    1695       1.2851
    1696       1.2140
    1697       1.2268
    1698       1.2380
    1699       1.2453
    1700       1.2533
    1701       1.2151
    1702       1.3106
    1703       1.2562
    1704       1.2419
    1705       1.2026
    1706       1.2466
    1707       1.2062
    1708       1.1934
    1709       1.2359
    1710       1.2097
    1711       1.1667
    1712       1.1971
    1713       1.2133
    1714       1.2479
    1715       1.1773
    1716       1.1658
    1717       1.1849
    1718       1.1541
    1719       1.1226
    1720       1.1473
    1721       1.1533
    1722       1.1413
    1723       1.1801
    1724       1.1757
    1725       1.2566
    1726       1.2432
    1727       1.2710
    1728       1.1515
    1729       1.2370
    1730       1.2168
    1731       1.1845
    1732       1.1990
    1733       1.2273
    1734       1.2467
    1735       1.1989
    1736       1.2418
    1737       1.2994
    1738       1.2290
    1739       1.2218
    1740       1.2409
    1741       1.2450
    1742       1.1937
    1743       1.2603
    1744       1.3055
    1745       1.3066
    1746       1.4463
    1747       1.3173
    1748       1.3091
    1749       1.2966
    1750       1.3008
    1751       1.2655
    1752       1.3012
    1753       1.2454
    1754       1.2430
    1755       1.2623
    1756       1.2470
    1757       1.2141
    1758       1.2441
    1759       1.1861
    1760       1.1532
    1761       1.2008
    1762       1.1324
    1763       1.1822
    1764       1.1749
    1765       1.1464
    1766       1.1897
    1767       1.1932
    1768       1.2155
    1769       1.2955
    1770       1.2728
    1771       1.1844
    1772       1.2247
    1773       1.2472
    1774       1.2752
    1775       1.2435
    1776       1.2338
    1777       1.2913
    1778       1.2875
    1779       1.2040
    1780       1.2860
    1781       1.2705
    1782       1.2953
    1783       1.3159
    1784       1.2858
    1785       1.3092
    1786       1.2986
    1787       1.2781
    1788       1.3487
    1789       1.3277
    1790       1.2819
    1791       1.3643
    1792       1.3417
    1793       1.2932
    1794       1.3324
    1795       1.3403
    1796       1.3475
    1797       1.3529
    1798       1.4040
    1799       1.3258
    1800       1.2947
    1801       1.2706
    1802       1.3025
    1803       1.2889
    1804       1.2724
    1805       1.2382
    1806       1.2855
    1807       1.3186
    1808       1.2453
    1809       1.2709
    1810       1.3106
    1811       1.2437
    1812       1.2744
    1813       1.1932
    1814       1.2767
    1815       1.2902
    1816       1.2340
    1817       1.2792
    1818       1.2347
    1819       1.2479
    1820       1.2651
    1821       1.2423
    1822       1.1974
    1823       1.2306
    1824       1.3166
    1825       1.2443
    1826       1.2013
    1827       1.2167
    1828       1.1774
    1829       1.2044
    1830       1.1828
    1831       1.1471
    1832       1.1496
    1833       1.1694
    1834       1.1814
    1835       1.1798
    1836       1.1591
    1837       1.2242
    1838       1.2187
    1839       1.2167
    1840       1.2984
    1841       1.3333
    1842       1.2755
    1843       1.3477
    1844       1.3377
    1845       1.2821
    1846       1.3143
    1847       1.2636
    1848       1.3002
    1849       1.2120
    1850       1.2786
    1851       1.2923
    1852       1.3771
    1853       1.3545
    1854       1.3387
    1855       1.3611
    1856       1.3998
    1857       1.3144
    1858       1.3245
    1859       1.2380
    1860       1.2441
    1861       1.2528
    1862       1.2416
    1863       1.2973
    1864       1.2960
    1865       1.2545
    1866       1.2778
    1867       1.2556
    1868       1.1746
    1869       1.2469
    1870       1.3196
    1871       1.3288
    1872       1.2537
    1873       1.3502
    1874       1.3563
    1875       1.3836
    1876       1.4794
    1877       1.4178
    1878       1.4817
    1879       1.3628
    1880       1.3401
    1881       1.3126
    1882       1.2778
    1883       1.2565
    1884       1.2813
    1885       1.2498
    1886       1.3099
    1887       1.3205
    1888       1.2808
    1889       1.3651
    1890       1.3505
    1891       1.3710
    1892       1.4367
    1893       1.4609
    1894       1.4826
    1895       1.5457
    1896       1.5538
    1897       1.5097
    1898       1.4131
    1899       1.3713
    1900       1.4377
    1901       1.3467
    1902       1.2513
    1903       1.3315
    1904       1.3180
    1905       1.3364
    1906       1.3220
    1907       1.2824
    1908       1.3461
    1909       1.3646
    1910       1.2955
    1911       1.2764
    1912       1.1545
    1913       1.2447
    1914       1.1420
    1915       1.0856
    1916       1.1498
    1917       1.2601
    1918       1.2320
    1919       1.2179
    1920       1.2223
    1921       1.2513
    1922       1.3656
    1923       1.4125
    1924       1.2888
    1925       1.3072
    1926       1.3821
    1927       1.3562
    1928       1.3748
    1929       1.3262
    1930       1.3290
    1931       1.2930
    1932       1.3058
    1933       1.2623
    1934       1.3062
    1935       1.3367
    1936       1.3375
    1937       1.2913
    1938       1.2355
    1939       1.2099
    1940       1.2650
    1941       1.3326
    1942       1.3121
    1943       1.4160
    1944       1.4856
    1945       1.3468
    1946       1.3508
    1947       1.3252
    1948       1.3133
    1949       1.3028
    1950       1.3542
    1951       1.3239
    1952       1.3192
    1953       1.3656
    1954       1.3421
    1955       1.3443
    1956       1.3230
    1957       1.2483
    1958       1.2416
    1959       1.3079
    1960       1.2966
    1961       1.3059
    1962       1.2271
    1963       1.2754
    1964       1.2659
    1965       1.1664
    1966       1.2252
    1967       1.3096
    1968       1.2924
    1969       1.2703
    1970       1.2657
    1971       1.1949
    1972       1.2054
    1973       1.2620
    1974       1.2849
    1975       1.2317
    1976       1.2849
    1977       1.2803
    1978       1.2593
    1979       1.2248
    1980       1.2974
    1981       1.3037
    1982       1.2865
    1983       1.3065
    1984       1.1796
    1985       1.2232
    1986       1.2211
    1987       1.2036
    1988       1.1866
    1989       1.2507
    1990       1.3357
    1991       1.2950
    1992       1.2527
    1993       1.3115
    1994       1.1375
    1995       1.1958
    1996       1.1340
    1997       1.1244
    1998       1.1595
    1999       1.2029
    2000       1.2143
    2001       1.1822
    2002       1.1595
    2003       1.2161
    2004       1.2422
    2005       1.2649
    2006       1.1898
    2007       1.2024
    2008       1.1643
    2009       1.1451
    2010       1.1364
    2011       1.1439
    2012       1.1325
    2013       1.1250
    2014       1.2089
    2015       1.2432
    2016       1.2583
    2017       1.3142
    2018       1.2260
    2019       1.2125
    2020       1.2741
    2021       1.2152
    2022       1.2262
    2023       1.2027
    2024       1.1156
    2025       1.1627
    2026       1.1455
    2027       1.1996
    2028       1.2280
    2029       1.1796
    2030       1.2050
    2031       1.2565
    2032       1.2081
    2033       1.1693
    2034       1.2039
    2035       1.1382
    2036       1.1533
    2037       1.1069
    2038       1.1536
    2039       1.1376
    2040       1.0955
    2041       1.1403
    2042       1.1128
    2043       1.0835
    2044       1.0821
    2045       1.0374
    2046       1.0293
    2047       1.0592
    2048       1.0448
    2049       1.0884
    2050       1.0789
    2051       1.1184
    2052       1.1351
    2053       1.0765
    2054       1.0384
    2055       1.1249
    2056       1.1295
    2057       1.1194
    2058       1.1197
    2059       1.1111
    2060       1.1359
    2061       1.1065
    2062       1.0933
    2063       1.1979
    2064       1.1237
    2065       1.0865
    2066       1.1556
    2067       1.1547
    2068       1.1420
    2069       1.1806
    2070       1.1354
    2071       1.1449
    2072       1.1581
    2073       1.0788
    2074       1.1540
    2075       1.1324
    2076       1.1339
    2077       1.1216
    2078       1.1691
    2079       1.1863
    2080       1.1074
    2081       1.1905
    2082       1.1610
    2083       1.2203
    2084       1.1729
    2085       1.2223
    2086       1.2161
    2087       1.1936
    2088       1.2483
    2089       1.2068
    2090       1.3045
    2091       1.3011
    2092       1.1770
    2093       1.2190
    2094       1.1824
    2095       1.2205
    2096       1.1579
    2097       1.1989
    2098       1.2056
    2099       1.2179
    2100       1.2366
    2101       1.2896
    2102       1.2831
    2103       1.2861
    2104       1.2418
    2105       1.2647
    2106       1.2325
    2107       1.3070
    2108       1.3395
    2109       1.2871
    2110       1.3050
    2111       1.2691
    2112       1.2268
    2113       1.2501
    2114       1.2697
    2115       1.2575
    2116       1.2036
    2117       1.1533
    2118       1.1727
    2119       1.1923
    2120       1.2440
    2121       1.2766
    2122       1.2898
    2123       1.2365
    2124       1.2627
    2125       1.2448
    2126       1.3149
    2127       1.2868
    2128       1.2357
    2129       1.1734
    2130       1.2341
    2131       1.2515
    2132       1.2763
    2133       1.2451
    2134       1.1897
    2135       1.1655
    2136       1.1983
    2137       1.1949
    2138       1.1900
    2139       1.1845
    2140       1.2088
    2141       1.2335
    2142       1.2814
    2143       1.2406
    2144       1.2672
    2145       1.2866
    2146       1.3007
    2147       1.3031
    2148       1.2552
    2149       1.2793
    2150       1.2741
    2151       1.2227
    2152       1.3101
    2153       1.2786
    2154       1.2329
    2155       1.3127
    2156       1.2991
    2157       1.3201
    2158       1.2392
    2159       1.3825
    2160       1.4004
    2161       1.3301
    2162       1.4125
    2163       1.3780
    2164       1.3700
    2165       1.3525
    2166       1.3629
    2167       1.3511
    2168       1.3287
    2169       1.3790
    2170       1.4186
    2171       1.4013
    2172       1.3581
    2173       1.2863
    2174       1.2257
    2175       1.3159
    2176       1.3030
    2177       1.2817
    2178       1.2949
    2179       1.3808
    2180       1.4203
    2181       1.3703
    2182       1.3670
    2183       1.3151
    2184       1.2545
    2185       1.2803
    2186       1.2852
    2187       1.4007
    2188       1.3582
    2189       1.3406
    2190       1.3037
    2191       1.3201
    2192       1.3287
    2193       1.2761
    2194       1.3328
    2195       1.2541
    2196       1.2440
    2197       1.2322
    2198       1.2630
    2199       1.2667
    2200       1.3076
    2201       1.3554
    2202       1.2450
    2203       1.2983
    2204       1.2723
    2205       1.3054
    2206       1.2924
    2207       1.3291
    2208       1.3159
    2209       1.3288
    2210       1.2922
    2211       1.3692
    2212       1.2741
    2213       1.2860
    2214       1.2841
    2215       1.3073
    2216       1.3433
    2217       1.3577
    2218       1.2807
    2219       1.2852
    2220       1.3419
    2221       1.3283
    2222       1.3065
    2223       1.2513
    2224       1.3484
    2225       1.3263
    2226       1.3660
    2227       1.2981
    2228       1.3554
    2229       1.3285
    2230       1.2354
    2231       1.2327
    2232       1.1865
    2233       1.2855
    2234       1.3337
    2235       1.2589
    2236       1.3281
    2237       1.3685
    2238       1.3218
    2239       1.3849
    2240       1.3597
    2241       1.3348
    2242       1.2922
    2243       1.3396
    2244       1.2450
    2245       1.2614
    2246       1.2835
    2247       1.2238
    2248       1.2889
    2249       1.2763
    2250       1.3130
    2251       1.2905
    2252       1.2745
    2253       1.2915
    2254       1.3352
    2255       1.2801
    2256       1.2612
    2257       1.2861
    2258       1.2882
    2259       1.3319
    2260       1.3423
    2261       1.2937
    2262       1.2903
    2263       1.3268
    2264       1.3141
    2265       1.3542
    2266       1.3602
    2267       1.3624
    2268       1.2671
    2269       1.2329
    2270       1.2848
    2271       1.2876
    2272       1.2451
    2273       1.2790
    2274       1.2285
    2275       1.2623
    2276       1.2771
    2277       1.2303
    2278       1.2489
    2279       1.2671
    2280       1.3141
    2281       1.3574
    2282       1.3671
    2283       1.3416
    2284       1.2836
    2285       1.2741
    2286       1.2874
    2287       1.2991
    2288       1.2784
    2289       1.2727
    2290       1.3225
    2291       1.3397
    2292       1.3033
    2293       1.2813
    2294       1.3025
    2295       1.2082
    2296       1.1884
    2297       1.2742
    2298       1.2806
    2299       1.2160
    2300       1.3282
    2301       1.2245
    2302       1.3083
    2303       1.2389
    2304       1.2008
    2305       1.1780
    2306       1.1808
    2307       1.1737
    2308       1.1947
    2309       1.1903
    2310       1.2361
    2311       1.1829
    2312       1.2309
    2313       1.2492
    2314       1.2669
    2315       1.3292
    2316       1.3575
    2317       1.3537
    2318       1.3482
    2319       1.3597
    2320       1.4187
    2321       1.4729
    2322       1.4216
    2323       1.3921
    2324       1.4237
    2325       1.4609
    2326       1.3995
    2327       1.3171
    2328       1.4105
    2329       1.3938
    2330       1.3799
    2331       1.3671
    2332       1.3596
    2333       1.4483
    2334       1.4304
    2335       1.5197
    2336       1.4609
    2337       1.4093
    2338       1.3442
    2339       1.3103
    2340       1.3642
    2341       1.3298
    2342       1.2462
    2343       1.2576
    2344       1.2348
    2345       1.3850
    2346       1.4051
    2347       1.4168
    2348       1.4201
    2349       1.4144
    2350       1.3656
    2351       1.3758
    2352       1.3589
    2353       1.4107
    2354       1.3351
    2355       1.2583
    2356       1.3073
    2357       1.3496
    2358       1.3881
    2359       1.3826
    2360       1.3515
    2361       1.3780
    2362       1.3625
    2363       1.3848
    2364       1.4241
    2365       1.4516
    2366       1.3165
    2367       1.2807
    2368       1.2843
    2369       1.3490
    2370       1.3673
    2371       1.4357
    2372       1.4835
    2373       1.3379
    2374       1.3423
    2375       1.3389
    2376       1.3046
    2377       1.2955
    2378       1.2650
    2379       1.2286
    2380       1.2264
    2381       1.3219
    2382       1.2666
    2383       1.2375
    2384       1.2485
    2385       1.3305
    2386       1.2626
    2387       1.2000
    2388       1.2110
    2389       1.2100
    2390       1.2305
    2391       1.3199
    2392       1.3418
    2393       1.3216
    2394       1.3214
    2395       1.3486
    2396       1.2810
    2397       1.2845
    2398       1.3081
    2399       1.2848
    2400       1.2881
    2401       1.2902
    2402       1.2321
    2403       1.2731
    2404       1.3391
    2405       1.3650
    2406       1.3626
    2407       1.3666
    2408       1.3155
    2409       1.3366
    2410       1.3539
    2411       1.3361
    2412       1.2535
    2413       1.3214
    2414       1.2819
    2415       1.3189
    2416       1.2428
    2417       1.1911
    2418       1.1425
    2419       1.2142
    2420       1.2668
    2421       1.3318
    2422       1.3469
    2423       1.2475
    2424       1.2592
    2425       1.2993
    2426       1.3004
    2427       1.2342
    2428       1.2487
    2429       1.2516
    2430       1.2323
    2431       1.3199
    2432       1.3553
    2433       1.2959
    2434       1.3780
    2435       1.3252
    2436       1.4037
    2437       1.4298
    2438       1.3528
    2439       1.3516
    2440       1.3369
    2441       1.3820
    2442       1.4180
    2443       1.4143
    2444       1.3766
    2445       1.4532
    2446       1.5303
    2447       1.4972
    2448       1.4375
    2449       1.3999
    2450       1.4087
    2451       1.4988
    2452       1.5262
    2453       1.5063
    2454       1.5050
    2455       1.3879
    2456       1.4517
    2457       1.4465
    2458       1.5057
    2459       1.4958
    2460       1.5153
    2461       1.5406
    2462       1.4911
    2463       1.4783
    2464       1.4343
    2465       1.4227
    2466       1.4630
    2467       1.3707
    2468       1.3505
    2469       1.4439
    2470       1.4734
    2471       1.4412
    2472       1.5138
    2473       1.5945
    2474       1.6047
    2475       1.6829
    2476       1.7032
    2477       1.7012
    2478       1.5569
    2479       1.5672
    2480       1.5930
    2481       1.5063
    2482       1.3958
    2483       1.4096
    2484       1.4422
    2485       1.3572
    2486       1.4457
    2487       1.3701
    2488       1.3932
    2489       1.4560
    2490       1.4564
    2491       1.5065
    2492       1.4842
    2493       1.3423
    2494       1.3564
    2495       1.3819
    2496       1.3653
    2497       1.3422
    2498       1.2720
    2499       1.3352
    2500       1.2456
    2501       1.3077
    2502       1.3035
    2503       1.2760
    2504       1.2294
    2505       1.2554
    2506       1.3140
    2507       1.3032
    2508       1.2774
    2509       1.2423
    2510       1.1746
    2511       1.2547
    2512       1.2476
    2513       1.2579
    2514       1.3208
    2515       1.2923
    2516       1.2822
    2517       1.2993
    2518       1.2033
    2519       1.2276
    2520       1.2002
    2521       1.2121
    2522       1.2996
    2523       1.2488
    2524       1.2671
    2525       1.3066
    2526       1.3214
    2527       1.3593
    2528       1.3784
    2529       1.3337
    2530       1.3187
    2531       1.2904
    2532       1.2606
    2533       1.3701
    2534       1.3629
    2535       1.2831
    2536       1.2311
    2537       1.3078
    2538       1.2458
    2539       1.2344
    2540       1.2467
    2541       1.2336
    2542       1.2314
    2543       1.1989
    2544       1.2044
    2545       1.2537
    2546       1.2763
    2547       1.3307
    2548       1.3874
    2549       1.5044
    2550       1.4953
    2551       1.4981
    2552       1.4367
    2553       1.4342
    2554       1.4469
    2555       1.4265
    2556       1.4608
    2557       1.3938
    2558       1.3828
    2559       1.4559
    2560       1.4182
    2561       1.3010
    2562       1.3472
    2563       1.3325
    2564       1.3026
    2565       1.4257
    2566       1.3978
    2567       1.3321
    2568       1.2725
    2569       1.2926
    2570       1.2508
    2571       1.1978
    2572       1.2365
    2573       1.2679
    2574       1.2570
    2575       1.2406
    2576       1.2715
    2577       1.3248
    2578       1.3315
    2579       1.4297
    2580       1.4762
    2581       1.5680
    2582       1.4400
    2583       1.3819
    2584       1.3915
    2585       1.4458
    2586       1.4001
    2587       1.3338
    2588       1.3383
    2589       1.2875
    2590       1.3621
    2591       1.4147
    2592       1.4468
    2593       1.3972
    2594       1.3688
    2595       1.3903
    2596       1.3828
    2597       1.3633
    2598       1.3625
    2599       1.3736
    2600       1.3345
    2601       1.3198
    2602       1.3276
    2603       1.2774
    2604       1.3623
    2605       1.3215
    2606       1.2883
    2607       1.2777
    2608       1.3225
    2609       1.3793
    2610       1.3679
    2611       1.3932
    2612       1.3618
    2613       1.4703
    2614       1.4795
    2615       1.5207
    2616       1.5140
    2617       1.4094
    2618       1.4267
    2619       1.4362
    2620       1.4839
    2621       1.5192
    2622       1.5720
    2623       1.5752
    2624       1.5546
    2625       1.4904
    2626       1.4367
    2627       1.4057
    2628       1.3879
    2629       1.4006
    2630       1.4006
    2631       1.3935
    2632       1.3474
    2633       1.4200
    2634       1.3459
    2635       1.4072
    2636       1.3105
    2637       1.2711
    2638       1.3401
    2639       1.3442
    2640       1.3861
    2641       1.3290
    2642       1.3270
    2643       1.2642
    2644       1.2976
    2645       1.3069
    2646       1.3267
    2647       1.4249
    2648       1.4431
    2649       1.4620
    2650       1.4844
    2651       1.4073
    2652       1.4860
    2653       1.4490
    2654       1.3959
    2655       1.4123
    2656       1.4142
    2657       1.3787
    2658       1.4946
    2659       1.4262
    2660       1.3757
    2661       1.3988
    2662       1.4440
    2663       1.4511
    2664       1.4726
    2665       1.3231
    2666       1.3985
    2667       1.3104
    2668       1.3094
    2669       1.2814
    2670       1.3012
    2671       1.3006
    2672       1.3826
    2673       1.4117
    2674       1.3067
    2675       1.3458
    2676       1.3794
    2677       1.3882
    2678       1.3319
    2679       1.3146
    2680       1.3948
    2681       1.3686
    2682       1.4366
    2683       1.3749
    2684       1.3777
    2685       1.3864
    2686       1.3767
    2687       1.3797
    2688       1.4386
    2689       1.4039
    2690       1.4254
    2691       1.4639
    2692       1.4880
    2693       1.4969
    2694       1.4501
    2695       1.4427
    2696       1.4632
    2697       1.3825
    2698       1.3602
    2699       1.3343
    2700       1.3638
    2701       1.3627
    2702       1.3445
    2703       1.3793
    2704       1.3347
    2705       1.3506
    2706       1.4019
    2707       1.3515
    2708       1.3466
    2709       1.4136
    2710       1.4582
    2711       1.3679
    2712       1.3290
    2713       1.3350
    2714       1.3162
    2715       1.3310
    2716       1.3696
    2717       1.3464
    2718       1.3437
    2719       1.4280
    2720       1.4450
    2721       1.4068
    2722       1.4527
    2723       1.4547
    2724       1.3479
    2725       1.3155
    2726       1.3190
    2727       1.3744
    2728       1.3008
    2729       1.3720
    2730       1.3460
    2731       1.3547
    2732       1.3972
    2733       1.3585
    2734       1.3797
    2735       1.3513
    2736       1.4028
    2737       1.3563
    2738       1.3830
    2739       1.4214
    2740       1.3741
    2741       1.3642
    2742       1.4246
    2743       1.3749
    2744       1.4135
    2745       1.4060
    2746       1.3735
    2747       1.4020
    2748       1.3043
    2749       1.3538
    2750       1.3878
    2751       1.4002
    2752       1.3826
    2753       1.3128
    2754       1.2775
    2755       1.3086
    2756       1.2929
    2757       1.3451
    2758       1.3776
    2759       1.3460
    2760       1.3933
    2761       1.3843
    2762       1.3792
    2763       1.2953
    2764       1.2534
    2765       1.2837
    2766       1.2988
    2767       1.2835
    2768       1.2598
    2769       1.2555
    2770       1.2724
    2771       1.2967
    2772       1.3626
    2773       1.3174
    2774       1.3812
    2775       1.3797
    2776       1.3216
    2777       1.3297
    2778       1.4464
    2779       1.3897
    2780       1.3695
    2781       1.3251
    2782       1.3216
    2783       1.3315
    2784       1.3005
    2785       1.2708
    2786       1.2573
    2787       1.2921
    2788       1.2120
    2789       1.2759
    2790       1.2970
    2791       1.2979
    2792       1.3153
    2793       1.3211
    2794       1.2763
    2795       1.2511
    2796       1.3425
    2797       1.2874
    2798       1.2370
    2799       1.3140
    2800       1.2825
    2801       1.3574
    2802       1.2913
    2803       1.3099
    2804       1.2892
    2805       1.2777
    2806       1.2928
    2807       1.2599
    2808       1.2404
    2809       1.2684
    2810       1.2451
    2811       1.2377
    2812       1.2330
    2813       1.3005
    2814       1.2334
    2815       1.3441
    2816       1.4083
    2817       1.3606
    2818       1.3163
    2819       1.3748
    2820       1.3252
    2821       1.4108
    2822       1.3039
    2823       1.3631
    2824       1.2890
    2825       1.3296
    2826       1.3003
    2827       1.3567
    2828       1.3644
    2829       1.3206
    2830       1.3501
    2831       1.2854
    2832       1.3532
    2833       1.3410
    2834       1.3158
    2835       1.3486
    2836       1.3310
    2837       1.3968
    2838       1.3615
    2839       1.3316
    2840       1.3128
    2841       1.2016
    2842       1.1795
    2843       1.2773
    2844       1.1967
    2845       1.2430
    2846       1.2225
    2847       1.1863
    2848       1.2562
    2849       1.2455
    2850       1.2572
    2851       1.2662
    2852       1.3363
    2853       1.3121
    2854       1.3133
    2855       1.2716
    2856       1.3399
    2857       1.2992
    2858       1.2593
    2859       1.3412
    2860       1.2678
    2861       1.2909
    2862       1.3152
    2863       1.2841
    2864       1.3162
    2865       1.2676
    2866       1.2670
    2867       1.2404
    2868       1.2441
    2869       1.2419
    2870       1.2476
    2871       1.2536
    2872       1.2382
    2873       1.2791
    2874       1.2581
    2875       1.2571
    2876       1.2278
    2877       1.1825
    2878       1.2768
    2879       1.1997
    2880       1.2596
    2881       1.3231
    2882       1.2565
    2883       1.2653
    2884       1.2773
    2885       1.2407
    2886       1.2826
    2887       1.2675
    2888       1.2811
    2889       1.3003
    2890       1.3179
    2891       1.3518
    2892       1.3633
    2893       1.3248
    2894       1.2412
    2895       1.3200
    2896       1.3669
    2897       1.3022
    2898       1.3467
    2899       1.3017
    2900       1.3726
    2901       1.3571
    2902       1.3059
    2903       1.2567
    2904       1.2527
    2905       1.1989
    2906       1.2633
    2907       1.2310
    2908       1.1856
    2909       1.2365
    2910       1.1526
    2911       1.1665
    2912       1.2489
    2913       1.2740
    2914       1.3369
    2915       1.2075
    2916       1.3216
    2917       1.3524
    2918       1.2634
    2919       1.3006
    2920       1.2480
    2921       1.3157
    2922       1.3664
    2923       1.3238
    2924       1.3090
    2925       1.3930
    2926       1.3708
    2927       1.3479
    2928       1.2988
    2929       1.1201
    2930       1.1375
    2931       1.1279
    2932       1.1872
    2933       1.2011
    2934       1.1821
    2935       1.1244
    2936       1.1828
    2937       1.1842
    2938       1.1919
    2939       1.1382
    2940       1.2235
    2941       1.2196
    2942       1.2341
    2943       1.2162
    2944       1.1408
    2945       1.1668
    2946       1.2569
    2947       1.2166
    2948       1.2982
    2949       1.2447
    2950       1.2871
    2951       1.1872
    2952       1.2282
    2953       1.1707
    2954       1.1781
    2955       1.1915
    2956       1.2115
    2957       1.2797
    2958       1.2278
    2959       1.1608
    2960       1.1449
    2961       1.2099
    2962       1.2460
    2963       1.2508
    2964       1.2253
    2965       1.0988
    2966       1.1619
    2967       1.1493
    2968       1.1307
    2969       1.2079
    2970       1.2308
    2971       1.2058
    2972       1.2688
    2973       1.2259
    2974       1.2376
    2975       1.3018
    2976       1.2907
    2977       1.2821
    2978       1.1944
    2979       1.2465
    2980       1.1910
    2981       1.2392
    2982       1.2778
    2983       1.3697
    2984       1.3827
    2985       1.3571
    2986       1.3495
    2987       1.3182
    2988       1.3203
    2989       1.2731
    2990       1.2802
    2991       1.2522
    2992       1.1580
    2993       1.1893
    2994       1.0966
    2995       1.1379
    2996       1.1458
    2997       1.1775
    2998       1.1672
    2999       1.1897
    3000       1.1653
    3001       1.1868
    3002       1.1948
    3003       1.1712
    3004       1.1639
    3005       1.2129
    3006       1.2905
    3007       1.2539
    3008       1.2373
    3009       1.3755
    3010       1.3587
    3011       1.3461
    3012       1.2363
    3013       1.2826
    3014       1.2793
    3015       1.2356
    3016       1.1947
    3017       1.1461
    3018       1.1832
    3019       1.1675
    3020       1.1872
    3021       1.1910
    3022       1.2350
    3023       1.1953
    3024       1.1883
    3025       1.2859
    3026       1.2112
    3027       1.2091
    3028       1.2084
    3029       1.2525
    3030       1.2662
    3031       1.2833
    3032       1.3895
    3033       1.2886
    3034       1.3106
    3035       1.2699
    3036       1.2953
    3037       1.3234
    3038       1.2808
    3039       1.2571
    3040       1.2745
    3041       1.3853
    3042       1.4037
    3043       1.4312
    3044       1.4129
    3045       1.3126
    3046       1.3826
    3047       1.3015
    3048       1.3807
    3049       1.3763
    3050       1.3573
    3051       1.3125
    3052       1.3242
    3053       1.3894
    3054       1.3996
    3055       1.4596
    3056       1.3855
    3057       1.4314
    3058       1.5046
    3059       1.4381
    3060       1.4198
    3061       1.3187
    3062       1.2728
    3063       1.2971
    3064       1.2801
    3065       1.2272
    3066       1.3059
    3067       1.3239
    3068       1.3367
    3069       1.3120
    3070       1.2742
    3071       1.2434
    3072       1.3157
    3073       1.2799
    3074       1.2827
    3075       1.2405
    3076       1.2237
    3077       1.2769
    3078       1.1923
    3079       1.2338
    3080       1.2723
    3081       1.3152
    3082       1.2614
    3083       1.2790
    3084       1.3614
    3085       1.3902
    3086       1.3385
    3087       1.3809
    3088       1.3434
    3089       1.2466
    3090       1.2515
    3091       1.2876
    3092       1.3050
    3093       1.2965
    3094       1.2778
    3095       1.2341
    3096       1.1834
    3097       1.1257
    3098       1.1884
    3099       1.1791
    3100       1.1651
    3101       1.1674
    3102       1.1318
    3103       1.1878
    3104       1.1360
    3105       1.2032
    3106       1.1702
    3107       1.2290
    3108       1.2538
    3109       1.1898
    3110       1.2791
    3111       1.2562
    3112       1.2568
    3113       1.1903
    3114       1.2156
    3115       1.1864
    3116       1.2843
    3117       1.2401
    3118       1.2323
    3119       1.2570
    3120       1.2435
    3121       1.2873
    3122       1.2085
    3123       1.1734
    3124       1.2286
    3125       1.2522
