#Frame     RMSD_00001
       1       0.0000
       2       0.6666
       3       0.6554
       4       0.6883
       5       0.6541
       6       0.7354
       7       0.7313
       8       0.8065
       9       0.7297
      10       0.7744
      11       0.7692
      12       0.7985
      13       0.8161
      14       0.8484
      15       0.8279
      16       0.8338
      17       0.7993
      18       0.8009
      19       0.8476
      20       0.8291
      21       0.8547
      22       0.7942
      23       0.8506
      24       0.8048
      25       0.8792
      26       0.8897
      27       0.9198
      28       0.9190
      29       0.9356
      30       0.9320
      31       0.8212
      32       0.8622
      33       0.8831
      34       0.8967
      35       0.8733
      36       0.9370
      37       1.0020
      38       0.9572
      39       1.0121
      40       1.0289
      41       0.9864
      42       1.0276
      43       1.1035
      44       0.9891
      45       1.0300
      46       0.9269
      47       1.0394
      48       1.0312
      49       1.0124
      50       1.0825
      51       1.1813
      52       1.1521
      53       1.1173
      54       1.1296
      55       1.1062
      56       1.0721
      57       1.0740
      58       1.1053
      59       1.1312
      60       1.1085
      61       1.0651
      62       1.1666
      63       1.1774
      64       1.2013
      65       1.1752
      66       1.0611
      67       0.9648
      68       1.1606
      69       1.1923
      70       1.1364
      71       1.0086
      72       1.0367
      73       1.0510
      74       1.0492
      75       1.0389
      76       0.9804
      77       1.0067
      78       0.9544
      79       0.9331
      80       0.9228
      81       0.9665
      82       1.0214
      83       0.9785
      84       1.0560
      85       1.0635
      86       0.9930
      87       1.0541
      88       1.0840
      89       1.0237
      90       1.0338
      91       1.0365
      92       1.0044
      93       0.9911
      94       1.0835
      95       1.0749
      96       0.9940
      97       0.9480
      98       0.9244
      99       0.9070
     100       0.9467
     101       0.9538
     102       0.9441
     103       1.0490
     104       1.0106
     105       1.1003
     106       1.0348
     107       1.0261
     108       1.0647
     109       1.1331
     110       1.2653
     111       1.2242
     112       1.2508
     113       1.3543
     114       1.1596
     115       1.1561
     116       1.2100
     117       1.1564
     118       1.1624
     119       1.1153
     120       1.0337
     121       1.0806
     122       0.9752
     123       0.9668
     124       1.0570
     125       1.0266
     126       1.0564
     127       1.0214
     128       1.1057
     129       0.9930
     130       1.0642
     131       1.0526
     132       1.0379
     133       0.9910
     134       1.0451
     135       1.0298
     136       1.0208
     137       1.0603
     138       0.9735
     139       0.9953
     140       1.0048
     141       1.0489
     142       1.0600
     143       1.0591
     144       1.0721
     145       1.0579
     146       0.9787
     147       0.9900
     148       1.0754
     149       1.0725
     150       1.0834
     151       1.0607
     152       1.1159
     153       1.1456
     154       1.1526
     155       1.0865
     156       1.0759
     157       1.0996
     158       1.0440
     159       0.9728
     160       1.0375
     161       0.9568
     162       0.9592
     163       1.0181
     164       1.0631
     165       1.0351
     166       1.0830
     167       1.0073
     168       1.0184
     169       0.9914
     170       0.9161
     171       0.9056
     172       0.8608
     173       0.8868
     174       0.9260
     175       0.9051
     176       0.8848
     177       0.9885
     178       0.9885
     179       0.9324
     180       0.9499
     181       0.9431
     182       0.8918
     183       0.9162
     184       0.8800
     185       0.9201
     186       0.9469
     187       0.9864
     188       0.9974
     189       1.0250
     190       0.9569
     191       0.9694
     192       0.9838
     193       0.9141
     194       0.9654
     195       1.0058
     196       1.0123
     197       0.9223
     198       0.9119
     199       0.9052
     200       0.9199
     201       0.9406
     202       0.9514
     203       0.9495
     204       0.9842
     205       1.0022
     206       0.9543
     207       1.0025
     208       0.9540
     209       0.9598
     210       0.9764
     211       0.9777
     212       0.9830
     213       1.0278
     214       1.0024
     215       0.9622
     216       0.9262
     217       0.9481
     218       0.9391
     219       0.9033
     220       0.9141
     221       0.9333
     222       0.9405
     223       0.9638
     224       0.9794
     225       0.9326
     226       0.9525
     227       0.9670
     228       0.9784
     229       1.0012
     230       0.9651
     231       0.9522
     232       0.9278
     233       0.9159
     234       0.8969
     235       0.9136
     236       0.8435
     237       0.8471
     238       0.9047
     239       0.9036
     240       0.8702
     241       0.9095
     242       0.9012
     243       0.9061
     244       0.9116
     245       0.9287
     246       1.0247
     247       1.0830
     248       1.0632
     249       1.0441
     250       1.0324
     251       1.0487
     252       1.0556
     253       0.9862
     254       0.9906
     255       1.0475
     256       1.0087
     257       0.9803
     258       0.9918
     259       1.0056
     260       0.9901
     261       1.0838
     262       1.0403
     263       0.9334
     264       0.9591
     265       0.9481
     266       0.9362
     267       0.8911
     268       0.9709
     269       0.9407
     270       0.9386
     271       0.9695
     272       0.9691
     273       0.9307
     274       0.9867
     275       0.9991
     276       1.0084
     277       1.0486
     278       1.0047
     279       0.9754
     280       0.9810
     281       0.9949
     282       0.9605
     283       0.9734
     284       1.0539
     285       1.0690
     286       1.0809
     287       1.0442
     288       1.0896
     289       1.1611
     290       1.1481
     291       1.1271
     292       1.1215
     293       1.0725
     294       1.0446
     295       1.0521
     296       1.0217
     297       1.0940
     298       1.0910
     299       1.0244
     300       1.1396
     301       1.1232
     302       1.1464
     303       1.1493
     304       1.1580
     305       1.1737
     306       1.2427
     307       1.2295
     308       1.1528
     309       1.1681
     310       1.1804
     311       1.1295
     312       1.0935
     313       1.1029
     314       1.1154
     315       1.1386
     316       1.1477
     317       1.1479
     318       1.1967
     319       1.1698
     320       1.1383
     321       1.1430
     322       1.1133
     323       1.1535
     324       1.1783
     325       1.2216
     326       1.2005
     327       1.2558
     328       1.3146
     329       1.2861
     330       1.1784
     331       1.1482
     332       1.2221
     333       1.2794
     334       1.2485
     335       1.2514
     336       1.2307
     337       1.2228
     338       1.2407
     339       1.1964
     340       1.2492
     341       1.2470
     342       1.2563
     343       1.2416
     344       1.3098
     345       1.2193
     346       1.1680
     347       1.2024
     348       1.2164
     349       1.2091
     350       1.2337
     351       1.2510
     352       1.2593
     353       1.2792
     354       1.2608
     355       1.1956
     356       1.2907
     357       1.2456
     358       1.2019
     359       1.3071
     360       1.3040
     361       1.3595
     362       1.2532
     363       1.3328
     364       1.2294
     365       1.2703
     366       1.1924
     367       1.2585
     368       1.2145
     369       1.2199
     370       1.1934
     371       1.2534
     372       1.2887
     373       1.3046
     374       1.3133
     375       1.1811
     376       1.2263
     377       1.2022
     378       1.2071
     379       1.1374
     380       1.1109
     381       1.0577
     382       1.1062
     383       1.0685
     384       1.0530
     385       1.0738
     386       1.0795
     387       1.0667
     388       1.0773
     389       1.0741
     390       1.1072
     391       1.0859
     392       1.0365
     393       1.0588
     394       1.2173
     395       1.1782
     396       1.1623
     397       1.1421
     398       1.1562
     399       1.1517
     400       1.1199
     401       1.1941
     402       1.2356
     403       1.1460
     404       1.0848
     405       1.0682
     406       1.1431
     407       1.2641
     408       1.1717
     409       1.1175
     410       1.1274
     411       1.1439
     412       1.1475
     413       1.1777
     414       1.1760
     415       1.2313
     416       1.3419
     417       1.4323
     418       1.3728
     419       1.3107
     420       1.1632
     421       1.1528
     422       1.2116
     423       1.1883
     424       1.1471
     425       1.1969
     426       1.1461
     427       1.2278
     428       1.2444
     429       1.1836
     430       1.1489
     431       1.1597
     432       1.1262
     433       1.0756
     434       1.0922
     435       1.1338
     436       1.1376
     437       1.1197
     438       1.1671
     439       1.1026
     440       1.1009
     441       1.0620
     442       1.0718
     443       1.1892
     444       1.1355
     445       1.0455
     446       1.0277
     447       0.9846
     448       1.0354
     449       0.9838
     450       1.0427
     451       1.0242
     452       1.0208
     453       1.0730
     454       1.1425
     455       1.1619
     456       1.0794
     457       1.0221
     458       1.1010
     459       1.0628
     460       1.1243
     461       1.1102
     462       1.0641
     463       1.0851
     464       1.1276
     465       1.1419
     466       1.1693
     467       1.0351
     468       1.0695
     469       1.0791
     470       1.0334
     471       1.0425
     472       1.1201
     473       1.1437
     474       1.1528
     475       1.1311
     476       1.0159
     477       1.0403
     478       1.0858
     479       1.0298
     480       1.0422
     481       1.0455
     482       1.0609
     483       1.1014
     484       1.0265
     485       1.0635
     486       1.1162
     487       1.0256
     488       1.0735
     489       1.1176
     490       1.0896
     491       1.1318
     492       1.0999
     493       1.1585
     494       1.1603
     495       1.1644
     496       1.1565
     497       1.1003
     498       1.1326
     499       1.1004
     500       1.1058
     501       1.1172
     502       1.1487
     503       1.1088
     504       1.1565
     505       1.1434
     506       1.1345
     507       1.1262
     508       1.1091
     509       1.1075
     510       1.0735
     511       1.0056
     512       1.0022
     513       0.9462
     514       1.0330
     515       0.9927
     516       0.9675
     517       1.0947
     518       1.1437
     519       1.1499
     520       1.1518
     521       1.0557
     522       1.1125
     523       1.1402
     524       0.9949
     525       1.0491
     526       1.0383
     527       0.9947
     528       1.0423
     529       1.0474
     530       1.0548
     531       1.0614
     532       1.1094
     533       1.1116
     534       1.1085
     535       1.1066
     536       1.1310
     537       1.1118
     538       1.1380
     539       1.1080
     540       1.0981
     541       1.0874
     542       1.0997
     543       1.1543
     544       1.1300
     545       1.1113
     546       1.0686
     547       1.0780
     548       1.1120
     549       1.0925
     550       1.1257
     551       1.1249
     552       1.1018
     553       1.1050
     554       1.0454
     555       1.0607
     556       1.0546
     557       1.1175
     558       1.1472
     559       1.1587
     560       1.1742
     561       1.1283
     562       1.1419
     563       1.0705
     564       1.0826
     565       1.0519
     566       1.0911
     567       1.0321
     568       1.0591
     569       1.0769
     570       1.1022
     571       1.1069
     572       1.0595
     573       1.1251
     574       1.1695
     575       1.1619
     576       1.1392
     577       1.0657
     578       1.0857
     579       1.1071
     580       1.0488
     581       1.0229
     582       1.0379
     583       0.9866
     584       0.9722
     585       0.9663
     586       0.9873
     587       1.0324
     588       1.0222
     589       0.9738
     590       1.0332
     591       1.0167
     592       0.9945
     593       0.9741
     594       0.9891
     595       0.9890
     596       0.9992
     597       0.9907
     598       0.9752
     599       0.9583
     600       0.9875
     601       1.0173
     602       0.9554
     603       0.8993
     604       1.0367
     605       1.0122
     606       1.0260
     607       0.9904
     608       1.0202
     609       1.0263
     610       1.0652
     611       1.1261
     612       1.1253
     613       1.1232
     614       1.1209
     615       1.1738
     616       1.1282
     617       1.0604
     618       1.0734
     619       1.1017
     620       1.1631
     621       1.1988
     622       1.1036
     623       1.0491
     624       1.1685
     625       1.1132
     626       1.1023
     627       1.0659
     628       1.1060
     629       1.1412
     630       1.1982
     631       1.0450
     632       1.0671
     633       0.9766
     634       0.9081
     635       0.9884
     636       1.0024
     637       0.9860
     638       1.0236
     639       1.0847
     640       1.1212
     641       1.0901
     642       1.1388
     643       1.1725
     644       1.2556
     645       1.1455
     646       1.0741
     647       1.1674
     648       1.0971
     649       1.0889
     650       1.1123
     651       1.0816
     652       1.1550
     653       1.1691
     654       1.2012
     655       1.1175
     656       1.1826
     657       1.1858
     658       1.1616
     659       1.0993
     660       1.0919
     661       1.1333
     662       1.1838
     663       1.2342
     664       1.1291
     665       1.1240
     666       1.0310
     667       1.0004
     668       0.9985
     669       1.0483
     670       1.0397
     671       1.0498
     672       1.0681
     673       1.0308
     674       0.9383
     675       1.0405
     676       1.0479
     677       1.0980
     678       1.1143
     679       0.9880
     680       0.9656
     681       1.0589
     682       1.0115
     683       0.9337
     684       0.9562
     685       0.9964
     686       0.9940
     687       0.9942
     688       0.9827
     689       1.0063
     690       1.0271
     691       1.0200
     692       1.0696
     693       1.0162
     694       1.0284
     695       1.0923
     696       1.0749
     697       1.1345
     698       1.0661
     699       1.0367
     700       0.9536
     701       0.9731
     702       1.0241
     703       1.0209
     704       1.0743
     705       1.0886
     706       1.0485
     707       1.1091
     708       1.1296
     709       1.1008
     710       1.0654
     711       1.1093
     712       1.1505
     713       1.1222
     714       1.1373
     715       1.1585
     716       1.1514
     717       1.0745
     718       1.0910
     719       1.1690
     720       1.1610
     721       1.1143
     722       1.1358
     723       1.2216
     724       1.2354
     725       1.2024
     726       1.2329
     727       1.2805
     728       1.2431
     729       1.2018
     730       1.1813
     731       1.1856
     732       1.1312
     733       1.1313
     734       1.2198
     735       1.1932
     736       1.1281
     737       1.1882
     738       1.1618
     739       1.1372
     740       1.0802
     741       1.0221
     742       1.0324
     743       1.0085
     744       1.0405
     745       1.1057
     746       1.0518
     747       1.0495
     748       0.9888
     749       1.0131
     750       0.9471
     751       0.9913
     752       1.0333
     753       0.9580
     754       0.9694
     755       0.9493
     756       0.9328
     757       0.9909
     758       0.9615
     759       0.9804
     760       1.0219
     761       1.0217
     762       1.0478
     763       1.0671
     764       1.0554
     765       1.0124
     766       1.0619
     767       1.0376
     768       1.0769
     769       1.0893
     770       1.1069
     771       1.0765
     772       1.1095
     773       1.1477
     774       1.1531
     775       1.1175
     776       1.1344
     777       1.0652
     778       1.0427
     779       1.0268
     780       1.0495
     781       1.0645
     782       1.1254
     783       1.1497
     784       1.1302
     785       1.0888
     786       0.9565
     787       1.0385
     788       0.9776
     789       1.0028
     790       1.0038
     791       1.0017
     792       0.9843
     793       1.0241
     794       0.9676
     795       1.0903
     796       1.0098
     797       0.9697
     798       0.9314
     799       0.9676
     800       1.0063
     801       1.0287
     802       0.9691
     803       1.0084
     804       1.0329
     805       1.0458
     806       1.0984
     807       1.0575
     808       1.0683
     809       1.0874
     810       1.0817
     811       1.0639
     812       1.0618
     813       1.0358
     814       1.0180
     815       1.0268
     816       1.0193
     817       1.0139
     818       1.0848
     819       1.0899
     820       1.1045
     821       1.1526
     822       1.1813
     823       1.2157
     824       1.1659
     825       1.2385
     826       1.2052
     827       1.2607
     828       1.2468
     829       1.1940
     830       1.2157
     831       1.2933
     832       1.2076
     833       1.2079
     834       1.2546
     835       1.2977
     836       1.2947
     837       1.3100
     838       1.3332
     839       1.2857
     840       1.2760
     841       1.2307
     842       1.2785
     843       1.2151
     844       1.2162
     845       1.2322
     846       1.2046
     847       1.1260
     848       1.0858
     849       1.1104
     850       1.1533
     851       1.2370
     852       1.2369
     853       1.2053
     854       1.1987
     855       1.1881
     856       1.1910
     857       1.1616
     858       1.2352
     859       1.1740
     860       1.1995
     861       1.1777
     862       1.1539
     863       1.2610
     864       1.3133
     865       1.2796
     866       1.2865
     867       1.2811
     868       1.3033
     869       1.2614
     870       1.2665
     871       1.2643
     872       1.2680
     873       1.2847
     874       1.2113
     875       1.1868
     876       1.2144
     877       1.2638
     878       1.2236
     879       1.2928
     880       1.2412
     881       1.3306
     882       1.3260
     883       1.3450
     884       1.3280
     885       1.2799
     886       1.2886
     887       1.2355
     888       1.1650
     889       1.1992
     890       1.2471
     891       1.1859
     892       1.1064
     893       1.1269
     894       1.1661
     895       1.2252
     896       1.2871
     897       1.3845
     898       1.3901
     899       1.3390
     900       1.3075
     901       1.2837
     902       1.2769
     903       1.1885
     904       1.2114
     905       1.1827
     906       1.2283
     907       1.2692
     908       1.2813
     909       1.2380
     910       1.2052
     911       1.2382
     912       1.2105
     913       1.1755
     914       1.2062
     915       1.1940
     916       1.2033
     917       1.2316
     918       1.2958
     919       1.3085
     920       1.2866
     921       1.3054
     922       1.3636
     923       1.3193
     924       1.3254
     925       1.3755
     926       1.4333
     927       1.2871
     928       1.2785
     929       1.2647
     930       1.1864
     931       1.2287
     932       1.1714
     933       1.0833
     934       1.1696
     935       1.2251
     936       1.2192
     937       1.3536
     938       1.3378
     939       1.3009
     940       1.3774
     941       1.3869
     942       1.3452
     943       1.3194
     944       1.3498
     945       1.3514
     946       1.4045
     947       1.4078
     948       1.3529
     949       1.3314
     950       1.3376
     951       1.3577
     952       1.3395
     953       1.3023
     954       1.2977
     955       1.2743
     956       1.2280
     957       1.1850
     958       1.3164
     959       1.2899
     960       1.2356
     961       1.3399
     962       1.2833
     963       1.3295
     964       1.3202
     965       1.2421
     966       1.2402
     967       1.2798
     968       1.2251
     969       1.1586
     970       1.1246
     971       1.1628
     972       1.2115
     973       1.2358
     974       1.2612
     975       1.2017
     976       1.2273
     977       1.2955
     978       1.2820
     979       1.2869
     980       1.2636
     981       1.2653
     982       1.2223
     983       1.2805
     984       1.3007
     985       1.2731
     986       1.2484
     987       1.2633
     988       1.1842
     989       1.1932
     990       1.2261
     991       1.1816
     992       1.2614
     993       1.2704
     994       1.2044
     995       1.1750
     996       1.1400
     997       1.0965
     998       1.0448
     999       1.0991
    1000       1.0736
    1001       1.1051
    1002       1.1652
    1003       1.1419
    1004       1.2135
    1005       1.2593
    1006       1.2000
    1007       1.2683
    1008       1.2207
    1009       1.1969
    1010       1.1583
    1011       1.2016
    1012       1.1602
    1013       1.1028
    1014       1.1524
    1015       1.1618
    1016       1.1325
    1017       1.1295
    1018       1.1435
    1019       1.2268
    1020       1.2327
    1021       1.2188
    1022       1.2212
    1023       1.2417
    1024       1.1929
    1025       1.1355
    1026       1.1821
    1027       1.2203
    1028       1.2550
    1029       1.2803
    1030       1.3629
    1031       1.3013
    1032       1.2539
    1033       1.1844
    1034       1.1598
    1035       1.2047
    1036       1.1893
    1037       1.3106
    1038       1.3142
    1039       1.2591
    1040       1.3174
    1041       1.2840
    1042       1.3766
    1043       1.3992
    1044       1.3407
    1045       1.3014
    1046       1.3267
    1047       1.3076
    1048       1.3566
    1049       1.2990
    1050       1.3300
    1051       1.3191
    1052       1.2227
    1053       1.2540
    1054       1.3153
    1055       1.3591
    1056       1.2974
    1057       1.2873
    1058       1.3030
    1059       1.2916
    1060       1.2723
    1061       1.2558
    1062       1.2823
    1063       1.3277
    1064       1.2758
    1065       1.3091
    1066       1.3031
    1067       1.2948
    1068       1.2634
    1069       1.2687
    1070       1.3062
    1071       1.2145
    1072       1.1404
    1073       1.1837
    1074       1.2153
    1075       1.1319
    1076       1.1916
    1077       1.1710
    1078       1.2270
    1079       1.2251
    1080       1.2868
    1081       1.2328
    1082       1.2082
    1083       1.2896
    1084       1.2605
    1085       1.2802
    1086       1.2065
    1087       1.2208
    1088       1.1991
    1089       1.1607
    1090       1.2258
    1091       1.2386
    1092       1.1422
    1093       1.1692
    1094       1.1936
    1095       1.2118
    1096       1.1707
    1097       1.1843
    1098       1.1537
    1099       1.1367
    1100       1.1755
    1101       1.1917
    1102       1.1743
    1103       1.1006
    1104       1.0880
    1105       1.0596
    1106       1.1105
    1107       1.1140
    1108       1.0614
    1109       1.1309
    1110       1.1489
    1111       1.1480
    1112       1.1778
    1113       1.1256
    1114       1.1615
    1115       1.1479
    1116       1.1447
    1117       1.1748
    1118       1.1930
    1119       1.1340
    1120       1.1922
    1121       1.1599
    1122       1.1513
    1123       1.1157
    1124       1.1452
    1125       1.1045
    1126       1.1513
    1127       1.1169
    1128       1.1172
    1129       1.0300
    1130       1.0869
    1131       1.0634
    1132       1.0859
    1133       1.0775
    1134       1.1079
    1135       0.9998
    1136       1.0443
    1137       1.1240
    1138       1.1222
    1139       1.1058
    1140       1.0795
    1141       1.0795
    1142       1.1054
    1143       1.1210
    1144       1.1129
    1145       1.0674
    1146       1.0479
    1147       1.1025
    1148       1.1143
    1149       1.1084
    1150       1.1663
    1151       1.1334
    1152       1.1309
    1153       1.1024
    1154       1.0689
    1155       1.0251
    1156       1.0802
    1157       1.0507
    1158       1.0215
    1159       1.0839
    1160       1.0895
    1161       1.0689
    1162       1.1182
    1163       1.1320
    1164       1.1064
    1165       1.0808
    1166       1.1070
    1167       1.1105
    1168       1.1565
    1169       1.1131
    1170       1.0970
    1171       1.1474
    1172       1.1216
    1173       1.1505
    1174       1.2283
    1175       1.1437
    1176       1.1604
    1177       1.2478
    1178       1.2223
    1179       1.1354
    1180       1.0729
    1181       1.1139
    1182       1.1332
    1183       1.0879
    1184       1.1426
    1185       1.1000
    1186       1.1316
    1187       1.1299
    1188       1.1703
    1189       1.2041
    1190       1.1643
    1191       1.1557
    1192       1.1035
    1193       1.0388
    1194       1.0703
    1195       1.1177
    1196       1.0414
    1197       1.0676
    1198       1.1274
    1199       1.1065
    1200       1.1257
    1201       1.1513
    1202       1.0771
    1203       1.1566
    1204       1.1149
    1205       1.1024
    1206       1.0959
    1207       1.1497
    1208       1.1650
    1209       1.0830
    1210       1.2119
    1211       1.2040
    1212       1.1398
    1213       1.1399
    1214       1.2850
    1215       1.1996
    1216       1.1652
    1217       1.1065
    1218       1.1548
    1219       1.2249
    1220       1.1623
    1221       1.1555
    1222       1.1019
    1223       1.0388
    1224       1.0486
    1225       1.0246
    1226       1.0648
    1227       1.1001
    1228       1.0603
    1229       1.0574
    1230       1.0500
    1231       1.0573
    1232       1.1434
    1233       1.1271
    1234       1.0613
    1235       1.1345
    1236       1.1079
    1237       1.0826
    1238       1.0510
    1239       1.0914
    1240       1.0218
    1241       1.0780
    1242       1.0910
    1243       1.1064
    1244       1.1103
    1245       1.1025
    1246       1.1928
    1247       1.1091
    1248       1.0518
    1249       1.0528
    1250       1.0193
    1251       1.0718
    1252       1.0430
    1253       1.0328
    1254       1.0535
    1255       1.0410
    1256       1.0236
    1257       1.0454
    1258       1.1180
    1259       1.0627
    1260       1.0640
    1261       1.0319
    1262       1.0125
    1263       1.0741
    1264       1.0426
    1265       1.1013
    1266       1.1271
    1267       1.0673
    1268       1.0943
    1269       1.0170
    1270       1.0491
    1271       1.0834
    1272       1.0881
    1273       1.0524
    1274       1.0499
    1275       1.0463
    1276       1.0390
    1277       1.0461
    1278       1.0623
    1279       1.0157
    1280       1.0439
    1281       1.0558
    1282       1.0651
    1283       1.0044
    1284       1.0596
    1285       1.0525
    1286       1.0501
    1287       1.0157
    1288       1.0532
    1289       1.0426
    1290       1.0870
    1291       1.0706
    1292       1.0092
    1293       1.0155
    1294       1.0800
    1295       1.0229
    1296       1.0398
    1297       0.9978
    1298       1.0272
    1299       1.0562
    1300       1.0608
    1301       1.0052
    1302       1.0638
    1303       1.0576
    1304       1.0315
    1305       1.0244
    1306       1.0489
    1307       1.0601
    1308       1.0625
    1309       1.0027
    1310       1.0458
    1311       1.0594
    1312       1.0788
    1313       0.9810
    1314       1.0826
    1315       1.0168
    1316       1.0147
    1317       1.0578
    1318       1.0590
    1319       1.0441
    1320       1.0255
    1321       1.0715
    1322       1.0286
    1323       1.1056
    1324       1.0664
    1325       1.1068
    1326       1.0936
    1327       1.1064
    1328       1.0669
    1329       1.0152
    1330       1.0417
    1331       1.0853
    1332       1.0649
    1333       1.0846
    1334       1.1221
    1335       1.1842
    1336       1.1177
    1337       1.1137
    1338       1.1499
    1339       1.0616
    1340       1.0957
    1341       1.0978
    1342       1.0380
    1343       1.1951
    1344       1.1166
    1345       1.1565
    1346       1.1449
    1347       1.2100
    1348       1.1933
    1349       1.1613
    1350       1.1160
    1351       1.1218
    1352       1.1170
    1353       1.1403
    1354       1.0678
    1355       1.1274
    1356       1.1844
    1357       1.1589
    1358       1.1009
    1359       1.1634
    1360       1.1854
    1361       1.1751
    1362       1.1060
    1363       1.0398
    1364       1.0646
    1365       1.0227
    1366       1.0237
    1367       0.9943
    1368       1.0038
    1369       1.0288
    1370       1.1251
    1371       1.1716
    1372       1.0744
    1373       1.1249
    1374       1.1267
    1375       1.0894
    1376       1.0508
    1377       1.1087
    1378       1.0325
    1379       1.0640
    1380       1.0906
    1381       1.1702
    1382       1.1375
    1383       1.1313
    1384       1.1231
    1385       1.0582
    1386       1.0403
    1387       1.0671
    1388       1.0276
    1389       1.0776
    1390       1.0358
    1391       1.0102
    1392       0.9937
    1393       0.9853
    1394       0.9854
    1395       1.0270
    1396       1.0164
    1397       0.9604
    1398       1.0759
    1399       1.1085
    1400       1.0750
    1401       1.0433
    1402       0.9968
    1403       0.9496
    1404       0.9977
    1405       1.0428
    1406       1.0562
    1407       1.0970
    1408       1.0753
    1409       1.1357
    1410       1.0557
    1411       1.0163
    1412       1.0392
    1413       1.0043
    1414       1.0294
    1415       1.0959
    1416       1.0511
    1417       1.1325
    1418       1.1370
    1419       1.1289
    1420       1.1282
    1421       1.1771
    1422       1.1865
    1423       1.1985
    1424       1.1594
    1425       1.3050
    1426       1.3331
    1427       1.2148
    1428       1.2612
    1429       1.3443
    1430       1.3234
    1431       1.2808
    1432       1.2699
    1433       1.2319
    1434       1.2593
    1435       1.2151
    1436       1.2052
    1437       1.1906
    1438       1.1484
    1439       1.1354
    1440       1.1205
    1441       1.0448
    1442       1.0808
    1443       1.1051
    1444       1.0592
    1445       1.0616
    1446       1.1103
    1447       1.0872
    1448       1.1744
    1449       1.1455
    1450       1.1961
    1451       1.1210
    1452       1.1911
    1453       1.1860
    1454       1.2071
    1455       1.2131
    1456       1.1186
    1457       1.1031
    1458       1.0761
    1459       1.0904
    1460       1.1104
    1461       1.0533
    1462       1.0395
    1463       1.0582
    1464       1.0584
    1465       1.0692
    1466       1.0876
    1467       1.0962
    1468       1.0908
    1469       1.0682
    1470       1.0703
    1471       1.0825
    1472       1.0936
    1473       1.1238
    1474       1.0985
    1475       1.0834
    1476       1.0624
    1477       1.0431
    1478       1.1077
    1479       1.1221
    1480       1.1010
    1481       1.1751
    1482       1.2229
    1483       1.3161
    1484       1.2553
    1485       1.1220
    1486       1.1660
    1487       1.0941
    1488       1.1442
    1489       1.1937
    1490       1.2217
    1491       1.2132
    1492       1.1710
    1493       1.1282
    1494       1.1171
    1495       1.0999
    1496       1.0971
    1497       1.0375
    1498       1.0970
    1499       1.0941
    1500       1.0745
    1501       1.1639
    1502       1.1215
    1503       1.1744
    1504       1.1620
    1505       1.1252
    1506       1.1438
    1507       1.2370
    1508       1.2081
    1509       1.2374
    1510       1.1743
    1511       1.1467
    1512       1.1579
    1513       1.1313
    1514       1.1920
    1515       1.1580
    1516       1.1124
    1517       1.0784
    1518       1.1322
    1519       1.1364
    1520       1.1679
    1521       1.1689
    1522       1.1087
    1523       1.1430
    1524       1.0868
    1525       1.0945
    1526       1.1655
    1527       1.1581
    1528       1.1527
    1529       1.2190
    1530       1.2098
    1531       1.1860
    1532       1.1714
    1533       1.1119
    1534       1.1244
    1535       1.1174
    1536       1.1472
    1537       1.1023
    1538       1.1292
    1539       1.1219
    1540       1.1007
    1541       1.0893
    1542       1.0869
    1543       1.1454
    1544       1.1210
    1545       1.1285
    1546       1.1419
    1547       1.1154
    1548       1.1551
    1549       1.1240
    1550       1.1575
    1551       1.1650
    1552       1.1531
    1553       1.0948
    1554       1.1102
    1555       1.0709
    1556       1.0243
    1557       1.0578
    1558       1.0240
    1559       1.0486
    1560       1.1034
    1561       1.0998
    1562       1.0982
    1563       1.1027
    1564       1.1291
    1565       1.1461
    1566       1.0888
    1567       1.1604
    1568       1.1127
    1569       1.1912
    1570       1.2336
    1571       1.1627
    1572       1.1615
    1573       1.1484
    1574       1.1411
    1575       1.1085
    1576       1.1248
    1577       1.0755
    1578       1.1214
    1579       1.1836
    1580       1.1828
    1581       1.2290
    1582       1.2128
    1583       1.2222
    1584       1.1787
    1585       1.2122
    1586       1.1784
    1587       1.1836
    1588       1.1884
    1589       1.1890
    1590       1.2588
    1591       1.2631
    1592       1.1630
    1593       1.1706
    1594       1.1691
    1595       1.2945
    1596       1.2070
    1597       1.2490
    1598       1.2194
    1599       1.2467
    1600       1.3113
    1601       1.2725
    1602       1.3039
    1603       1.2858
    1604       1.3150
    1605       1.3185
    1606       1.3133
    1607       1.3009
    1608       1.3016
    1609       1.2848
    1610       1.2650
    1611       1.2824
    1612       1.2966
    1613       1.2835
    1614       1.3029
    1615       1.2444
    1616       1.3547
    1617       1.3706
    1618       1.3898
    1619       1.3894
    1620       1.3331
    1621       1.3740
    1622       1.4022
    1623       1.3494
    1624       1.4091
    1625       1.4115
    1626       1.4236
    1627       1.3786
    1628       1.3170
    1629       1.2694
    1630       1.2607
    1631       1.2884
    1632       1.3010
    1633       1.2645
    1634       1.3304
    1635       1.3079
    1636       1.3528
    1637       1.3986
    1638       1.3622
    1639       1.4243
    1640       1.2982
    1641       1.3267
    1642       1.2837
    1643       1.2181
    1644       1.2283
    1645       1.2225
    1646       1.2565
    1647       1.2650
    1648       1.2723
    1649       1.3285
    1650       1.2311
    1651       1.2008
    1652       1.2440
    1653       1.1991
    1654       1.2406
    1655       1.2633
    1656       1.2929
    1657       1.2963
    1658       1.3555
    1659       1.3291
    1660       1.3279
    1661       1.3696
    1662       1.3299
    1663       1.3594
    1664       1.3870
    1665       1.3640
    1666       1.3468
    1667       1.3414
    1668       1.4453
    1669       1.4290
    1670       1.3743
    1671       1.4434
    1672       1.5686
    1673       1.4262
    1674       1.4245
    1675       1.3462
    1676       1.3194
    1677       1.3250
    1678       1.2788
    1679       1.2043
    1680       1.2481
    1681       1.2637
    1682       1.3074
    1683       1.2936
    1684       1.3475
    1685       1.3435
    1686       1.3606
    1687       1.4254
    1688       1.4768
    1689       1.4010
    1690       1.3809
    1691       1.3653
    1692       1.3233
    1693       1.2990
    1694       1.2171
    1695       1.2473
    1696       1.3647
    1697       1.3096
    1698       1.4149
    1699       1.3617
    1700       1.4104
    1701       1.3741
    1702       1.3651
    1703       1.3898
    1704       1.3304
    1705       1.3174
    1706       1.4159
    1707       1.4612
    1708       1.4818
    1709       1.3443
    1710       1.3770
    1711       1.3181
    1712       1.2733
    1713       1.2912
    1714       1.2676
    1715       1.2797
    1716       1.3046
    1717       1.3883
    1718       1.4451
    1719       1.3382
    1720       1.3818
    1721       1.4670
    1722       1.4095
    1723       1.4440
    1724       1.5457
    1725       1.5613
    1726       1.5693
    1727       1.5487
    1728       1.4698
    1729       1.3653
    1730       1.4122
    1731       1.4404
    1732       1.4994
    1733       1.4877
    1734       1.4856
    1735       1.5052
    1736       1.3697
    1737       1.4194
    1738       1.3498
    1739       1.4816
    1740       1.4030
    1741       1.4360
    1742       1.4481
    1743       1.4649
    1744       1.5169
    1745       1.5108
    1746       1.5049
    1747       1.5815
    1748       1.5491
    1749       1.6287
    1750       1.5779
    1751       1.5568
    1752       1.5643
    1753       1.4903
    1754       1.4831
    1755       1.3518
    1756       1.3544
    1757       1.3734
    1758       1.3795
    1759       1.3915
    1760       1.3823
    1761       1.4313
    1762       1.4859
    1763       1.4878
    1764       1.5428
    1765       1.5741
    1766       1.5178
    1767       1.4817
    1768       1.4443
    1769       1.3971
    1770       1.4168
    1771       1.4595
    1772       1.4511
    1773       1.4413
    1774       1.4763
    1775       1.5349
    1776       1.4906
    1777       1.4518
    1778       1.4409
    1779       1.5030
    1780       1.4778
    1781       1.5346
    1782       1.5265
    1783       1.4579
    1784       1.5204
    1785       1.6487
    1786       1.6473
    1787       1.5732
    1788       1.5519
    1789       1.5365
    1790       1.5983
    1791       1.5690
    1792       1.6168
    1793       1.5261
    1794       1.5943
    1795       1.6113
    1796       1.5382
    1797       1.6368
    1798       1.5660
    1799       1.5681
    1800       1.5913
    1801       1.5936
    1802       1.5628
    1803       1.5566
    1804       1.5566
    1805       1.4498
    1806       1.4452
    1807       1.3277
    1808       1.3715
    1809       1.4290
    1810       1.4003
    1811       1.4349
    1812       1.4239
    1813       1.4326
    1814       1.3618
    1815       1.3615
    1816       1.4601
    1817       1.3824
    1818       1.4059
    1819       1.3470
    1820       1.3038
    1821       1.3730
    1822       1.3945
    1823       1.3505
    1824       1.3115
    1825       1.3189
    1826       1.2916
    1827       1.2953
    1828       1.2705
    1829       1.3689
    1830       1.3192
    1831       1.3518
    1832       1.3308
    1833       1.2956
    1834       1.3308
    1835       1.2088
    1836       1.2626
    1837       1.2098
    1838       1.2478
    1839       1.2345
    1840       1.2419
    1841       1.2621
    1842       1.2270
    1843       1.2518
    1844       1.3002
    1845       1.2883
    1846       1.2912
    1847       1.2728
    1848       1.3021
    1849       1.2652
    1850       1.3059
    1851       1.3005
    1852       1.3170
    1853       1.3782
    1854       1.3044
    1855       1.3708
    1856       1.3631
    1857       1.4221
    1858       1.3835
    1859       1.3164
    1860       1.3726
    1861       1.2923
    1862       1.3745
    1863       1.2645
    1864       1.2862
    1865       1.3150
    1866       1.2810
    1867       1.2888
    1868       1.2619
    1869       1.3326
    1870       1.2858
    1871       1.2320
    1872       1.3234
    1873       1.3414
    1874       1.3051
    1875       1.3160
    1876       1.3155
    1877       1.3693
    1878       1.3147
    1879       1.3292
    1880       1.2591
    1881       1.3162
    1882       1.3699
    1883       1.3122
    1884       1.2887
    1885       1.2507
    1886       1.2325
    1887       1.2741
    1888       1.3455
    1889       1.3263
    1890       1.3124
    1891       1.2923
    1892       1.4054
    1893       1.3148
    1894       1.3490
    1895       1.3399
    1896       1.2991
    1897       1.2561
    1898       1.3017
    1899       1.2796
    1900       1.2631
    1901       1.2374
    1902       1.2313
    1903       1.2006
    1904       1.3149
    1905       1.2555
    1906       1.3794
    1907       1.3662
    1908       1.3827
    1909       1.3421
    1910       1.3312
    1911       1.2920
    1912       1.2757
    1913       1.3143
    1914       1.4011
    1915       1.4335
    1916       1.4770
    1917       1.4414
    1918       1.4557
    1919       1.5241
    1920       1.4679
    1921       1.3865
    1922       1.3936
    1923       1.4827
    1924       1.3355
    1925       1.3852
    1926       1.4310
    1927       1.4525
    1928       1.3983
    1929       1.4811
    1930       1.5113
    1931       1.5049
    1932       1.4573
    1933       1.4739
    1934       1.4129
    1935       1.4015
    1936       1.4128
    1937       1.3328
    1938       1.3557
    1939       1.3241
    1940       1.3848
    1941       1.4126
    1942       1.3909
    1943       1.3293
    1944       1.4083
    1945       1.4186
    1946       1.4336
    1947       1.4358
    1948       1.4744
    1949       1.5924
    1950       1.4876
    1951       1.5282
    1952       1.4487
    1953       1.3515
    1954       1.3894
    1955       1.4349
    1956       1.4157
    1957       1.4147
    1958       1.4321
    1959       1.4304
    1960       1.4971
    1961       1.4997
    1962       1.4102
    1963       1.4342
    1964       1.4519
    1965       1.3249
    1966       1.4019
    1967       1.4547
    1968       1.5432
    1969       1.5828
    1970       1.5735
    1971       1.5376
    1972       1.5051
    1973       1.4604
    1974       1.4578
    1975       1.4577
    1976       1.3695
    1977       1.4088
    1978       1.3997
    1979       1.3508
    1980       1.4306
    1981       1.4424
    1982       1.3750
    1983       1.4291
    1984       1.3991
    1985       1.3577
    1986       1.3293
    1987       1.3937
    1988       1.4198
    1989       1.4028
    1990       1.4674
    1991       1.4103
    1992       1.5055
    1993       1.4609
    1994       1.4382
    1995       1.3948
    1996       1.3518
    1997       1.3460
    1998       1.4340
    1999       1.4259
    2000       1.4817
    2001       1.3583
    2002       1.3430
    2003       1.3655
    2004       1.3849
    2005       1.3344
    2006       1.3437
    2007       1.3431
    2008       1.3340
    2009       1.3574
    2010       1.3358
    2011       1.3683
    2012       1.3550
    2013       1.3743
    2014       1.3165
    2015       1.3957
    2016       1.3926
    2017       1.4731
    2018       1.5007
    2019       1.4190
    2020       1.4736
    2021       1.4864
    2022       1.4888
    2023       1.4195
    2024       1.5023
    2025       1.4479
    2026       1.4423
    2027       1.3703
    2028       1.4235
    2029       1.4477
    2030       1.5060
    2031       1.4067
    2032       1.4312
    2033       1.4332
    2034       1.4463
    2035       1.4670
    2036       1.4050
    2037       1.3721
    2038       1.3221
    2039       1.3161
    2040       1.3039
    2041       1.3671
    2042       1.3681
    2043       1.3084
    2044       1.4015
    2045       1.4004
    2046       1.4037
    2047       1.4485
    2048       1.4525
    2049       1.5464
    2050       1.4473
    2051       1.4540
    2052       1.4429
    2053       1.4099
    2054       1.4043
    2055       1.3715
    2056       1.4050
    2057       1.4301
    2058       1.3578
    2059       1.3314
    2060       1.2450
    2061       1.2687
    2062       1.2832
    2063       1.2354
    2064       1.2021
    2065       1.2719
    2066       1.2841
    2067       1.2967
    2068       1.3415
    2069       1.3922
    2070       1.4986
    2071       1.5397
    2072       1.5205
    2073       1.4585
    2074       1.5617
    2075       1.4264
    2076       1.4537
    2077       1.4367
    2078       1.4142
    2079       1.3855
    2080       1.3382
    2081       1.3617
    2082       1.3702
    2083       1.4358
    2084       1.3368
    2085       1.3183
    2086       1.2659
    2087       1.3544
    2088       1.3954
    2089       1.3837
    2090       1.3238
    2091       1.3780
    2092       1.3587
    2093       1.3468
    2094       1.4495
    2095       1.4415
    2096       1.3564
    2097       1.2640
    2098       1.2717
    2099       1.2947
    2100       1.2973
    2101       1.2765
    2102       1.2587
    2103       1.3400
    2104       1.4239
    2105       1.4242
    2106       1.4660
    2107       1.3184
    2108       1.3255
    2109       1.2450
    2110       1.2639
    2111       1.1896
    2112       1.2235
    2113       1.2214
    2114       1.2573
    2115       1.2625
    2116       1.2319
    2117       1.2279
    2118       1.1641
    2119       1.1308
    2120       1.1661
    2121       1.1399
    2122       1.1132
    2123       1.1513
    2124       1.1532
    2125       1.1094
    2126       1.0753
    2127       1.1113
    2128       1.1123
    2129       1.0605
    2130       1.1418
    2131       1.1796
    2132       1.2527
    2133       1.1090
    2134       1.1955
    2135       1.2020
    2136       1.1885
    2137       1.2941
    2138       1.2822
    2139       1.2791
    2140       1.2874
    2141       1.2962
    2142       1.2421
    2143       1.2864
    2144       1.2544
    2145       1.2609
    2146       1.2806
    2147       1.3885
    2148       1.3716
    2149       1.3913
    2150       1.4267
    2151       1.3360
    2152       1.4008
    2153       1.4889
    2154       1.4042
    2155       1.3114
    2156       1.3302
    2157       1.2956
    2158       1.2110
    2159       1.2287
    2160       1.2860
    2161       1.2624
    2162       1.2556
    2163       1.2543
    2164       1.2055
    2165       1.2185
    2166       1.2498
    2167       1.3030
    2168       1.2396
    2169       1.2581
    2170       1.3100
    2171       1.3172
    2172       1.3655
    2173       1.3420
    2174       1.3128
    2175       1.2937
    2176       1.3488
    2177       1.2586
    2178       1.2166
    2179       1.1845
    2180       1.1646
    2181       1.2939
    2182       1.3408
    2183       1.2677
    2184       1.2446
    2185       1.2637
    2186       1.2871
    2187       1.3157
    2188       1.3024
    2189       1.2744
    2190       1.2719
    2191       1.2864
    2192       1.1995
    2193       1.2772
    2194       1.3253
    2195       1.2791
    2196       1.3069
    2197       1.2089
    2198       1.2254
    2199       1.3081
    2200       1.2904
    2201       1.3062
    2202       1.2403
    2203       1.3612
    2204       1.3516
    2205       1.4675
    2206       1.3451
    2207       1.3382
    2208       1.4367
    2209       1.4830
    2210       1.3779
    2211       1.2430
    2212       1.3209
    2213       1.3239
    2214       1.2558
    2215       1.2771
    2216       1.2941
    2217       1.2655
    2218       1.2264
    2219       1.2604
    2220       1.3079
    2221       1.3221
    2222       1.2673
    2223       1.2596
    2224       1.2901
    2225       1.2779
    2226       1.3044
    2227       1.3075
    2228       1.2938
    2229       1.3254
    2230       1.3404
    2231       1.4478
    2232       1.4255
    2233       1.3074
    2234       1.2668
    2235       1.3220
    2236       1.2883
    2237       1.3150
    2238       1.3239
    2239       1.2336
    2240       1.2012
    2241       1.1969
    2242       1.3216
    2243       1.3183
    2244       1.2374
    2245       1.1842
    2246       1.2930
    2247       1.2973
    2248       1.2792
    2249       1.3217
    2250       1.3684
    2251       1.3778
    2252       1.3175
    2253       1.3161
    2254       1.3370
    2255       1.2675
    2256       1.3329
    2257       1.2759
    2258       1.2178
    2259       1.2337
    2260       1.3548
    2261       1.2889
    2262       1.2356
    2263       1.2698
    2264       1.2135
    2265       1.2119
    2266       1.2062
    2267       1.2369
    2268       1.2807
    2269       1.2143
    2270       1.2607
    2271       1.2592
    2272       1.1915
    2273       1.2085
    2274       1.1901
    2275       1.2312
    2276       1.2203
    2277       1.2118
    2278       1.1454
    2279       1.1594
    2280       1.1644
    2281       1.1801
    2282       1.1866
    2283       1.1644
    2284       1.2373
    2285       1.2316
    2286       1.2056
    2287       1.2279
    2288       1.2765
    2289       1.3210
    2290       1.3017
    2291       1.3591
    2292       1.4049
    2293       1.3307
    2294       1.3176
    2295       1.3006
    2296       1.3088
    2297       1.3839
    2298       1.3143
    2299       1.2306
    2300       1.2255
    2301       1.2883
    2302       1.2162
    2303       1.2294
    2304       1.1896
    2305       1.3136
    2306       1.2577
    2307       1.2701
    2308       1.2528
    2309       1.2535
    2310       1.2184
    2311       1.3034
    2312       1.2604
    2313       1.2523
    2314       1.2342
    2315       1.1415
    2316       1.1363
    2317       1.1732
    2318       1.1781
    2319       1.1934
    2320       1.1436
    2321       1.1592
    2322       1.1701
    2323       1.2614
    2324       1.2555
    2325       1.1956
    2326       1.2918
    2327       1.3480
    2328       1.2658
    2329       1.2476
    2330       1.1973
    2331       1.2070
    2332       1.3153
    2333       1.2834
    2334       1.2851
    2335       1.3141
    2336       1.2445
    2337       1.3346
    2338       1.3160
    2339       1.3058
    2340       1.2243
    2341       1.3041
    2342       1.2894
    2343       1.3607
    2344       1.3619
    2345       1.2976
    2346       1.2211
    2347       1.3135
    2348       1.1894
    2349       1.2070
    2350       1.2293
    2351       1.3085
    2352       1.2430
    2353       1.3083
    2354       1.2260
    2355       1.2633
    2356       1.2856
    2357       1.3180
    2358       1.3508
    2359       1.2766
    2360       1.2988
    2361       1.3285
    2362       1.2909
    2363       1.3321
    2364       1.2318
    2365       1.1789
    2366       1.2390
    2367       1.2591
    2368       1.2895
    2369       1.3315
    2370       1.4033
    2371       1.3783
    2372       1.3994
    2373       1.3209
    2374       1.3473
    2375       1.3184
    2376       1.3503
    2377       1.3716
    2378       1.3408
    2379       1.3874
    2380       1.4856
    2381       1.4401
    2382       1.4730
    2383       1.5198
    2384       1.4855
    2385       1.4678
    2386       1.5257
    2387       1.4753
    2388       1.5126
    2389       1.5398
    2390       1.3995
    2391       1.4448
    2392       1.4393
    2393       1.3252
    2394       1.3401
    2395       1.3840
    2396       1.4215
    2397       1.3500
    2398       1.4349
    2399       1.5150
    2400       1.3356
    2401       1.2915
    2402       1.3330
    2403       1.4027
    2404       1.3862
    2405       1.4417
    2406       1.4383
    2407       1.5120
    2408       1.4371
    2409       1.3775
    2410       1.3879
    2411       1.3739
    2412       1.3019
    2413       1.3157
    2414       1.3002
    2415       1.3604
    2416       1.3384
    2417       1.3812
    2418       1.3473
    2419       1.3412
    2420       1.3237
    2421       1.2455
    2422       1.3187
    2423       1.3799
    2424       1.3642
    2425       1.5181
    2426       1.4674
    2427       1.4846
    2428       1.4897
    2429       1.4614
    2430       1.3625
    2431       1.3284
    2432       1.2976
    2433       1.3235
    2434       1.3530
    2435       1.2980
    2436       1.2449
    2437       1.3215
    2438       1.3386
    2439       1.2568
    2440       1.2579
    2441       1.3156
    2442       1.3189
    2443       1.2910
    2444       1.3075
    2445       1.2287
    2446       1.3004
    2447       1.3179
    2448       1.3407
    2449       1.2950
    2450       1.3190
    2451       1.2467
    2452       1.2057
    2453       1.2224
    2454       1.2315
    2455       1.2315
    2456       1.2342
    2457       1.2066
    2458       1.2545
    2459       1.2582
    2460       1.2217
    2461       1.2738
    2462       1.2850
    2463       1.2273
    2464       1.3011
    2465       1.2833
    2466       1.2728
    2467       1.3288
    2468       1.3222
    2469       1.2657
    2470       1.2796
    2471       1.2907
    2472       1.3589
    2473       1.3444
    2474       1.2863
    2475       1.2675
    2476       1.2735
    2477       1.3101
    2478       1.3298
    2479       1.2645
    2480       1.2622
    2481       1.2474
    2482       1.2735
    2483       1.2477
    2484       1.2083
    2485       1.2509
    2486       1.2320
    2487       1.2767
    2488       1.2264
    2489       1.2154
    2490       1.2224
    2491       1.2111
    2492       1.1905
    2493       1.2785
    2494       1.2112
    2495       1.2044
    2496       1.1687
    2497       1.1979
    2498       1.3054
    2499       1.2743
    2500       1.2941
    2501       1.2935
    2502       1.3706
    2503       1.3693
    2504       1.3951
    2505       1.4070
    2506       1.3766
    2507       1.4229
    2508       1.4336
    2509       1.4483
    2510       1.4526
    2511       1.4157
    2512       1.3445
    2513       1.2804
    2514       1.2785
    2515       1.2770
    2516       1.3196
    2517       1.2919
    2518       1.2367
    2519       1.3268
    2520       1.2285
    2521       1.2961
    2522       1.2877
    2523       1.2577
    2524       1.2532
    2525       1.2608
    2526       1.2373
    2527       1.2586
    2528       1.3465
    2529       1.3026
    2530       1.2711
    2531       1.2357
    2532       1.2829
    2533       1.1539
    2534       1.2107
    2535       1.2404
    2536       1.1677
    2537       1.1875
    2538       1.1831
    2539       1.2108
    2540       1.1914
    2541       1.1856
    2542       1.1941
    2543       1.2278
    2544       1.1924
    2545       1.2415
    2546       1.2172
    2547       1.2941
    2548       1.2784
    2549       1.2126
    2550       1.2863
    2551       1.1933
    2552       1.1637
    2553       1.1380
    2554       1.1667
    2555       1.2527
    2556       1.2148
    2557       1.1967
    2558       1.2253
    2559       1.2782
    2560       1.2223
    2561       1.2591
    2562       1.3183
    2563       1.3731
    2564       1.4236
    2565       1.4482
    2566       1.3820
    2567       1.3813
    2568       1.3537
    2569       1.2600
    2570       1.3233
    2571       1.4175
    2572       1.4069
    2573       1.4816
    2574       1.4448
    2575       1.3868
    2576       1.3708
    2577       1.3726
    2578       1.3278
    2579       1.4500
    2580       1.4076
    2581       1.4775
    2582       1.4200
    2583       1.3797
    2584       1.3003
    2585       1.3236
    2586       1.2677
    2587       1.1818
    2588       1.2322
    2589       1.2202
    2590       1.2373
    2591       1.3256
    2592       1.3415
    2593       1.2923
    2594       1.2636
    2595       1.2312
    2596       1.2330
    2597       1.1761
    2598       1.2145
    2599       1.2131
    2600       1.2532
    2601       1.1970
    2602       1.2557
    2603       1.1888
    2604       1.2166
    2605       1.2134
    2606       1.1411
    2607       1.1457
    2608       1.1683
    2609       1.1791
    2610       1.1516
    2611       1.1304
    2612       1.1359
    2613       1.1570
    2614       1.1284
    2615       1.1797
    2616       1.2114
    2617       1.1701
    2618       1.1566
    2619       1.2416
    2620       1.2193
    2621       1.2771
    2622       1.2585
    2623       1.2550
    2624       1.2266
    2625       1.2290
    2626       1.2710
    2627       1.2609
    2628       1.2773
    2629       1.2576
    2630       1.2118
    2631       1.2082
    2632       1.2091
    2633       1.2505
    2634       1.1762
    2635       1.2242
    2636       1.2420
    2637       1.2223
    2638       1.2235
    2639       1.2721
    2640       1.3008
    2641       1.2362
    2642       1.2287
    2643       1.2191
    2644       1.2962
    2645       1.3268
    2646       1.2695
    2647       1.3258
    2648       1.3394
    2649       1.4404
    2650       1.4044
    2651       1.4023
    2652       1.2995
    2653       1.2397
    2654       1.2829
    2655       1.2096
    2656       1.2839
    2657       1.2958
    2658       1.3491
    2659       1.3669
    2660       1.2365
    2661       1.2700
    2662       1.2890
    2663       1.3071
    2664       1.2703
    2665       1.3724
    2666       1.3398
    2667       1.3553
    2668       1.3594
    2669       1.3520
    2670       1.2785
    2671       1.2935
    2672       1.3093
    2673       1.2623
    2674       1.2942
    2675       1.3026
    2676       1.2620
    2677       1.2214
    2678       1.3670
    2679       1.2768
    2680       1.2704
    2681       1.3239
    2682       1.3644
    2683       1.3138
    2684       1.3035
    2685       1.3286
    2686       1.2631
    2687       1.3067
    2688       1.3253
    2689       1.3299
    2690       1.3710
    2691       1.2571
    2692       1.2406
    2693       1.2768
    2694       1.2090
    2695       1.1953
    2696       1.2415
    2697       1.2699
    2698       1.2736
    2699       1.2662
    2700       1.3253
    2701       1.3628
    2702       1.3491
    2703       1.3464
    2704       1.2070
    2705       1.2775
    2706       1.2653
    2707       1.2628
    2708       1.2668
    2709       1.2550
    2710       1.2985
    2711       1.2883
    2712       1.3833
    2713       1.3188
    2714       1.2624
    2715       1.3102
    2716       1.3158
    2717       1.3663
    2718       1.2883
    2719       1.2653
    2720       1.1992
    2721       1.2463
    2722       1.1737
    2723       1.2109
    2724       1.2564
    2725       1.2257
    2726       1.2558
    2727       1.2630
    2728       1.2498
    2729       1.2892
    2730       1.1779
    2731       1.2276
    2732       1.1529
    2733       1.2015
    2734       1.2582
    2735       1.1945
    2736       1.1917
    2737       1.1222
    2738       1.2211
    2739       1.2708
    2740       1.2300
    2741       1.2448
    2742       1.3075
    2743       1.2351
    2744       1.3423
    2745       1.4291
    2746       1.4041
    2747       1.2693
    2748       1.2675
    2749       1.2278
    2750       1.2513
    2751       1.2560
    2752       1.2656
    2753       1.3482
    2754       1.3457
    2755       1.3322
    2756       1.2954
    2757       1.2621
    2758       1.2587
    2759       1.3629
    2760       1.3416
    2761       1.2994
    2762       1.3522
    2763       1.2887
    2764       1.2834
    2765       1.3263
    2766       1.3043
    2767       1.3817
    2768       1.3151
    2769       1.3372
    2770       1.3925
    2771       1.3154
    2772       1.2893
    2773       1.2299
    2774       1.2744
    2775       1.2474
    2776       1.2655
    2777       1.2689
    2778       1.3012
    2779       1.2538
    2780       1.2879
    2781       1.2805
    2782       1.3217
    2783       1.3147
    2784       1.3436
    2785       1.3199
    2786       1.3588
    2787       1.3219
    2788       1.3132
    2789       1.2927
    2790       1.3351
    2791       1.3627
    2792       1.2983
    2793       1.3230
    2794       1.3866
    2795       1.4032
    2796       1.3956
    2797       1.3728
    2798       1.3252
    2799       1.4343
    2800       1.4235
    2801       1.3132
    2802       1.2911
    2803       1.3534
    2804       1.2881
    2805       1.3108
    2806       1.2613
    2807       1.3666
    2808       1.2796
    2809       1.2181
    2810       1.2805
    2811       1.2146
    2812       1.2517
    2813       1.2855
    2814       1.2559
    2815       1.2127
    2816       1.2505
    2817       1.2739
    2818       1.2970
    2819       1.3001
    2820       1.3156
    2821       1.3370
    2822       1.2244
    2823       1.2737
    2824       1.2837
    2825       1.2790
    2826       1.2454
    2827       1.2664
    2828       1.2926
    2829       1.2820
    2830       1.2519
    2831       1.2524
    2832       1.2817
    2833       1.3023
    2834       1.2171
    2835       1.2671
    2836       1.2928
    2837       1.2249
    2838       1.2524
    2839       1.2844
    2840       1.3081
    2841       1.2294
    2842       1.2634
    2843       1.2236
    2844       1.2956
    2845       1.2144
    2846       1.2378
    2847       1.2583
    2848       1.2542
    2849       1.2698
    2850       1.2737
    2851       1.2199
    2852       1.2498
    2853       1.2243
    2854       1.2185
    2855       1.1748
    2856       1.2501
    2857       1.2984
    2858       1.2875
    2859       1.2753
    2860       1.2150
    2861       1.2402
    2862       1.2448
    2863       1.2139
    2864       1.2052
    2865       1.1973
    2866       1.2664
    2867       1.2326
    2868       1.2627
    2869       1.2629
    2870       1.2919
    2871       1.3082
    2872       1.3623
    2873       1.3387
    2874       1.3169
    2875       1.3038
    2876       1.3589
    2877       1.3816
    2878       1.3412
    2879       1.4087
    2880       1.3003
    2881       1.4312
    2882       1.3766
    2883       1.3654
    2884       1.3493
    2885       1.4162
    2886       1.3765
    2887       1.2923
    2888       1.3236
    2889       1.3052
    2890       1.2975
    2891       1.3087
    2892       1.3386
    2893       1.3277
    2894       1.3237
    2895       1.5039
    2896       1.4341
    2897       1.4009
    2898       1.3580
    2899       1.3007
    2900       1.3031
    2901       1.4204
    2902       1.3920
    2903       1.4090
    2904       1.3713
    2905       1.3936
    2906       1.4835
    2907       1.4590
    2908       1.4395
    2909       1.4286
    2910       1.4647
    2911       1.4912
    2912       1.3706
    2913       1.4094
    2914       1.4161
    2915       1.4317
    2916       1.4293
    2917       1.4445
    2918       1.4337
    2919       1.4032
    2920       1.3525
    2921       1.3491
    2922       1.3590
    2923       1.3655
    2924       1.3591
    2925       1.3056
    2926       1.3093
    2927       1.3444
    2928       1.3927
    2929       1.3849
    2930       1.3993
    2931       1.3609
    2932       1.3926
    2933       1.4616
    2934       1.4104
    2935       1.3755
    2936       1.3478
    2937       1.3583
    2938       1.3561
    2939       1.3527
    2940       1.3419
    2941       1.3625
    2942       1.3466
    2943       1.2743
    2944       1.3040
    2945       1.3286
    2946       1.4218
    2947       1.3316
    2948       1.3344
    2949       1.3213
    2950       1.3503
    2951       1.4070
    2952       1.3428
    2953       1.3046
    2954       1.3550
    2955       1.3767
    2956       1.4057
    2957       1.3626
    2958       1.4364
    2959       1.4723
    2960       1.5068
    2961       1.4884
    2962       1.4192
    2963       1.3786
    2964       1.4195
    2965       1.4120
    2966       1.3587
    2967       1.4556
    2968       1.4458
    2969       1.3614
    2970       1.3927
    2971       1.4527
    2972       1.4875
    2973       1.4437
    2974       1.3665
    2975       1.4147
    2976       1.4286
    2977       1.4208
    2978       1.4463
    2979       1.4746
    2980       1.4735
    2981       1.4425
    2982       1.4223
    2983       1.3974
    2984       1.4604
    2985       1.3994
    2986       1.4541
    2987       1.4637
    2988       1.4140
    2989       1.3297
    2990       1.3314
    2991       1.2959
    2992       1.3208
    2993       1.4032
    2994       1.3707
    2995       1.3738
    2996       1.3399
    2997       1.3562
    2998       1.4128
    2999       1.4106
    3000       1.4046
    3001       1.3711
    3002       1.3990
    3003       1.4731
    3004       1.4059
    3005       1.4132
    3006       1.3916
    3007       1.3947
    3008       1.4107
    3009       1.4422
    3010       1.4280
    3011       1.3731
    3012       1.3424
    3013       1.3666
    3014       1.3113
    3015       1.2978
    3016       1.3027
    3017       1.2446
    3018       1.2630
    3019       1.2860
    3020       1.2929
    3021       1.3269
    3022       1.3445
    3023       1.3941
    3024       1.3929
    3025       1.4885
    3026       1.4761
    3027       1.4133
    3028       1.4212
    3029       1.4067
    3030       1.3857
    3031       1.4373
    3032       1.4331
    3033       1.3943
    3034       1.4469
    3035       1.4228
    3036       1.3751
    3037       1.3748
    3038       1.3443
    3039       1.3171
    3040       1.3253
    3041       1.3379
    3042       1.4041
    3043       1.4818
    3044       1.4193
    3045       1.3923
    3046       1.4824
    3047       1.4952
    3048       1.4356
    3049       1.4619
    3050       1.4210
    3051       1.3677
    3052       1.3661
    3053       1.3338
    3054       1.3941
    3055       1.3965
    3056       1.3618
    3057       1.4051
    3058       1.3749
    3059       1.3916
    3060       1.4393
    3061       1.4164
    3062       1.4167
    3063       1.3963
    3064       1.4158
    3065       1.4477
    3066       1.3807
    3067       1.4048
    3068       1.4049
    3069       1.3738
    3070       1.3055
    3071       1.3467
    3072       1.3176
    3073       1.3699
    3074       1.3734
    3075       1.3362
    3076       1.3905
    3077       1.4051
    3078       1.4059
    3079       1.3585
    3080       1.3801
    3081       1.4104
    3082       1.4173
    3083       1.3644
    3084       1.2977
    3085       1.3525
    3086       1.4034
    3087       1.4255
    3088       1.4927
    3089       1.3990
    3090       1.4516
    3091       1.4059
    3092       1.4376
    3093       1.4203
    3094       1.4314
    3095       1.3979
    3096       1.4004
    3097       1.3895
    3098       1.4354
    3099       1.4367
    3100       1.3686
    3101       1.4263
    3102       1.3438
    3103       1.4201
    3104       1.3866
    3105       1.3119
    3106       1.2901
    3107       1.3647
    3108       1.3959
    3109       1.3968
    3110       1.4426
    3111       1.4074
    3112       1.3667
    3113       1.3736
    3114       1.4570
    3115       1.3981
    3116       1.4093
    3117       1.3540
    3118       1.3187
    3119       1.3672
    3120       1.3534
    3121       1.3819
    3122       1.4039
    3123       1.3557
    3124       1.3477
    3125       1.3691
