#Frame     RMSD_00001
       1       0.0000
       2       0.5971
       3       0.7148
       4       0.6862
       5       0.6441
       6       0.7647
       7       0.7919
       8       0.7531
       9       0.7901
      10       0.8223
      11       0.8089
      12       0.8771
      13       0.9170
      14       0.9013
      15       0.8713
      16       0.8936
      17       0.9340
      18       0.9383
      19       0.9310
      20       0.9797
      21       0.9810
      22       1.0007
      23       1.0096
      24       0.9599
      25       0.9763
      26       0.9870
      27       1.0255
      28       1.0480
      29       0.9849
      30       0.9184
      31       0.9168
      32       1.0184
      33       0.9837
      34       0.9374
      35       0.9554
      36       1.0356
      37       0.9412
      38       0.9639
      39       0.9452
      40       0.9681
      41       0.9204
      42       0.9682
      43       0.9984
      44       1.0189
      45       0.9617
      46       0.9904
      47       0.9562
      48       0.9753
      49       0.9893
      50       1.0353
      51       1.1024
      52       1.0595
      53       0.9179
      54       0.9429
      55       1.0652
      56       1.0487
      57       1.0971
      58       1.0953
      59       1.0832
      60       1.1233
      61       1.1289
      62       1.1717
      63       1.1815
      64       1.1463
      65       1.1322
      66       1.0889
      67       1.0430
      68       1.0820
      69       1.1169
      70       1.0875
      71       1.0336
      72       0.9989
      73       0.9703
      74       1.0884
      75       1.0507
      76       1.0388
      77       1.0602
      78       0.9980
      79       1.0581
      80       1.0645
      81       1.0662
      82       1.0984
      83       1.0917
      84       1.1029
      85       1.0690
      86       1.0630
      87       1.1204
      88       1.2019
      89       1.0994
      90       1.1332
      91       1.1972
      92       1.2648
      93       1.2434
      94       1.1617
      95       1.0805
      96       1.1257
      97       1.0487
      98       1.1252
      99       1.1593
     100       1.1550
     101       1.1744
     102       1.1782
     103       1.0708
     104       1.2052
     105       1.2036
     106       1.1006
     107       1.1249
     108       1.1035
     109       1.0759
     110       1.0867
     111       1.1263
     112       1.1812
     113       1.1736
     114       1.1477
     115       1.0975
     116       1.1455
     117       1.1949
     118       1.2121
     119       1.2035
     120       1.2872
     121       1.3539
     122       1.3929
     123       1.3572
     124       1.3157
     125       1.2770
     126       1.2569
     127       1.2062
     128       1.2242
     129       1.3030
     130       1.3646
     131       1.3724
     132       1.3882
     133       1.3552
     134       1.3738
     135       1.3803
     136       1.3505
     137       1.2445
     138       1.2583
     139       1.2038
     140       1.2234
     141       1.2257
     142       1.2415
     143       1.3009
     144       1.2804
     145       1.2219
     146       1.2441
     147       1.3054
     148       1.4072
     149       1.3379
     150       1.4783
     151       1.3676
     152       1.3309
     153       1.3615
     154       1.2473
     155       1.2323
     156       1.2381
     157       1.3414
     158       1.2320
     159       1.1723
     160       1.2130
     161       1.2295
     162       1.2922
     163       1.2031
     164       1.1568
     165       1.2272
     166       1.2760
     167       1.3123
     168       1.2382
     169       1.2318
     170       1.2455
     171       1.2780
     172       1.2770
     173       1.4290
     174       1.3693
     175       1.4238
     176       1.4371
     177       1.4046
     178       1.4220
     179       1.4285
     180       1.3617
     181       1.3400
     182       1.2331
     183       1.3773
     184       1.4105
     185       1.4067
     186       1.3616
     187       1.2826
     188       1.4029
     189       1.4217
     190       1.5148
     191       1.5567
     192       1.6281
     193       1.5895
     194       1.5969
     195       1.5643
     196       1.5362
     197       1.4875
     198       1.4333
     199       1.4923
     200       1.5386
     201       1.5012
     202       1.4582
     203       1.4558
     204       1.3951
     205       1.4830
     206       1.4471
     207       1.4117
     208       1.3480
     209       1.3657
     210       1.3190
     211       1.3986
     212       1.4193
     213       1.4285
     214       1.3847
     215       1.4371
     216       1.3513
     217       1.3916
     218       1.3336
     219       1.3051
     220       1.2221
     221       1.2667
     222       1.3043
     223       1.3003
     224       1.3154
     225       1.3455
     226       1.4070
     227       1.4479
     228       1.5238
     229       1.4792
     230       1.4400
     231       1.3935
     232       1.4946
     233       1.4706
     234       1.5179
     235       1.4831
     236       1.5150
     237       1.4642
     238       1.5077
     239       1.3992
     240       1.3638
     241       1.3717
     242       1.5149
     243       1.5081
     244       1.4350
     245       1.5109
     246       1.5144
     247       1.5380
     248       1.4934
     249       1.5488
     250       1.5818
     251       1.5776
     252       1.5535
     253       1.5159
     254       1.5522
     255       1.4899
     256       1.5594
     257       1.5684
     258       1.5723
     259       1.5361
     260       1.5223
     261       1.5454
     262       1.5937
     263       1.5317
     264       1.5471
     265       1.5395
     266       1.4508
     267       1.4440
     268       1.4334
     269       1.5684
     270       1.5616
     271       1.4968
     272       1.5570
     273       1.5069
     274       1.5066
     275       1.4783
     276       1.4363
     277       1.5377
     278       1.5269
     279       1.5112
     280       1.4309
     281       1.5032
     282       1.5732
     283       1.6622
     284       1.6927
     285       1.6343
     286       1.6068
     287       1.6441
     288       1.5502
     289       1.5952
     290       1.6356
     291       1.5111
     292       1.4832
     293       1.5916
     294       1.5559
     295       1.5652
     296       1.5422
     297       1.5123
     298       1.5886
     299       1.6249
     300       1.6248
     301       1.7180
     302       1.6996
     303       1.6141
     304       1.6208
     305       1.5797
     306       1.6622
     307       1.6985
     308       1.6745
     309       1.6028
     310       1.6687
     311       1.6948
     312       1.6723
     313       1.6182
     314       1.5874
     315       1.5583
     316       1.4846
     317       1.5743
     318       1.6782
     319       1.6910
     320       1.6806
     321       1.5974
     322       1.5981
     323       1.5000
     324       1.5109
     325       1.5179
     326       1.5469
     327       1.5566
     328       1.6300
     329       1.5939
     330       1.5824
     331       1.5275
     332       1.4793
     333       1.5788
     334       1.6424
     335       1.5343
     336       1.4490
     337       1.4178
     338       1.4925
     339       1.3895
     340       1.4993
     341       1.5191
     342       1.5559
     343       1.5402
     344       1.4384
     345       1.4008
     346       1.3474
     347       1.4129
     348       1.3218
     349       1.3233
     350       1.3778
     351       1.3563
     352       1.4026
     353       1.3626
     354       1.4719
     355       1.4960
     356       1.4348
     357       1.4296
     358       1.4277
     359       1.3928
     360       1.3290
     361       1.3146
     362       1.3634
     363       1.3475
     364       1.3794
     365       1.3831
     366       1.3090
     367       1.2526
     368       1.3067
     369       1.3114
     370       1.3516
     371       1.2746
     372       1.4666
     373       1.4286
     374       1.3354
     375       1.2374
     376       1.2246
     377       1.2085
     378       1.3315
     379       1.3320
     380       1.2616
     381       1.3309
     382       1.5144
     383       1.4274
     384       1.4870
     385       1.6097
     386       1.5864
     387       1.4880
     388       1.5558
     389       1.5505
     390       1.5507
     391       1.4589
     392       1.3976
     393       1.5443
     394       1.5282
     395       1.5257
     396       1.4428
     397       1.4362
     398       1.3963
     399       1.3499
     400       1.3789
     401       1.3827
     402       1.4494
     403       1.3010
     404       1.2437
     405       1.2647
     406       1.3785
     407       1.3503
     408       1.4711
     409       1.4640
     410       1.4668
     411       1.4244
     412       1.4585
     413       1.2799
     414       1.2772
     415       1.2256
     416       1.1878
     417       1.2691
     418       1.2036
     419       1.1879
     420       1.1856
     421       1.1723
     422       1.1625
     423       1.1830
     424       1.2394
     425       1.2301
     426       1.1880
     427       1.1604
     428       1.2022
     429       1.1779
     430       1.2096
     431       1.2207
     432       1.1548
     433       1.1697
     434       1.2041
     435       1.2824
     436       1.2857
     437       1.2512
     438       1.2520
     439       1.2820
     440       1.2551
     441       1.3077
     442       1.3553
     443       1.2708
     444       1.3929
     445       1.4242
     446       1.3762
     447       1.3291
     448       1.3284
     449       1.3205
     450       1.3333
     451       1.3284
     452       1.3853
     453       1.3431
     454       1.3649
     455       1.4003
     456       1.3301
     457       1.3061
     458       1.2898
     459       1.3151
     460       1.3441
     461       1.3179
     462       1.2077
     463       1.2880
     464       1.2764
     465       1.2862
     466       1.3234
     467       1.3361
     468       1.2088
     469       1.2266
     470       1.2927
     471       1.2667
     472       1.2839
     473       1.2856
     474       1.2893
     475       1.2933
     476       1.3917
     477       1.3451
     478       1.2966
     479       1.2393
     480       1.2813
     481       1.3215
     482       1.2318
     483       1.2479
     484       1.3479
     485       1.2774
     486       1.4288
     487       1.4840
     488       1.4225
     489       1.3812
     490       1.4478
     491       1.5065
     492       1.3436
     493       1.3933
     494       1.3552
     495       1.3162
     496       1.3293
     497       1.3456
     498       1.2675
     499       1.2820
     500       1.2747
     501       1.3306
     502       1.3212
     503       1.1868
     504       1.2064
     505       1.2446
     506       1.3042
     507       1.4168
     508       1.3849
     509       1.3608
     510       1.3393
     511       1.3517
     512       1.3414
     513       1.3244
     514       1.3205
     515       1.2808
     516       1.3519
     517       1.2949
     518       1.2133
     519       1.1634
     520       1.1144
     521       1.1258
     522       1.1906
     523       1.1478
     524       1.0252
     525       1.1072
     526       1.1107
     527       1.1644
     528       1.2081
     529       1.3101
     530       1.3039
     531       1.3549
     532       1.3246
     533       1.3196
     534       1.3235
     535       1.3259
     536       1.3571
     537       1.3671
     538       1.3732
     539       1.3710
     540       1.2989
     541       1.3364
     542       1.3842
     543       1.2748
     544       1.2846
     545       1.3769
     546       1.3371
     547       1.3783
     548       1.4159
     549       1.4696
     550       1.3632
     551       1.3404
     552       1.3871
     553       1.3120
     554       1.3353
     555       1.3007
     556       1.2858
     557       1.2686
     558       1.3427
     559       1.2842
     560       1.3107
     561       1.3313
     562       1.3564
     563       1.2797
     564       1.3872
     565       1.4357
     566       1.4097
     567       1.4777
     568       1.3965
     569       1.3327
     570       1.3369
     571       1.3938
     572       1.4680
     573       1.3775
     574       1.3621
     575       1.2942
     576       1.3568
     577       1.3587
     578       1.2911
     579       1.3467
     580       1.4024
     581       1.2789
     582       1.2495
     583       1.2602
     584       1.2502
     585       1.3519
     586       1.4576
     587       1.4394
     588       1.4692
     589       1.4386
     590       1.4679
     591       1.4984
     592       1.4365
     593       1.4171
     594       1.3058
     595       1.3584
     596       1.3941
     597       1.3435
     598       1.3375
     599       1.2353
     600       1.2705
     601       1.4054
     602       1.4353
     603       1.4046
     604       1.3765
     605       1.3837
     606       1.5080
     607       1.4265
     608       1.4521
     609       1.4347
     610       1.3821
     611       1.3424
     612       1.2421
     613       1.2651
     614       1.2173
     615       1.2389
     616       1.2830
     617       1.2937
     618       1.2702
     619       1.2164
     620       1.2456
     621       1.2033
     622       1.1805
     623       1.1736
     624       1.1451
     625       1.1862
     626       1.1632
     627       1.1539
     628       1.1177
     629       1.1164
     630       1.2228
     631       1.2238
     632       1.1765
     633       1.1887
     634       1.1430
     635       1.1476
     636       1.0950
     637       1.1564
     638       1.1489
     639       1.0901
     640       1.1175
     641       1.1720
     642       1.2373
     643       1.1784
     644       1.1606
     645       1.1550
     646       1.2105
     647       1.1931
     648       1.2367
     649       1.2858
     650       1.2896
     651       1.2217
     652       1.2659
     653       1.3152
     654       1.3695
     655       1.4266
     656       1.4213
     657       1.4228
     658       1.3343
     659       1.3851
     660       1.5375
     661       1.4993
     662       1.3899
     663       1.4501
     664       1.4491
     665       1.4883
     666       1.4084
     667       1.5516
     668       1.5527
     669       1.4741
     670       1.4365
     671       1.4639
     672       1.4224
     673       1.5082
     674       1.5066
     675       1.4915
     676       1.5601
     677       1.4633
     678       1.4973
     679       1.3633
     680       1.2628
     681       1.2020
     682       1.2525
     683       1.3401
     684       1.2695
     685       1.2822
     686       1.2792
     687       1.2869
     688       1.2543
     689       1.1923
     690       1.2263
     691       1.1566
     692       1.2076
     693       1.1776
     694       1.3463
     695       1.3101
     696       1.3206
     697       1.2763
     698       1.3049
     699       1.2029
     700       1.3643
     701       1.3890
     702       1.3035
     703       1.3103
     704       1.3236
     705       1.2582
     706       1.2197
     707       1.2365
     708       1.2407
     709       1.2408
     710       1.1846
     711       1.2884
     712       1.2881
     713       1.2514
     714       1.2087
     715       1.2753
     716       1.2318
     717       1.2130
     718       1.2761
     719       1.2392
     720       1.2621
     721       1.3010
     722       1.2574
     723       1.2505
     724       1.2979
     725       1.1922
     726       1.2721
     727       1.3873
     728       1.2834
     729       1.2058
     730       1.2471
     731       1.2972
     732       1.3559
     733       1.4282
     734       1.4601
     735       1.4274
     736       1.3837
     737       1.3469
     738       1.3107
     739       1.2801
     740       1.3486
     741       1.3739
     742       1.3161
     743       1.3230
     744       1.2591
     745       1.3194
     746       1.2974
     747       1.3434
     748       1.3873
     749       1.4794
     750       1.5728
     751       1.5284
     752       1.5252
     753       1.5021
     754       1.5040
     755       1.5725
     756       1.5701
     757       1.4872
     758       1.3995
     759       1.3763
     760       1.3712
     761       1.3663
     762       1.3723
     763       1.3835
     764       1.4517
     765       1.4695
     766       1.5418
     767       1.4343
     768       1.3827
     769       1.4321
     770       1.4482
     771       1.4904
     772       1.4910
     773       1.4214
     774       1.4023
     775       1.3887
     776       1.2890
     777       1.3139
     778       1.2678
     779       1.2830
     780       1.3153
     781       1.3591
     782       1.3409
     783       1.4605
     784       1.3897
     785       1.4119
     786       1.3436
     787       1.3850
     788       1.3795
     789       1.4121
     790       1.4119
     791       1.4375
     792       1.4241
     793       1.4216
     794       1.4000
     795       1.3871
     796       1.4396
     797       1.3284
     798       1.4193
     799       1.3231
     800       1.4351
     801       1.4195
     802       1.3427
     803       1.3924
     804       1.4186
     805       1.4019
     806       1.4295
     807       1.4683
     808       1.3753
     809       1.3797
     810       1.3325
     811       1.2800
     812       1.3063
     813       1.2857
     814       1.2769
     815       1.3096
     816       1.2593
     817       1.3119
     818       1.3463
     819       1.2656
     820       1.2835
     821       1.2585
     822       1.2664
     823       1.2441
     824       1.2936
     825       1.3622
     826       1.3603
     827       1.3499
     828       1.3223
     829       1.3276
     830       1.3724
     831       1.4164
     832       1.4474
     833       1.3432
     834       1.3007
     835       1.3837
     836       1.3604
     837       1.2960
     838       1.2593
     839       1.2782
     840       1.2086
     841       1.3107
     842       1.2732
     843       1.2110
     844       1.1251
     845       1.2324
     846       1.1867
     847       1.1433
     848       1.1650
     849       1.1489
     850       1.1189
     851       1.1728
     852       1.0788
     853       1.1684
     854       1.1848
     855       1.1386
     856       1.1300
     857       1.1226
     858       1.1440
     859       1.1422
     860       1.0992
     861       1.0282
     862       1.0355
     863       1.0805
     864       1.0986
     865       1.0696
     866       1.1263
     867       1.0803
     868       1.1079
     869       1.0818
     870       1.0345
     871       1.0290
     872       1.0558
     873       1.0052
     874       1.0070
     875       1.0088
     876       0.9269
     877       0.9492
     878       0.9563
     879       0.9838
     880       1.1003
     881       1.1135
     882       0.9560
     883       1.0036
     884       1.0094
     885       1.0358
     886       0.9475
     887       0.9952
     888       1.0143
     889       0.9699
     890       0.9761
     891       0.9576
     892       0.9835
     893       1.0926
     894       1.0927
     895       1.1587
     896       1.1586
     897       1.2199
     898       1.2347
     899       1.1663
     900       1.1864
     901       1.1300
     902       1.1204
     903       1.1014
     904       1.1308
     905       1.0751
     906       1.1959
     907       1.3032
     908       1.2506
     909       1.1610
     910       1.1803
     911       1.2672
     912       1.3073
     913       1.2925
     914       1.3922
     915       1.3346
     916       1.3644
     917       1.3221
     918       1.3765
     919       1.3125
     920       1.2948
     921       1.2609
     922       1.1253
     923       1.1558
     924       1.1603
     925       1.1463
     926       1.1954
     927       1.2046
     928       1.1878
     929       1.2363
     930       1.2537
     931       1.1720
     932       1.2172
     933       1.1967
     934       1.1294
     935       1.1271
     936       1.0926
     937       1.1196
     938       1.1459
     939       1.2017
     940       1.2161
     941       1.3077
     942       1.2428
     943       1.2201
     944       1.0842
     945       1.1171
     946       1.1663
     947       1.1378
     948       1.1914
     949       1.1798
     950       1.2273
     951       1.1593
     952       1.1983
     953       1.1278
     954       1.1308
     955       1.1279
     956       1.1239
     957       1.0903
     958       1.1251
     959       1.1471
     960       1.1934
     961       1.2146
     962       1.2279
     963       1.2482
     964       1.2198
     965       1.1797
     966       1.1783
     967       1.1966
     968       1.2325
     969       1.2522
     970       1.1993
     971       1.1679
     972       1.2754
     973       1.2412
     974       1.3089
     975       1.2912
     976       1.2987
     977       1.2563
     978       1.3237
     979       1.2695
     980       1.2850
     981       1.1803
     982       1.2897
     983       1.3683
     984       1.4539
     985       1.4842
     986       1.3832
     987       1.3674
     988       1.3267
     989       1.2990
     990       1.2707
     991       1.2197
     992       1.2826
     993       1.1884
     994       1.2207
     995       1.2400
     996       1.1951
     997       1.1978
     998       1.1936
     999       1.1609
    1000       1.2070
    1001       1.1421
    1002       1.0627
    1003       1.0805
    1004       1.1356
    1005       1.1538
    1006       1.1276
    1007       1.1530
    1008       1.1332
    1009       1.1286
    1010       1.1292
    1011       1.0794
    1012       1.1243
    1013       1.0866
    1014       1.1026
    1015       1.1039
    1016       1.1339
    1017       1.1120
    1018       1.1526
    1019       1.1479
    1020       1.1836
    1021       1.2182
    1022       1.1715
    1023       1.0944
    1024       1.0900
    1025       1.0497
    1026       0.9924
    1027       1.0614
    1028       0.9918
    1029       1.0117
    1030       1.0977
    1031       1.0514
    1032       1.0473
    1033       1.0182
    1034       1.0907
    1035       1.0917
    1036       1.0925
    1037       1.1018
    1038       1.0953
    1039       1.1199
    1040       1.0840
    1041       1.0097
    1042       1.0605
    1043       1.0726
    1044       1.0320
    1045       1.0219
    1046       1.0151
    1047       1.0226
    1048       1.0378
    1049       1.0273
    1050       1.0600
    1051       1.0508
    1052       1.0401
    1053       1.0429
    1054       1.0200
    1055       1.0024
    1056       1.0405
    1057       1.0078
    1058       1.0811
    1059       1.0254
    1060       1.0687
    1061       1.0980
    1062       1.1230
    1063       1.0940
    1064       1.0185
    1065       1.0808
    1066       1.0802
    1067       1.1297
    1068       1.1300
    1069       1.0345
    1070       1.1125
    1071       1.0501
    1072       0.9879
    1073       0.9910
    1074       1.0709
    1075       1.0801
    1076       1.0736
    1077       1.0854
    1078       1.0370
    1079       1.0620
    1080       1.0644
    1081       1.1015
    1082       1.0766
    1083       1.0993
    1084       0.9705
    1085       1.0010
    1086       0.9744
    1087       1.1078
    1088       1.0584
    1089       0.9922
    1090       0.9893
    1091       1.0486
    1092       1.0392
    1093       1.1547
    1094       1.1418
    1095       1.1636
    1096       1.1104
    1097       1.0772
    1098       1.0308
    1099       0.9803
    1100       1.0597
    1101       1.1400
    1102       1.0793
    1103       1.0700
    1104       1.0874
    1105       1.1085
    1106       1.0536
    1107       1.0773
    1108       1.0520
    1109       1.0506
    1110       1.0433
    1111       1.0895
    1112       1.1017
    1113       1.1294
    1114       1.1734
    1115       1.1049
    1116       1.1548
    1117       1.2206
    1118       1.2089
    1119       1.2222
    1120       1.2655
    1121       1.1896
    1122       1.2225
    1123       1.1811
    1124       1.1487
    1125       1.1510
    1126       1.1911
    1127       1.1169
    1128       1.1893
    1129       1.2304
    1130       1.2663
    1131       1.3008
    1132       1.2448
    1133       1.1610
    1134       1.1738
    1135       1.0971
    1136       1.1136
    1137       1.1336
    1138       1.1363
    1139       1.0833
    1140       1.1222
    1141       1.0766
    1142       1.0857
    1143       1.1062
    1144       1.0349
    1145       1.1102
    1146       1.1129
    1147       1.1053
    1148       1.1562
    1149       1.1412
    1150       1.1212
    1151       1.0938
    1152       1.0301
    1153       1.0961
    1154       1.1392
    1155       1.0699
    1156       1.0827
    1157       1.1161
    1158       1.1285
    1159       1.0628
    1160       1.0864
    1161       1.1020
    1162       1.1185
    1163       1.0969
    1164       1.1833
    1165       1.0621
    1166       1.1333
    1167       1.1134
    1168       1.0628
    1169       1.0247
    1170       1.0775
    1171       1.0904
    1172       1.1149
    1173       1.1074
    1174       1.1442
    1175       1.1267
    1176       1.0822
    1177       1.1589
    1178       1.0979
    1179       1.0594
    1180       1.1182
    1181       1.0600
    1182       1.0526
    1183       1.0975
    1184       1.0513
    1185       1.0425
    1186       1.1420
    1187       1.1320
    1188       1.1376
    1189       1.1231
    1190       1.1156
    1191       1.0936
    1192       1.0295
    1193       1.0800
    1194       1.0473
    1195       1.0502
    1196       1.0715
    1197       1.1100
    1198       1.1756
    1199       1.2746
    1200       1.2410
    1201       1.2150
    1202       1.2151
    1203       1.1974
    1204       1.2751
    1205       1.1953
    1206       1.1935
    1207       1.2156
    1208       1.2265
    1209       1.2013
    1210       1.2366
    1211       1.2107
    1212       1.3063
    1213       1.2465
    1214       1.2381
    1215       1.1377
    1216       1.1746
    1217       1.2274
    1218       1.1781
    1219       1.1568
    1220       1.1438
    1221       1.0562
    1222       1.1356
    1223       1.0858
    1224       1.0819
    1225       1.1320
    1226       1.0827
    1227       1.0531
    1228       1.0744
    1229       1.0410
    1230       1.0908
    1231       1.1115
    1232       1.0439
    1233       1.1282
    1234       1.1318
    1235       1.1052
    1236       1.1300
    1237       1.1780
    1238       1.1440
    1239       1.1682
    1240       1.2469
    1241       1.1720
    1242       1.2328
    1243       1.1887
    1244       1.2316
    1245       1.2555
    1246       1.2857
    1247       1.2546
    1248       1.2784
    1249       1.2853
    1250       1.2308
    1251       1.2498
    1252       1.2988
    1253       1.2416
    1254       1.2869
    1255       1.2549
    1256       1.1738
    1257       1.1466
    1258       1.2049
    1259       1.1957
    1260       1.1510
    1261       1.2227
    1262       1.2504
    1263       1.1409
    1264       1.1556
    1265       1.1919
    1266       1.1767
    1267       1.1033
    1268       1.1695
    1269       1.1476
    1270       1.2556
    1271       1.3049
    1272       1.1981
    1273       1.2143
    1274       1.2118
    1275       1.2459
    1276       1.2469
    1277       1.1989
    1278       1.2718
    1279       1.3879
    1280       1.3522
    1281       1.3624
    1282       1.4441
    1283       1.4744
    1284       1.4138
    1285       1.3441
    1286       1.3370
    1287       1.3414
    1288       1.2292
    1289       1.2308
    1290       1.2658
    1291       1.2962
    1292       1.2796
    1293       1.2978
    1294       1.3118
    1295       1.3733
    1296       1.4148
    1297       1.4254
    1298       1.3920
    1299       1.4522
    1300       1.4728
    1301       1.3714
    1302       1.4392
    1303       1.3403
    1304       1.3949
    1305       1.4229
    1306       1.4083
    1307       1.4402
    1308       1.3503
    1309       1.4138
    1310       1.4300
    1311       1.4025
    1312       1.4368
    1313       1.4458
    1314       1.4029
    1315       1.4397
    1316       1.4691
    1317       1.5567
    1318       1.5394
    1319       1.4918
    1320       1.5392
    1321       1.5380
    1322       1.4410
    1323       1.3810
    1324       1.3877
    1325       1.4468
    1326       1.3103
    1327       1.3559
    1328       1.3676
    1329       1.2876
    1330       1.3457
    1331       1.3733
    1332       1.3970
    1333       1.4741
    1334       1.4439
    1335       1.4667
    1336       1.4347
    1337       1.4261
    1338       1.4261
    1339       1.5080
    1340       1.4464
    1341       1.4335
    1342       1.4836
    1343       1.4855
    1344       1.4450
    1345       1.3671
    1346       1.4166
    1347       1.3630
    1348       1.3922
    1349       1.3189
    1350       1.3578
    1351       1.3731
    1352       1.3581
    1353       1.3537
    1354       1.3781
    1355       1.3903
    1356       1.3918
    1357       1.3750
    1358       1.3896
    1359       1.3919
    1360       1.2920
    1361       1.2820
    1362       1.3621
    1363       1.3979
    1364       1.3174
    1365       1.3877
    1366       1.4464
    1367       1.4578
    1368       1.4213
    1369       1.4309
    1370       1.4153
    1371       1.3171
    1372       1.3296
    1373       1.3170
    1374       1.2180
    1375       1.2393
    1376       1.2758
    1377       1.2276
    1378       1.2888
    1379       1.3436
    1380       1.3427
    1381       1.3898
    1382       1.3855
    1383       1.3631
    1384       1.3804
    1385       1.3922
    1386       1.4274
    1387       1.3064
    1388       1.3513
    1389       1.3332
    1390       1.3806
    1391       1.3583
    1392       1.3203
    1393       1.2706
    1394       1.2767
    1395       1.1637
    1396       1.2256
    1397       1.1871
    1398       1.1820
    1399       1.2211
    1400       1.1974
    1401       1.2484
    1402       1.2729
    1403       1.2746
    1404       1.3001
    1405       1.3074
    1406       1.3256
    1407       1.3228
    1408       1.2702
    1409       1.2593
    1410       1.2425
    1411       1.2553
    1412       1.2211
    1413       1.2796
    1414       1.2039
    1415       1.2385
    1416       1.2217
    1417       1.2512
    1418       1.1768
    1419       1.2434
    1420       1.2683
    1421       1.3263
    1422       1.4007
    1423       1.4292
    1424       1.3911
    1425       1.5001
    1426       1.4465
    1427       1.5165
    1428       1.4741
    1429       1.4338
    1430       1.3545
    1431       1.3330
    1432       1.2883
    1433       1.2965
    1434       1.2737
    1435       1.2563
    1436       1.2029
    1437       1.2317
    1438       1.2145
    1439       1.2201
    1440       1.2853
    1441       1.2787
    1442       1.2975
    1443       1.3286
    1444       1.3165
    1445       1.2792
    1446       1.2896
    1447       1.2275
    1448       1.3004
    1449       1.2379
    1450       1.2156
    1451       1.2177
    1452       1.1789
    1453       1.2102
    1454       1.2770
    1455       1.2873
    1456       1.1937
    1457       1.2134
    1458       1.2086
    1459       1.2462
    1460       1.2280
    1461       1.2136
    1462       1.2468
    1463       1.2289
    1464       1.2383
    1465       1.2829
    1466       1.2631
    1467       1.2876
    1468       1.2274
    1469       1.3114
    1470       1.2724
    1471       1.3286
    1472       1.3522
    1473       1.3448
    1474       1.4043
    1475       1.4111
    1476       1.3431
    1477       1.4190
    1478       1.2783
    1479       1.2863
    1480       1.2437
    1481       1.2354
    1482       1.2156
    1483       1.2596
    1484       1.2148
    1485       1.1894
    1486       1.2730
    1487       1.2055
    1488       1.2062
    1489       1.2049
    1490       1.1789
    1491       1.1284
    1492       1.1686
    1493       1.2305
    1494       1.2551
    1495       1.2786
    1496       1.2639
    1497       1.3127
    1498       1.2502
    1499       1.2805
    1500       1.3402
    1501       1.2721
    1502       1.1815
    1503       1.1648
    1504       1.2107
    1505       1.2450
    1506       1.1712
    1507       1.2176
    1508       1.2387
    1509       1.2843
    1510       1.2157
    1511       1.2509
    1512       1.2617
    1513       1.2825
    1514       1.2853
    1515       1.2074
    1516       1.2107
    1517       1.1405
    1518       1.0951
    1519       1.1131
    1520       1.1065
    1521       1.1700
    1522       1.2220
    1523       1.2015
    1524       1.2363
    1525       1.2444
    1526       1.2458
    1527       1.3289
    1528       1.3455
    1529       1.3388
    1530       1.3597
    1531       1.2864
    1532       1.2441
    1533       1.2850
    1534       1.2774
    1535       1.3304
    1536       1.3400
    1537       1.3561
    1538       1.3861
    1539       1.4469
    1540       1.4119
    1541       1.3897
    1542       1.3295
    1543       1.2525
    1544       1.3752
    1545       1.3554
    1546       1.2707
    1547       1.3538
    1548       1.4218
    1549       1.4172
    1550       1.4808
    1551       1.5242
    1552       1.4787
    1553       1.3979
    1554       1.3932
    1555       1.4352
    1556       1.4556
    1557       1.4415
    1558       1.4732
    1559       1.4893
    1560       1.4355
    1561       1.4560
    1562       1.5314
    1563       1.5216
    1564       1.4871
    1565       1.4460
    1566       1.4453
    1567       1.3707
    1568       1.3960
    1569       1.3441
    1570       1.3485
    1571       1.3854
    1572       1.3759
    1573       1.3684
    1574       1.2945
    1575       1.3194
    1576       1.3435
    1577       1.3493
    1578       1.3301
    1579       1.3355
    1580       1.2698
    1581       1.3220
    1582       1.3575
    1583       1.3522
    1584       1.4370
    1585       1.3533
    1586       1.3392
    1587       1.3628
    1588       1.3104
    1589       1.2928
    1590       1.3022
    1591       1.3162
    1592       1.2378
    1593       1.2845
    1594       1.2994
    1595       1.2646
    1596       1.2677
    1597       1.2277
    1598       1.2340
    1599       1.2307
    1600       1.2956
    1601       1.2121
    1602       1.2333
    1603       1.1713
    1604       1.2694
    1605       1.2887
    1606       1.3385
    1607       1.3204
    1608       1.2846
    1609       1.2460
    1610       1.2766
    1611       1.2448
    1612       1.3119
    1613       1.3217
    1614       1.3741
    1615       1.3288
    1616       1.4644
    1617       1.4249
    1618       1.4567
    1619       1.5689
    1620       1.6377
    1621       1.6199
    1622       1.5539
    1623       1.4824
    1624       1.3792
    1625       1.3405
    1626       1.4050
    1627       1.3346
    1628       1.4089
    1629       1.3572
    1630       1.3272
    1631       1.3688
    1632       1.3344
    1633       1.3314
    1634       1.3777
    1635       1.3254
    1636       1.2816
    1637       1.2088
    1638       1.2609
    1639       1.3394
    1640       1.2676
    1641       1.3010
    1642       1.2400
    1643       1.2857
    1644       1.2186
    1645       1.2099
    1646       1.1510
    1647       1.1458
    1648       1.1481
    1649       1.2016
    1650       1.1741
    1651       1.1498
    1652       1.1966
    1653       1.1971
    1654       1.1426
    1655       1.1173
    1656       1.1925
    1657       1.2821
    1658       1.1990
    1659       1.1590
    1660       1.1858
    1661       1.2233
    1662       1.1185
    1663       1.1804
    1664       1.1676
    1665       1.1716
    1666       1.1182
    1667       1.1498
    1668       1.2012
    1669       1.1837
    1670       1.1410
    1671       1.1281
    1672       1.1825
    1673       1.2119
    1674       1.1944
    1675       1.1765
    1676       1.1647
    1677       1.1678
    1678       1.1879
    1679       1.1756
    1680       1.1451
    1681       1.1993
    1682       1.1735
    1683       1.1903
    1684       1.1342
    1685       1.1502
    1686       1.1872
    1687       1.1856
    1688       1.1385
    1689       1.1096
    1690       1.1353
    1691       1.1748
    1692       1.0925
    1693       1.1392
    1694       1.1199
    1695       1.1201
    1696       1.0877
    1697       1.0774
    1698       1.1326
    1699       1.1087
    1700       1.0652
    1701       1.0705
    1702       1.0572
    1703       1.0485
    1704       1.0030
    1705       0.9744
    1706       1.0787
    1707       1.1358
    1708       1.1570
    1709       1.1498
    1710       1.1706
    1711       1.1533
    1712       1.2222
    1713       1.1008
    1714       1.1337
    1715       1.0735
    1716       1.1059
    1717       1.0280
    1718       1.0500
    1719       0.9820
    1720       0.9983
    1721       1.0403
    1722       1.0363
    1723       1.0144
    1724       0.9854
    1725       1.0582
    1726       1.0652
    1727       1.0573
    1728       1.0526
    1729       1.0406
    1730       1.1102
    1731       1.0737
    1732       1.1325
    1733       1.1973
    1734       1.1550
    1735       1.1169
    1736       1.1373
    1737       1.1039
    1738       1.1409
    1739       1.1015
    1740       1.1309
    1741       1.1098
    1742       1.0795
    1743       1.0554
    1744       1.0466
    1745       1.0904
    1746       1.0576
    1747       1.0437
    1748       1.0624
    1749       0.9992
    1750       1.0542
    1751       1.0916
    1752       1.0704
    1753       1.0964
    1754       1.0585
    1755       1.1621
    1756       1.1389
    1757       1.0877
    1758       1.0903
    1759       1.0458
    1760       1.0410
    1761       1.0393
    1762       1.0552
    1763       1.0865
    1764       1.0728
    1765       1.1070
    1766       1.1361
    1767       1.1290
    1768       1.1405
    1769       1.1825
    1770       1.2064
    1771       1.1657
    1772       1.1551
    1773       1.1402
    1774       1.1121
    1775       1.1713
    1776       1.1461
    1777       1.1442
    1778       1.1537
    1779       1.1772
    1780       1.1638
    1781       1.2339
    1782       1.1863
    1783       1.1204
    1784       1.1376
    1785       1.1785
    1786       1.1235
    1787       1.2196
    1788       1.2193
    1789       1.2593
    1790       1.1550
    1791       1.2340
    1792       1.2696
    1793       1.2731
    1794       1.2994
    1795       1.2782
    1796       1.3230
    1797       1.3101
    1798       1.2629
    1799       1.1939
    1800       1.1991
    1801       1.2851
    1802       1.3015
    1803       1.3315
    1804       1.3369
    1805       1.2564
    1806       1.3482
    1807       1.3188
    1808       1.3192
    1809       1.2840
    1810       1.2702
    1811       1.2539
    1812       1.1984
    1813       1.2507
    1814       1.3065
    1815       1.2494
    1816       1.2768
    1817       1.2718
    1818       1.2552
    1819       1.2109
    1820       1.1679
    1821       1.2564
    1822       1.2584
    1823       1.2335
    1824       1.2338
    1825       1.2417
    1826       1.2594
    1827       1.2884
    1828       1.2802
    1829       1.3388
    1830       1.3298
    1831       1.2778
    1832       1.2401
    1833       1.3435
    1834       1.2860
    1835       1.2797
    1836       1.2590
    1837       1.4016
    1838       1.3261
    1839       1.4119
    1840       1.3555
    1841       1.4229
    1842       1.5180
    1843       1.4647
    1844       1.4057
    1845       1.5121
    1846       1.4342
    1847       1.4477
    1848       1.3949
    1849       1.4317
    1850       1.4508
    1851       1.4254
    1852       1.3828
    1853       1.4473
    1854       1.4689
    1855       1.5237
    1856       1.4105
    1857       1.3869
    1858       1.3417
    1859       1.4175
    1860       1.4231
    1861       1.3989
    1862       1.4061
    1863       1.4455
    1864       1.4724
    1865       1.3889
    1866       1.4255
    1867       1.3657
    1868       1.3738
    1869       1.3294
    1870       1.3993
    1871       1.3902
    1872       1.3657
    1873       1.4175
    1874       1.3705
    1875       1.3991
    1876       1.3500
    1877       1.4336
    1878       1.3892
    1879       1.4541
    1880       1.3487
    1881       1.4013
    1882       1.3618
    1883       1.3852
    1884       1.4694
    1885       1.5448
    1886       1.5302
    1887       1.5236
    1888       1.4988
    1889       1.5351
    1890       1.4849
    1891       1.4947
    1892       1.5076
    1893       1.4940
    1894       1.5413
    1895       1.5197
    1896       1.5719
    1897       1.4867
    1898       1.4590
    1899       1.4294
    1900       1.5190
    1901       1.5314
    1902       1.5481
    1903       1.5703
    1904       1.4577
    1905       1.4232
    1906       1.4504
    1907       1.4309
    1908       1.3889
    1909       1.4257
    1910       1.4132
    1911       1.4728
    1912       1.3807
    1913       1.4318
    1914       1.4150
    1915       1.4546
    1916       1.4174
    1917       1.4002
    1918       1.3951
    1919       1.3817
    1920       1.4525
    1921       1.4330
    1922       1.3333
    1923       1.3768
    1924       1.3221
    1925       1.2723
    1926       1.2481
    1927       1.3105
    1928       1.2740
    1929       1.2756
    1930       1.2569
    1931       1.3194
    1932       1.3716
    1933       1.4108
    1934       1.4179
    1935       1.4246
    1936       1.4256
    1937       1.3753
    1938       1.3396
    1939       1.3867
    1940       1.4316
    1941       1.3243
    1942       1.3889
    1943       1.3507
    1944       1.3235
    1945       1.2996
    1946       1.3093
    1947       1.3387
    1948       1.3602
    1949       1.3603
    1950       1.3116
    1951       1.3139
    1952       1.3719
    1953       1.3635
    1954       1.3211
    1955       1.2328
    1956       1.2437
    1957       1.3188
    1958       1.3711
    1959       1.3489
    1960       1.3362
    1961       1.4108
    1962       1.4272
    1963       1.4583
    1964       1.3421
    1965       1.2654
    1966       1.2768
    1967       1.2875
    1968       1.2339
    1969       1.3384
    1970       1.3568
    1971       1.3302
    1972       1.3317
    1973       1.3068
    1974       1.3918
    1975       1.3459
    1976       1.3577
    1977       1.3166
    1978       1.2726
    1979       1.2670
    1980       1.2684
    1981       1.2759
    1982       1.2621
    1983       1.2911
    1984       1.3305
    1985       1.3228
    1986       1.3137
    1987       1.3071
    1988       1.3302
    1989       1.2923
    1990       1.3540
    1991       1.3381
    1992       1.3809
    1993       1.3810
    1994       1.3617
    1995       1.3459
    1996       1.3673
    1997       1.3660
    1998       1.3006
    1999       1.3446
    2000       1.3788
    2001       1.4687
    2002       1.3528
    2003       1.4181
    2004       1.4307
    2005       1.4348
    2006       1.3888
    2007       1.4683
    2008       1.3768
    2009       1.3469
    2010       1.3613
    2011       1.4420
    2012       1.3828
    2013       1.3407
    2014       1.4179
    2015       1.3458
    2016       1.3124
    2017       1.2554
    2018       1.2207
    2019       1.3055
    2020       1.2658
    2021       1.3271
    2022       1.3379
    2023       1.3352
    2024       1.2967
    2025       1.3006
    2026       1.3083
    2027       1.2788
    2028       1.2872
    2029       1.2650
    2030       1.2551
    2031       1.3218
    2032       1.2920
    2033       1.2696
    2034       1.2780
    2035       1.2975
    2036       1.2853
    2037       1.3045
    2038       1.3072
    2039       1.3072
    2040       1.3310
    2041       1.3406
    2042       1.2753
    2043       1.3424
    2044       1.3334
    2045       1.3303
    2046       1.2631
    2047       1.2462
    2048       1.3177
    2049       1.2799
    2050       1.3109
    2051       1.3478
    2052       1.3776
    2053       1.2921
    2054       1.2832
    2055       1.2588
    2056       1.1900
    2057       1.1826
    2058       1.1837
    2059       1.2010
    2060       1.2034
    2061       1.2506
    2062       1.2723
    2063       1.2837
    2064       1.2448
    2065       1.2149
    2066       1.1933
    2067       1.2811
    2068       1.3983
    2069       1.3761
    2070       1.5070
    2071       1.5137
    2072       1.3909
    2073       1.3411
    2074       1.3509
    2075       1.3942
    2076       1.3508
    2077       1.3491
    2078       1.4002
    2079       1.4217
    2080       1.4728
    2081       1.5433
    2082       1.4402
    2083       1.4285
    2084       1.4485
    2085       1.3683
    2086       1.4153
    2087       1.3731
    2088       1.3758
    2089       1.3352
    2090       1.3215
    2091       1.3847
    2092       1.3137
    2093       1.3145
    2094       1.3387
    2095       1.3056
    2096       1.3514
    2097       1.2883
    2098       1.3110
    2099       1.2253
    2100       1.2316
    2101       1.2802
    2102       1.3346
    2103       1.2897
    2104       1.3487
    2105       1.3517
    2106       1.3830
    2107       1.4756
    2108       1.4930
    2109       1.5029
    2110       1.4177
    2111       1.4415
    2112       1.4560
    2113       1.3788
    2114       1.3733
    2115       1.3078
    2116       1.2544
    2117       1.3713
    2118       1.3275
    2119       1.3141
    2120       1.3095
    2121       1.3412
    2122       1.4268
    2123       1.3856
    2124       1.2576
    2125       1.2350
    2126       1.2353
    2127       1.2410
    2128       1.2908
    2129       1.3055
    2130       1.3800
    2131       1.3388
    2132       1.2816
    2133       1.2199
    2134       1.3160
    2135       1.2870
    2136       1.2635
    2137       1.3161
    2138       1.3807
    2139       1.3153
    2140       1.3789
    2141       1.3058
    2142       1.2497
    2143       1.2749
    2144       1.2937
    2145       1.2405
    2146       1.2640
    2147       1.3190
    2148       1.3610
    2149       1.3278
    2150       1.2947
    2151       1.3546
    2152       1.3053
    2153       1.3558
    2154       1.3810
    2155       1.3762
    2156       1.3461
    2157       1.3293
    2158       1.3057
    2159       1.3420
    2160       1.3386
    2161       1.3352
    2162       1.3276
    2163       1.3060
    2164       1.2606
    2165       1.3604
    2166       1.3825
    2167       1.3493
    2168       1.3534
    2169       1.2395
    2170       1.1643
    2171       1.2052
    2172       1.2933
    2173       1.2855
    2174       1.2269
    2175       1.2115
    2176       1.1826
    2177       1.1872
    2178       1.1408
    2179       1.1153
    2180       1.1761
    2181       1.1797
    2182       1.2244
    2183       1.1818
    2184       1.2240
    2185       1.2608
    2186       1.2732
    2187       1.2218
    2188       1.2650
    2189       1.3443
    2190       1.2546
    2191       1.2192
    2192       1.2430
    2193       1.2697
    2194       1.2266
    2195       1.2007
    2196       1.2543
    2197       1.2081
    2198       1.2596
    2199       1.2659
    2200       1.2728
    2201       1.1920
    2202       1.1599
    2203       1.2390
    2204       1.3344
    2205       1.2958
    2206       1.2696
    2207       1.2527
    2208       1.2153
    2209       1.1867
    2210       1.3039
    2211       1.3945
    2212       1.3926
    2213       1.3290
    2214       1.2884
    2215       1.2780
    2216       1.2249
    2217       1.2471
    2218       1.1714
    2219       1.2107
    2220       1.1347
    2221       1.2391
    2222       1.2275
    2223       1.3007
    2224       1.3594
    2225       1.3684
    2226       1.3776
    2227       1.3509
    2228       1.3227
    2229       1.3285
    2230       1.3586
    2231       1.3492
    2232       1.4027
    2233       1.4202
    2234       1.3627
    2235       1.3392
    2236       1.3400
    2237       1.3047
    2238       1.3856
    2239       1.3456
    2240       1.2774
    2241       1.3330
    2242       1.3189
    2243       1.2513
    2244       1.3115
    2245       1.2490
    2246       1.3880
    2247       1.3902
    2248       1.4538
    2249       1.3465
    2250       1.3280
    2251       1.3247
    2252       1.4203
    2253       1.4265
    2254       1.4641
    2255       1.4072
    2256       1.4398
    2257       1.4429
    2258       1.3883
    2259       1.4072
    2260       1.3367
    2261       1.3983
    2262       1.4061
    2263       1.4056
    2264       1.3945
    2265       1.4318
    2266       1.4770
    2267       1.3985
    2268       1.3701
    2269       1.2705
    2270       1.3031
    2271       1.2638
    2272       1.2782
    2273       1.2618
    2274       1.2575
    2275       1.2563
    2276       1.2436
    2277       1.2276
    2278       1.3177
    2279       1.1802
    2280       1.2258
    2281       1.1925
    2282       1.2346
    2283       1.2036
    2284       1.1817
    2285       1.2659
    2286       1.2756
    2287       1.3246
    2288       1.4328
    2289       1.4295
    2290       1.4576
    2291       1.3567
    2292       1.3402
    2293       1.2762
    2294       1.2724
    2295       1.2811
    2296       1.2443
    2297       1.2819
    2298       1.3676
    2299       1.3726
    2300       1.4586
    2301       1.4675
    2302       1.5584
    2303       1.5303
    2304       1.4923
    2305       1.4110
    2306       1.3989
    2307       1.3719
    2308       1.3581
    2309       1.3700
    2310       1.3354
    2311       1.3769
    2312       1.3220
    2313       1.3339
    2314       1.3441
    2315       1.1926
    2316       1.2419
    2317       1.2137
    2318       1.2184
    2319       1.1631
    2320       1.2544
    2321       1.1953
    2322       1.2517
    2323       1.2340
    2324       1.2190
    2325       1.2146
    2326       1.1991
    2327       1.1851
    2328       1.1976
    2329       1.2000
    2330       1.2292
    2331       1.2722
    2332       1.3227
    2333       1.3097
    2334       1.2406
    2335       1.1814
    2336       1.2007
    2337       1.2352
    2338       1.2105
    2339       1.1949
    2340       1.1590
    2341       1.2147
    2342       1.1977
    2343       1.2006
    2344       1.2469
    2345       1.2102
    2346       1.2176
    2347       1.2010
    2348       1.1726
    2349       1.1853
    2350       1.2251
    2351       1.1727
    2352       1.1994
    2353       1.1455
    2354       1.2284
    2355       1.1947
    2356       1.2385
    2357       1.2096
    2358       1.2132
    2359       1.2443
    2360       1.1907
    2361       1.2433
    2362       1.1325
    2363       1.1429
    2364       1.1289
    2365       1.1979
    2366       1.2303
    2367       1.2182
    2368       1.1925
    2369       1.2453
    2370       1.2456
    2371       1.3103
    2372       1.3458
    2373       1.3166
    2374       1.2974
    2375       1.3910
    2376       1.3522
    2377       1.3877
    2378       1.4142
    2379       1.3568
    2380       1.3511
    2381       1.4292
    2382       1.3726
    2383       1.3765
    2384       1.3363
    2385       1.2520
    2386       1.2894
    2387       1.2948
    2388       1.2257
    2389       1.2288
    2390       1.3190
    2391       1.2952
    2392       1.2265
    2393       1.3403
    2394       1.3196
    2395       1.2265
    2396       1.2722
    2397       1.2554
    2398       1.2930
    2399       1.2995
    2400       1.3115
    2401       1.3794
    2402       1.3726
    2403       1.4396
    2404       1.4498
    2405       1.4892
    2406       1.4344
    2407       1.4085
    2408       1.3329
    2409       1.3643
    2410       1.2851
    2411       1.2935
    2412       1.2780
    2413       1.2398
    2414       1.2688
    2415       1.3151
    2416       1.2418
    2417       1.3046
    2418       1.3298
    2419       1.3670
    2420       1.3766
    2421       1.4583
    2422       1.4597
    2423       1.4709
    2424       1.4515
    2425       1.4954
    2426       1.4618
    2427       1.4894
    2428       1.5969
    2429       1.5789
    2430       1.5671
    2431       1.6084
    2432       1.6118
    2433       1.5801
    2434       1.6847
    2435       1.6621
    2436       1.5713
    2437       1.4141
    2438       1.5728
    2439       1.5938
    2440       1.5719
    2441       1.6224
    2442       1.6828
    2443       1.5870
    2444       1.5589
    2445       1.5890
    2446       1.6129
    2447       1.7035
    2448       1.6046
    2449       1.6738
    2450       1.5577
    2451       1.4420
    2452       1.4190
    2453       1.3893
    2454       1.4895
    2455       1.3983
    2456       1.4654
    2457       1.4366
    2458       1.5369
    2459       1.5350
    2460       1.6365
    2461       1.7395
    2462       1.6828
    2463       1.6714
    2464       1.5805
    2465       1.6083
    2466       1.5704
    2467       1.5482
    2468       1.5768
    2469       1.5840
    2470       1.5883
    2471       1.5910
    2472       1.6012
    2473       1.5702
    2474       1.6576
    2475       1.6648
    2476       1.5964
    2477       1.5485
    2478       1.6017
    2479       1.5956
    2480       1.6068
    2481       1.6795
    2482       1.7117
    2483       1.6878
    2484       1.6708
    2485       1.6618
    2486       1.5880
    2487       1.5405
    2488       1.5247
    2489       1.6113
    2490       1.6793
    2491       1.7032
    2492       1.5748
    2493       1.5786
    2494       1.5035
    2495       1.5520
    2496       1.5890
    2497       1.5540
    2498       1.6053
    2499       1.5569
    2500       1.4557
    2501       1.3997
    2502       1.4710
    2503       1.5090
    2504       1.4283
    2505       1.4885
    2506       1.5757
    2507       1.4299
    2508       1.4709
    2509       1.4184
    2510       1.5126
    2511       1.5268
    2512       1.5569
    2513       1.4652
    2514       1.4531
    2515       1.3905
    2516       1.4082
    2517       1.4027
    2518       1.4051
    2519       1.3455
    2520       1.3108
    2521       1.2108
    2522       1.2202
    2523       1.2461
    2524       1.2124
    2525       1.2785
    2526       1.2367
    2527       1.2822
    2528       1.2832
    2529       1.3105
    2530       1.3141
    2531       1.3763
    2532       1.3408
    2533       1.2777
    2534       1.2823
    2535       1.2764
    2536       1.2790
    2537       1.3408
    2538       1.3289
    2539       1.3546
    2540       1.3138
    2541       1.3579
    2542       1.4284
    2543       1.3469
    2544       1.3934
    2545       1.4069
    2546       1.3773
    2547       1.3506
    2548       1.3516
    2549       1.3177
    2550       1.3125
    2551       1.2552
    2552       1.2965
    2553       1.3202
    2554       1.4518
    2555       1.4002
    2556       1.4096
    2557       1.3746
    2558       1.3761
    2559       1.4452
    2560       1.4434
    2561       1.4399
    2562       1.4566
    2563       1.5090
    2564       1.5388
    2565       1.5905
    2566       1.6663
    2567       1.6513
    2568       1.5599
    2569       1.5451
    2570       1.5484
    2571       1.5947
    2572       1.4904
    2573       1.4368
    2574       1.5083
    2575       1.5911
    2576       1.5561
    2577       1.5065
    2578       1.5444
    2579       1.5267
    2580       1.4994
    2581       1.4770
    2582       1.4908
    2583       1.5176
    2584       1.5454
    2585       1.5882
    2586       1.5034
    2587       1.4876
    2588       1.5218
    2589       1.5728
    2590       1.5022
    2591       1.4536
    2592       1.4406
    2593       1.4242
    2594       1.5147
    2595       1.5646
    2596       1.5854
    2597       1.4873
    2598       1.5475
    2599       1.6466
    2600       1.5700
    2601       1.5477
    2602       1.5256
    2603       1.5942
    2604       1.6066
    2605       1.5893
    2606       1.6998
    2607       1.7293
    2608       1.7221
    2609       1.6560
    2610       1.6708
    2611       1.6796
    2612       1.6477
    2613       1.5693
    2614       1.5978
    2615       1.5100
    2616       1.4839
    2617       1.4522
    2618       1.4737
    2619       1.5911
    2620       1.5901
    2621       1.6707
    2622       1.6402
    2623       1.5553
    2624       1.5641
    2625       1.5471
    2626       1.5993
    2627       1.6303
    2628       1.5478
    2629       1.5982
    2630       1.6655
    2631       1.6560
    2632       1.7391
    2633       1.7807
    2634       1.7887
    2635       1.7678
    2636       1.7517
    2637       1.7114
    2638       1.7879
    2639       1.7771
    2640       1.7874
    2641       1.8742
    2642       1.8196
    2643       1.9450
    2644       2.0100
    2645       1.9820
    2646       1.9536
    2647       1.9030
    2648       1.9754
    2649       2.0407
    2650       2.0035
    2651       2.0508
    2652       1.9495
    2653       2.0517
    2654       2.0443
    2655       2.0100
    2656       2.0467
    2657       2.0256
    2658       2.0078
    2659       2.0387
    2660       2.0017
    2661       2.0812
    2662       2.0560
    2663       1.9537
    2664       1.9711
    2665       1.9612
    2666       1.8891
    2667       1.9601
    2668       1.9766
    2669       1.9094
    2670       1.8984
    2671       1.9838
    2672       1.9552
    2673       1.9606
    2674       2.0484
    2675       1.9306
    2676       1.9663
    2677       1.8520
    2678       1.8595
    2679       1.9128
    2680       1.8600
    2681       1.8651
    2682       1.8391
    2683       1.7813
    2684       1.8188
    2685       1.8083
    2686       1.8457
    2687       1.9167
    2688       1.8698
    2689       1.8186
    2690       1.8315
    2691       1.8677
    2692       1.8390
    2693       1.8585
    2694       1.9058
    2695       1.8073
    2696       1.8306
    2697       1.7853
    2698       1.7442
    2699       1.8185
    2700       1.7861
    2701       1.8177
    2702       1.7453
    2703       1.8747
    2704       1.7982
    2705       1.7046
    2706       1.6871
    2707       1.6580
    2708       1.7183
    2709       1.7525
    2710       1.8506
    2711       1.7392
    2712       1.7942
    2713       1.7472
    2714       1.7026
    2715       1.7187
    2716       1.7953
    2717       1.8553
    2718       1.9099
    2719       1.9979
    2720       1.9910
    2721       2.0677
    2722       2.0077
    2723       1.9699
    2724       1.8393
    2725       1.8524
    2726       1.9415
    2727       1.9163
    2728       1.9267
    2729       1.8942
    2730       1.9178
    2731       1.8498
    2732       1.9318
    2733       1.9098
    2734       1.8845
    2735       1.9247
    2736       1.8137
    2737       1.8952
    2738       1.9126
    2739       1.9456
    2740       1.8558
    2741       1.7179
    2742       1.6534
    2743       1.6557
    2744       1.6168
    2745       1.6736
    2746       1.6669
    2747       1.6725
    2748       1.7616
    2749       1.7184
    2750       1.7475
    2751       1.6233
    2752       1.6215
    2753       1.6573
    2754       1.6932
    2755       1.6652
    2756       1.8085
    2757       1.6541
    2758       1.5919
    2759       1.6315
    2760       1.7207
    2761       1.7298
    2762       1.9266
    2763       1.8422
    2764       1.8079
    2765       1.6649
    2766       1.6780
    2767       1.7296
    2768       1.6224
    2769       1.6242
    2770       1.6047
    2771       1.6828
    2772       1.7050
    2773       1.5883
    2774       1.5477
    2775       1.4325
    2776       1.4727
    2777       1.4680
    2778       1.5151
    2779       1.4955
    2780       1.4377
    2781       1.4993
    2782       1.5063
    2783       1.5220
    2784       1.5750
    2785       1.6285
    2786       1.6389
    2787       1.5434
    2788       1.5797
    2789       1.7076
    2790       1.7214
    2791       1.5896
    2792       1.6428
    2793       1.6772
    2794       1.6872
    2795       1.7237
    2796       1.6370
    2797       1.5642
    2798       1.6047
    2799       1.5008
    2800       1.4403
    2801       1.5407
    2802       1.5077
    2803       1.4792
    2804       1.5475
    2805       1.5693
    2806       1.5362
    2807       1.4810
    2808       1.4645
    2809       1.5829
    2810       1.6039
    2811       1.6289
    2812       1.6322
    2813       1.5824
    2814       1.6353
    2815       1.6546
    2816       1.5454
    2817       1.5743
    2818       1.6121
    2819       1.5248
    2820       1.5974
    2821       1.5553
    2822       1.5668
    2823       1.5137
    2824       1.5713
    2825       1.4621
    2826       1.5324
    2827       1.5341
    2828       1.4929
    2829       1.6445
    2830       1.5598
    2831       1.5474
    2832       1.5439
    2833       1.6336
    2834       1.6198
    2835       1.6000
    2836       1.5389
    2837       1.5482
    2838       1.6048
    2839       1.6079
    2840       1.7389
    2841       1.5518
    2842       1.5434
    2843       1.5840
    2844       1.5275
    2845       1.5466
    2846       1.4748
    2847       1.5315
    2848       1.5397
    2849       1.5141
    2850       1.4811
    2851       1.4894
    2852       1.6133
    2853       1.5410
    2854       1.5736
    2855       1.5551
    2856       1.5399
    2857       1.4452
    2858       1.4568
    2859       1.5577
    2860       1.5454
    2861       1.5575
    2862       1.6121
    2863       1.6182
    2864       1.5494
    2865       1.5686
    2866       1.6487
    2867       1.5850
    2868       1.5946
    2869       1.6647
    2870       1.6287
    2871       1.6094
    2872       1.6626
    2873       1.6364
    2874       1.6656
    2875       1.6208
    2876       1.6235
    2877       1.7240
    2878       1.7641
    2879       1.8193
    2880       1.7418
    2881       1.7255
    2882       1.6465
    2883       1.6269
    2884       1.7687
    2885       1.7348
    2886       1.6852
    2887       1.6496
    2888       1.6745
    2889       1.6822
    2890       1.6227
    2891       1.5612
    2892       1.5545
    2893       1.5175
    2894       1.5782
    2895       1.5250
    2896       1.4538
    2897       1.4239
    2898       1.3927
    2899       1.4029
    2900       1.4701
    2901       1.4833
    2902       1.5363
    2903       1.4949
    2904       1.4980
    2905       1.5881
    2906       1.6155
    2907       1.6453
    2908       1.6451
    2909       1.7130
    2910       1.6638
    2911       1.6357
    2912       1.6389
    2913       1.6745
    2914       1.7584
    2915       1.6997
    2916       1.6726
    2917       1.7510
    2918       1.8247
    2919       1.8151
    2920       1.7957
    2921       1.8646
    2922       1.7714
    2923       1.7236
    2924       1.7842
    2925       1.7817
    2926       1.8004
    2927       1.6851
    2928       1.6386
    2929       1.5932
    2930       1.5740
    2931       1.5583
    2932       1.4499
    2933       1.4547
    2934       1.4081
    2935       1.5017
    2936       1.4388
    2937       1.4343
    2938       1.5059
    2939       1.4985
    2940       1.5290
    2941       1.4987
    2942       1.4857
    2943       1.5337
    2944       1.6837
    2945       1.7363
    2946       1.7604
    2947       1.8215
    2948       1.8508
    2949       1.8747
    2950       1.8501
    2951       1.8997
    2952       1.9169
    2953       1.9002
    2954       1.8916
    2955       1.9251
    2956       1.9556
    2957       1.9718
    2958       1.9640
    2959       1.9186
    2960       2.0038
    2961       1.9238
    2962       1.9105
    2963       1.8476
    2964       1.8553
    2965       2.0260
    2966       2.0112
    2967       2.0376
    2968       1.9970
    2969       1.9285
    2970       1.8594
    2971       1.8339
    2972       1.7890
    2973       1.7558
    2974       1.8241
    2975       1.8567
    2976       1.8280
    2977       1.8208
    2978       1.7955
    2979       1.7896
    2980       1.8258
    2981       1.8769
    2982       1.8270
    2983       1.7952
    2984       1.8001
    2985       1.7761
    2986       1.6515
    2987       1.6693
    2988       1.6978
    2989       1.6308
    2990       1.6313
    2991       1.6594
    2992       1.6410
    2993       1.5766
    2994       1.6447
    2995       1.6931
    2996       1.7063
    2997       1.7178
    2998       1.7449
    2999       1.6217
    3000       1.7213
    3001       1.7260
    3002       1.7234
    3003       1.6835
    3004       1.7021
    3005       1.6839
    3006       1.6815
    3007       1.6359
    3008       1.6232
    3009       1.5928
    3010       1.6272
    3011       1.6766
    3012       1.6158
    3013       1.6379
    3014       1.5784
    3015       1.6494
    3016       1.7270
    3017       1.6977
    3018       1.6812
    3019       1.6817
    3020       1.6508
    3021       1.7030
    3022       1.6689
    3023       1.6753
    3024       1.6923
    3025       1.7445
    3026       1.7516
    3027       1.7524
    3028       1.7474
    3029       1.6558
    3030       1.6487
    3031       1.6798
    3032       1.7061
    3033       1.7791
    3034       1.8348
    3035       1.7178
    3036       1.6893
    3037       1.6275
    3038       1.6127
    3039       1.5760
    3040       1.5136
    3041       1.4943
    3042       1.4568
    3043       1.4823
    3044       1.4519
    3045       1.4460
    3046       1.4879
    3047       1.4393
    3048       1.4497
    3049       1.5328
    3050       1.5174
    3051       1.5048
    3052       1.5403
    3053       1.5230
    3054       1.5305
    3055       1.5788
    3056       1.5855
    3057       1.5751
    3058       1.5652
    3059       1.5902
    3060       1.5772
    3061       1.5161
    3062       1.5446
    3063       1.5427
    3064       1.5256
    3065       1.4789
    3066       1.4490
    3067       1.4217
    3068       1.4130
    3069       1.3824
    3070       1.4142
    3071       1.4184
    3072       1.4143
    3073       1.4847
    3074       1.4021
    3075       1.4173
    3076       1.3391
    3077       1.4371
    3078       1.4388
    3079       1.4709
    3080       1.4273
    3081       1.3850
    3082       1.3311
    3083       1.4011
    3084       1.3711
    3085       1.3753
    3086       1.4434
    3087       1.4306
    3088       1.3919
    3089       1.4613
    3090       1.3864
    3091       1.4203
    3092       1.4833
    3093       1.4520
    3094       1.4732
    3095       1.4118
    3096       1.4707
    3097       1.4620
    3098       1.4114
    3099       1.3948
    3100       1.3591
    3101       1.3807
    3102       1.3615
    3103       1.4101
    3104       1.5203
    3105       1.3896
    3106       1.3835
    3107       1.3654
    3108       1.4055
    3109       1.4915
    3110       1.4195
    3111       1.4510
    3112       1.4729
    3113       1.4671
    3114       1.4815
    3115       1.4022
    3116       1.3973
    3117       1.3463
    3118       1.4593
    3119       1.3487
    3120       1.4290
    3121       1.5004
    3122       1.5301
    3123       1.4967
    3124       1.5100
    3125       1.6306
