#Frame     RMSD_00001
       1       0.0000
       2       0.6114
       3       0.7499
       4       0.7589
       5       0.7670
       6       0.7768
       7       0.7859
       8       0.7902
       9       0.8672
      10       0.8007
      11       0.8702
      12       0.9421
      13       1.0831
      14       1.0686
      15       1.0738
      16       1.1070
      17       0.9866
      18       1.0470
      19       1.0154
      20       1.0987
      21       1.0055
      22       1.0551
      23       0.9678
      24       1.0359
      25       1.0606
      26       1.1060
      27       1.0500
      28       1.0243
      29       0.9930
      30       0.9963
      31       0.9942
      32       1.0376
      33       1.1966
      34       1.1800
      35       1.1396
      36       1.0464
      37       1.0748
      38       1.0036
      39       0.9458
      40       0.9019
      41       0.9381
      42       0.9275
      43       0.9072
      44       0.9173
      45       0.9594
      46       1.0088
      47       1.0578
      48       1.0196
      49       1.0946
      50       1.1166
      51       1.1541
      52       1.0453
      53       1.1322
      54       1.1042
      55       1.1325
      56       1.0967
      57       1.0369
      58       0.9780
      59       1.0042
      60       0.9502
      61       0.9965
      62       0.9617
      63       1.0024
      64       1.0268
      65       0.9866
      66       0.9621
      67       0.9659
      68       0.9770
      69       1.0471
      70       1.0467
      71       1.0413
      72       0.9955
      73       0.9455
      74       1.0110
      75       0.9991
      76       1.0288
      77       0.9989
      78       1.0264
      79       1.0544
      80       1.0569
      81       1.0450
      82       1.0862
      83       1.1218
      84       1.0827
      85       1.0295
      86       0.9916
      87       0.9482
      88       0.9997
      89       1.1203
      90       1.1218
      91       1.1477
      92       1.0007
      93       1.1239
      94       1.1907
      95       1.1399
      96       1.1849
      97       1.1723
      98       1.2213
      99       1.3460
     100       1.2267
     101       1.2009
     102       1.2182
     103       1.1366
     104       1.0076
     105       1.0797
     106       1.2375
     107       1.1256
     108       1.1721
     109       1.1796
     110       1.1259
     111       1.0290
     112       1.0449
     113       1.1971
     114       1.1296
     115       1.1354
     116       1.1922
     117       1.1582
     118       1.1208
     119       1.1030
     120       1.0960
     121       1.1408
     122       1.1979
     123       1.2047
     124       1.2251
     125       1.1573
     126       1.2130
     127       1.2080
     128       1.0889
     129       1.0710
     130       1.1425
     131       1.1183
     132       1.1702
     133       1.1777
     134       1.1662
     135       1.1923
     136       1.1718
     137       1.1822
     138       1.1460
     139       1.0955
     140       1.2093
     141       1.1389
     142       1.0505
     143       1.1528
     144       1.1503
     145       1.0933
     146       1.1458
     147       1.1339
     148       1.0668
     149       1.0838
     150       1.0942
     151       1.0815
     152       1.1013
     153       1.1248
     154       1.1971
     155       1.1825
     156       1.1757
     157       1.2097
     158       1.1192
     159       1.1548
     160       1.1401
     161       1.1210
     162       1.1238
     163       1.0638
     164       1.0811
     165       0.9727
     166       1.0239
     167       1.0260
     168       1.0616
     169       1.0586
     170       1.0524
     171       1.1675
     172       1.1333
     173       1.0437
     174       1.0846
     175       1.1338
     176       1.0698
     177       1.1516
     178       1.1456
     179       1.1571
     180       1.2888
     181       1.1821
     182       1.1878
     183       1.1809
     184       1.0708
     185       1.2034
     186       1.1932
     187       1.2321
     188       1.1860
     189       1.2132
     190       1.1881
     191       1.1655
     192       1.2039
     193       1.2572
     194       1.2132
     195       1.1203
     196       1.1248
     197       1.1394
     198       1.2114
     199       1.1314
     200       1.0773
     201       1.0788
     202       1.0053
     203       0.9567
     204       1.0138
     205       1.0222
     206       1.1222
     207       1.1334
     208       1.1112
     209       1.1058
     210       1.0509
     211       1.0863
     212       1.0609
     213       1.0947
     214       1.0638
     215       1.0664
     216       1.0744
     217       1.0611
     218       1.0272
     219       1.0207
     220       1.0198
     221       1.0671
     222       1.1225
     223       1.0897
     224       1.1762
     225       1.0786
     226       1.1872
     227       1.1485
     228       1.1707
     229       1.1721
     230       1.0801
     231       1.1099
     232       1.1113
     233       1.1240
     234       1.1333
     235       1.0257
     236       1.0710
     237       1.1345
     238       1.0361
     239       1.0720
     240       1.1343
     241       1.2414
     242       1.1959
     243       1.2513
     244       1.2301
     245       1.2197
     246       1.1670
     247       1.2344
     248       1.1312
     249       1.1256
     250       1.1526
     251       1.1898
     252       1.1461
     253       1.1347
     254       1.1094
     255       1.1014
     256       1.1147
     257       1.0910
     258       1.1134
     259       1.0741
     260       1.0625
     261       1.1370
     262       1.0795
     263       1.1091
     264       1.1230
     265       1.0948
     266       1.0915
     267       1.1421
     268       1.1340
     269       1.1138
     270       1.1249
     271       1.1438
     272       1.1390
     273       1.2133
     274       1.1967
     275       1.2801
     276       1.2426
     277       1.1925
     278       1.2149
     279       1.2068
     280       1.1904
     281       1.1793
     282       1.1353
     283       1.2139
     284       1.2047
     285       1.1097
     286       1.0771
     287       1.0763
     288       1.2206
     289       1.1229
     290       1.1414
     291       1.1090
     292       1.1667
     293       1.1769
     294       1.1682
     295       1.2768
     296       1.2346
     297       1.1859
     298       1.2365
     299       1.3181
     300       1.3681
     301       1.3879
     302       1.4281
     303       1.3082
     304       1.3615
     305       1.3036
     306       1.2192
     307       1.2448
     308       1.2405
     309       1.2380
     310       1.2401
     311       1.1814
     312       1.2088
     313       1.1686
     314       1.2002
     315       1.1759
     316       1.2378
     317       1.2309
     318       1.1865
     319       1.2576
     320       1.2484
     321       1.3513
     322       1.3162
     323       1.2924
     324       1.2258
     325       1.2331
     326       1.2869
     327       1.2304
     328       1.2746
     329       1.2318
     330       1.2921
     331       1.3544
     332       1.2732
     333       1.3223
     334       1.3528
     335       1.3352
     336       1.3390
     337       1.3958
     338       1.3355
     339       1.2873
     340       1.2023
     341       1.1915
     342       1.1847
     343       1.2607
     344       1.2932
     345       1.3257
     346       1.2936
     347       1.2440
     348       1.2293
     349       1.1841
     350       1.2267
     351       1.1683
     352       1.2774
     353       1.2554
     354       1.3046
     355       1.2319
     356       1.2341
     357       1.3100
     358       1.2244
     359       1.2960
     360       1.2643
     361       1.2968
     362       1.2617
     363       1.2790
     364       1.1983
     365       1.2386
     366       1.2300
     367       1.2134
     368       1.1668
     369       1.1697
     370       1.2182
     371       1.2423
     372       1.1070
     373       1.1446
     374       1.2058
     375       1.2451
     376       1.2214
     377       1.2155
     378       1.2126
     379       1.2078
     380       1.2333
     381       1.1463
     382       1.2366
     383       1.2650
     384       1.3256
     385       1.2813
     386       1.2463
     387       1.2586
     388       1.2173
     389       1.2147
     390       1.2198
     391       1.2402
     392       1.2282
     393       1.2060
     394       1.2291
     395       1.2291
     396       1.2636
     397       1.3838
     398       1.3608
     399       1.3528
     400       1.3379
     401       1.3154
     402       1.2784
     403       1.2805
     404       1.1962
     405       1.2773
     406       1.2304
     407       1.2377
     408       1.2550
     409       1.2433
     410       1.2868
     411       1.3305
     412       1.3645
     413       1.3681
     414       1.3295
     415       1.4231
     416       1.4026
     417       1.4635
     418       1.4731
     419       1.4665
     420       1.3800
     421       1.4731
     422       1.3565
     423       1.3389
     424       1.3315
     425       1.4087
     426       1.4120
     427       1.3371
     428       1.3326
     429       1.4170
     430       1.3867
     431       1.4258
     432       1.3969
     433       1.4256
     434       1.4602
     435       1.4186
     436       1.4107
     437       1.3713
     438       1.3500
     439       1.3457
     440       1.3463
     441       1.3036
     442       1.3455
     443       1.2887
     444       1.2761
     445       1.2815
     446       1.2493
     447       1.2732
     448       1.2028
     449       1.2583
     450       1.2607
     451       1.2574
     452       1.2643
     453       1.2549
     454       1.2772
     455       1.2209
     456       1.2416
     457       1.2992
     458       1.2478
     459       1.2119
     460       1.2650
     461       1.2503
     462       1.2764
     463       1.2764
     464       1.2379
     465       1.2376
     466       1.2051
     467       1.2433
     468       1.2249
     469       1.1734
     470       1.1361
     471       1.1473
     472       1.1883
     473       1.2268
     474       1.2059
     475       1.2946
     476       1.3176
     477       1.3231
     478       1.3207
     479       1.2864
     480       1.2801
     481       1.3135
     482       1.2919
     483       1.3353
     484       1.3777
     485       1.4823
     486       1.4276
     487       1.4486
     488       1.4495
     489       1.5089
     490       1.5405
     491       1.5332
     492       1.5215
     493       1.5336
     494       1.5465
     495       1.5621
     496       1.5128
     497       1.5340
     498       1.6189
     499       1.5358
     500       1.5984
     501       1.5473
     502       1.5827
     503       1.4635
     504       1.5131
     505       1.4565
     506       1.5094
     507       1.5554
     508       1.5545
     509       1.6109
     510       1.5842
     511       1.5486
     512       1.5250
     513       1.5894
     514       1.6167
     515       1.6600
     516       1.6427
     517       1.6415
     518       1.5413
     519       1.5402
     520       1.4805
     521       1.4780
     522       1.4657
     523       1.5451
     524       1.4690
     525       1.5150
     526       1.5617
     527       1.6029
     528       1.6632
     529       1.6716
     530       1.5956
     531       1.5962
     532       1.5519
     533       1.4447
     534       1.5044
     535       1.5493
     536       1.5248
     537       1.5678
     538       1.5302
     539       1.5227
     540       1.4654
     541       1.4612
     542       1.4050
     543       1.3517
     544       1.4042
     545       1.3536
     546       1.3016
     547       1.2968
     548       1.2636
     549       1.2717
     550       1.2736
     551       1.2946
     552       1.3854
     553       1.3659
     554       1.4254
     555       1.4495
     556       1.3833
     557       1.3880
     558       1.4115
     559       1.4000
     560       1.3590
     561       1.3433
     562       1.3284
     563       1.3501
     564       1.3067
     565       1.3107
     566       1.3454
     567       1.4112
     568       1.3592
     569       1.3420
     570       1.3755
     571       1.4079
     572       1.3732
     573       1.3971
     574       1.3896
     575       1.4062
     576       1.4070
     577       1.4093
     578       1.4403
     579       1.3868
     580       1.4662
     581       1.4306
     582       1.4385
     583       1.4048
     584       1.4076
     585       1.4759
     586       1.4288
     587       1.5369
     588       1.4520
     589       1.4502
     590       1.4756
     591       1.5157
     592       1.4636
     593       1.4924
     594       1.5042
     595       1.4910
     596       1.3903
     597       1.4418
     598       1.5506
     599       1.5394
     600       1.5675
     601       1.4967
     602       1.5393
     603       1.5307
     604       1.4718
     605       1.4505
     606       1.3849
     607       1.4673
     608       1.3989
     609       1.4378
     610       1.5184
     611       1.4860
     612       1.5178
     613       1.5969
     614       1.5434
     615       1.4878
     616       1.4445
     617       1.4584
     618       1.4278
     619       1.3939
     620       1.4564
     621       1.5552
     622       1.4484
     623       1.4163
     624       1.4879
     625       1.4090
     626       1.3882
     627       1.3904
     628       1.4371
     629       1.4504
     630       1.4279
     631       1.4355
     632       1.4187
     633       1.3621
     634       1.3508
     635       1.2726
     636       1.3228
     637       1.3598
     638       1.2631
     639       1.2998
     640       1.2714
     641       1.2953
     642       1.2804
     643       1.3256
     644       1.2573
     645       1.2493
     646       1.2867
     647       1.2935
     648       1.2656
     649       1.3060
     650       1.2959
     651       1.2905
     652       1.2614
     653       1.2722
     654       1.3068
     655       1.2953
     656       1.4011
     657       1.3812
     658       1.4253
     659       1.4179
     660       1.2966
     661       1.3458
     662       1.3830
     663       1.3498
     664       1.3709
     665       1.3486
     666       1.3521
     667       1.2742
     668       1.2447
     669       1.2800
     670       1.3363
     671       1.2863
     672       1.2657
     673       1.2994
     674       1.3079
     675       1.3092
     676       1.2872
     677       1.3242
     678       1.3315
     679       1.3617
     680       1.4319
     681       1.4174
     682       1.3907
     683       1.3597
     684       1.3705
     685       1.3558
     686       1.2925
     687       1.3423
     688       1.3385
     689       1.3351
     690       1.3764
     691       1.3360
     692       1.3600
     693       1.3452
     694       1.3413
     695       1.3498
     696       1.2912
     697       1.2247
     698       1.2059
     699       1.3009
     700       1.2970
     701       1.2562
     702       1.2123
     703       1.2689
     704       1.2344
     705       1.2034
     706       1.2352
     707       1.1706
     708       1.1521
     709       1.1533
     710       1.1044
     711       1.0857
     712       1.0796
     713       1.0886
     714       1.1189
     715       1.1288
     716       1.1604
     717       1.1581
     718       1.2183
     719       1.2672
     720       1.2006
     721       1.1889
     722       1.2313
     723       1.1673
     724       1.1784
     725       1.2393
     726       1.1919
     727       1.1904
     728       1.1872
     729       1.1803
     730       1.1927
     731       1.1927
     732       1.0885
     733       1.1117
     734       1.1048
     735       1.1201
     736       1.1224
     737       1.1414
     738       1.1818
     739       1.1698
     740       1.2218
     741       1.2738
     742       1.0863
     743       1.1616
     744       1.1884
     745       1.1613
     746       1.1532
     747       1.1749
     748       1.1766
     749       1.1964
     750       1.1914
     751       1.1875
     752       1.2257
     753       1.1771
     754       1.1644
     755       1.1961
     756       1.1299
     757       1.2119
     758       1.2039
     759       1.2506
     760       1.3117
     761       1.2846
     762       1.2984
     763       1.2387
     764       1.2470
     765       1.3274
     766       1.4086
     767       1.3695
     768       1.3770
     769       1.3142
     770       1.3198
     771       1.3987
     772       1.3977
     773       1.3847
     774       1.3336
     775       1.3311
     776       1.2991
     777       1.2465
     778       1.2675
     779       1.3691
     780       1.3527
     781       1.3028
     782       1.2947
     783       1.3154
     784       1.3664
     785       1.3291
     786       1.4087
     787       1.4226
     788       1.4633
     789       1.4214
     790       1.4771
     791       1.3765
     792       1.3005
     793       1.3650
     794       1.2961
     795       1.3191
     796       1.3414
     797       1.3460
     798       1.3373
     799       1.2600
     800       1.3674
     801       1.3480
     802       1.3971
     803       1.3980
     804       1.3532
     805       1.4048
     806       1.4352
     807       1.4663
     808       1.4123
     809       1.4686
     810       1.4508
     811       1.3316
     812       1.3244
     813       1.3566
     814       1.4049
     815       1.3902
     816       1.4109
     817       1.2930
     818       1.3416
     819       1.3502
     820       1.4159
     821       1.4331
     822       1.4491
     823       1.4438
     824       1.3971
     825       1.3701
     826       1.3802
     827       1.3680
     828       1.3424
     829       1.2985
     830       1.4026
     831       1.2891
     832       1.3431
     833       1.4005
     834       1.3852
     835       1.2881
     836       1.3651
     837       1.3335
     838       1.3571
     839       1.3775
     840       1.4674
     841       1.4522
     842       1.4635
     843       1.4505
     844       1.3734
     845       1.3884
     846       1.4130
     847       1.4120
     848       1.4392
     849       1.4551
     850       1.4562
     851       1.4342
     852       1.4278
     853       1.4392
     854       1.4551
     855       1.4634
     856       1.4201
     857       1.4559
     858       1.4417
     859       1.4356
     860       1.4975
     861       1.4389
     862       1.4312
     863       1.4365
     864       1.4716
     865       1.5145
     866       1.4658
     867       1.5778
     868       1.5445
     869       1.4453
     870       1.4112
     871       1.4224
     872       1.4688
     873       1.4572
     874       1.5067
     875       1.5199
     876       1.4502
     877       1.4827
     878       1.4604
     879       1.5038
     880       1.4940
     881       1.4875
     882       1.3406
     883       1.4700
     884       1.4473
     885       1.4239
     886       1.3637
     887       1.3534
     888       1.3673
     889       1.3794
     890       1.4573
     891       1.3686
     892       1.4397
     893       1.4269
     894       1.3958
     895       1.4823
     896       1.4745
     897       1.4609
     898       1.4899
     899       1.4824
     900       1.3735
     901       1.4427
     902       1.5295
     903       1.5395
     904       1.6300
     905       1.6323
     906       1.7359
     907       1.6734
     908       1.6326
     909       1.6407
     910       1.5733
     911       1.5072
     912       1.4928
     913       1.4519
     914       1.4373
     915       1.4752
     916       1.5413
     917       1.5438
     918       1.5376
     919       1.4770
     920       1.5255
     921       1.4440
     922       1.4259
     923       1.3401
     924       1.4417
     925       1.4018
     926       1.3825
     927       1.3944
     928       1.3585
     929       1.3679
     930       1.3354
     931       1.2957
     932       1.3347
     933       1.3552
     934       1.3440
     935       1.3244
     936       1.4051
     937       1.4585
     938       1.3659
     939       1.3253
     940       1.3931
     941       1.4003
     942       1.3978
     943       1.3952
     944       1.3839
     945       1.3467
     946       1.3535
     947       1.3941
     948       1.3835
     949       1.3922
     950       1.4411
     951       1.4424
     952       1.4623
     953       1.4696
     954       1.4795
     955       1.4926
     956       1.4941
     957       1.5776
     958       1.5400
     959       1.5419
     960       1.5260
     961       1.5564
     962       1.5565
     963       1.6321
     964       1.6075
     965       1.5077
     966       1.4986
     967       1.5134
     968       1.4572
     969       1.3950
     970       1.4490
     971       1.4815
     972       1.4185
     973       1.4423
     974       1.4926
     975       1.4376
     976       1.4448
     977       1.4136
     978       1.4406
     979       1.4576
     980       1.5168
     981       1.4512
     982       1.4154
     983       1.4595
     984       1.4035
     985       1.4562
     986       1.4217
     987       1.4056
     988       1.4692
     989       1.4255
     990       1.4244
     991       1.3661
     992       1.4241
     993       1.3430
     994       1.3182
     995       1.3711
     996       1.4071
     997       1.3202
     998       1.4986
     999       1.5068
    1000       1.5083
    1001       1.4236
    1002       1.3867
    1003       1.4304
    1004       1.4486
    1005       1.5110
    1006       1.4758
    1007       1.5319
    1008       1.5379
    1009       1.5684
    1010       1.5310
    1011       1.5480
    1012       1.5641
    1013       1.5658
    1014       1.5887
    1015       1.5437
    1016       1.5205
    1017       1.5040
    1018       1.4876
    1019       1.4771
    1020       1.3712
    1021       1.3560
    1022       1.3555
    1023       1.3528
    1024       1.3673
    1025       1.4306
    1026       1.4647
    1027       1.5559
    1028       1.4419
    1029       1.4931
    1030       1.4654
    1031       1.4545
    1032       1.4202
    1033       1.4492
    1034       1.4352
    1035       1.4362
    1036       1.4052
    1037       1.4175
    1038       1.4029
    1039       1.3938
    1040       1.3981
    1041       1.4290
    1042       1.4384
    1043       1.4303
    1044       1.4361
    1045       1.3920
    1046       1.4024
    1047       1.4236
    1048       1.4421
    1049       1.4472
    1050       1.4589
    1051       1.4817
    1052       1.4688
    1053       1.4450
    1054       1.4280
    1055       1.3999
    1056       1.5161
    1057       1.4508
    1058       1.3795
    1059       1.3920
    1060       1.4307
    1061       1.3935
    1062       1.4535
    1063       1.5252
    1064       1.4664
    1065       1.5194
    1066       1.4423
    1067       1.4936
    1068       1.5084
    1069       1.4949
    1070       1.5131
    1071       1.5453
    1072       1.5780
    1073       1.6046
    1074       1.6141
    1075       1.5624
    1076       1.5717
    1077       1.4835
    1078       1.5060
    1079       1.5709
    1080       1.5346
    1081       1.5882
    1082       1.6706
    1083       1.6476
    1084       1.6383
    1085       1.5668
    1086       1.5880
    1087       1.6058
    1088       1.6306
    1089       1.6804
    1090       1.5841
    1091       1.6573
    1092       1.5480
    1093       1.5322
    1094       1.5557
    1095       1.4938
    1096       1.5443
    1097       1.4439
    1098       1.4830
    1099       1.4500
    1100       1.4638
    1101       1.3866
    1102       1.3527
    1103       1.4307
    1104       1.4357
    1105       1.4220
    1106       1.4107
    1107       1.4102
    1108       1.4172
    1109       1.4399
    1110       1.4150
    1111       1.4496
    1112       1.5323
    1113       1.5063
    1114       1.5107
    1115       1.4727
    1116       1.4089
    1117       1.4428
    1118       1.4551
    1119       1.3891
    1120       1.4412
    1121       1.4746
    1122       1.4158
    1123       1.4194
    1124       1.4547
    1125       1.5428
    1126       1.5144
    1127       1.4455
    1128       1.5281
    1129       1.3590
    1130       1.3632
    1131       1.4113
    1132       1.4382
    1133       1.4680
    1134       1.3790
    1135       1.4457
    1136       1.4150
    1137       1.4530
    1138       1.5206
    1139       1.4400
    1140       1.4616
    1141       1.4543
    1142       1.4539
    1143       1.3743
    1144       1.3884
    1145       1.3741
    1146       1.3675
    1147       1.4188
    1148       1.3939
    1149       1.3818
    1150       1.3737
    1151       1.3811
    1152       1.4264
    1153       1.4144
    1154       1.5260
    1155       1.5052
    1156       1.4941
    1157       1.4868
    1158       1.3792
    1159       1.4051
    1160       1.4925
    1161       1.5232
    1162       1.4662
    1163       1.4899
    1164       1.4560
    1165       1.4191
    1166       1.3334
    1167       1.2821
    1168       1.2980
    1169       1.2238
    1170       1.3386
    1171       1.3607
    1172       1.3560
    1173       1.3656
    1174       1.3693
    1175       1.4295
    1176       1.4011
    1177       1.3856
    1178       1.4375
    1179       1.5098
    1180       1.4567
    1181       1.4711
    1182       1.4331
    1183       1.3785
    1184       1.5017
    1185       1.4987
    1186       1.5526
    1187       1.5606
    1188       1.5684
    1189       1.5791
    1190       1.5901
    1191       1.5722
    1192       1.5579
    1193       1.6201
    1194       1.6106
    1195       1.5671
    1196       1.6303
    1197       1.5839
    1198       1.6643
    1199       1.6426
    1200       1.6035
    1201       1.6631
    1202       1.6834
    1203       1.6808
    1204       1.6940
    1205       1.6893
    1206       1.7725
    1207       1.7675
    1208       1.7424
    1209       1.7735
    1210       1.8088
    1211       1.6818
    1212       1.6419
    1213       1.6710
    1214       1.7004
    1215       1.7052
    1216       1.6411
    1217       1.6730
    1218       1.7438
    1219       1.7162
    1220       1.7513
    1221       1.7333
    1222       1.8502
    1223       1.8927
    1224       1.7755
    1225       1.6918
    1226       1.7285
    1227       1.7317
    1228       1.7658
    1229       1.6324
    1230       1.6296
    1231       1.5838
    1232       1.6307
    1233       1.6369
    1234       1.5955
    1235       1.6515
    1236       1.5964
    1237       1.5437
    1238       1.6794
    1239       1.5960
    1240       1.6077
    1241       1.5692
    1242       1.5873
    1243       1.5316
    1244       1.5794
    1245       1.5189
    1246       1.5493
    1247       1.5420
    1248       1.4619
    1249       1.5857
    1250       1.5602
    1251       1.6404
    1252       1.6182
    1253       1.6025
    1254       1.6111
    1255       1.5335
    1256       1.5433
    1257       1.5148
    1258       1.5668
    1259       1.4485
    1260       1.4671
    1261       1.4674
    1262       1.5416
    1263       1.4853
    1264       1.5481
    1265       1.5755
    1266       1.6361
    1267       1.6671
    1268       1.6423
    1269       1.6113
    1270       1.6658
    1271       1.6880
    1272       1.6302
    1273       1.6586
    1274       1.6726
    1275       1.6610
    1276       1.6656
    1277       1.6473
    1278       1.6328
    1279       1.6677
    1280       1.6542
    1281       1.5935
    1282       1.5577
    1283       1.5565
    1284       1.5428
    1285       1.5192
    1286       1.5147
    1287       1.5300
    1288       1.5154
    1289       1.5654
    1290       1.5583
    1291       1.5136
    1292       1.6206
    1293       1.6376
    1294       1.5949
    1295       1.6113
    1296       1.5310
    1297       1.5680
    1298       1.5146
    1299       1.4996
    1300       1.4011
    1301       1.4090
    1302       1.3913
    1303       1.4561
    1304       1.5332
    1305       1.5406
    1306       1.5268
    1307       1.4875
    1308       1.5195
    1309       1.6920
    1310       1.6984
    1311       1.6302
    1312       1.5275
    1313       1.5566
    1314       1.4859
    1315       1.4152
    1316       1.3835
    1317       1.4520
    1318       1.4255
    1319       1.4704
    1320       1.5199
    1321       1.5632
    1322       1.5482
    1323       1.4715
    1324       1.5901
    1325       1.4668
    1326       1.5368
    1327       1.5692
    1328       1.5638
    1329       1.5942
    1330       1.5960
    1331       1.6598
    1332       1.5297
    1333       1.5201
    1334       1.5028
    1335       1.5600
    1336       1.5089
    1337       1.5024
    1338       1.5610
    1339       1.5184
    1340       1.4747
    1341       1.4993
    1342       1.4630
    1343       1.5012
    1344       1.5974
    1345       1.5135
    1346       1.5583
    1347       1.5243
    1348       1.5520
    1349       1.5750
    1350       1.5063
    1351       1.5650
    1352       1.5770
    1353       1.6347
    1354       1.7476
    1355       1.6727
    1356       1.6603
    1357       1.6881
    1358       1.7035
    1359       1.6088
    1360       1.5822
    1361       1.6121
    1362       1.6082
    1363       1.6191
    1364       1.6546
    1365       1.5984
    1366       1.6420
    1367       1.5916
    1368       1.6667
    1369       1.5907
    1370       1.6139
    1371       1.5834
    1372       1.6108
    1373       1.7097
    1374       1.6304
    1375       1.6311
    1376       1.5267
    1377       1.5017
    1378       1.5134
    1379       1.5620
    1380       1.5914
    1381       1.5583
    1382       1.6175
    1383       1.6390
    1384       1.6605
    1385       1.6796
    1386       1.6893
    1387       1.7346
    1388       1.6418
    1389       1.6215
    1390       1.6846
    1391       1.6110
    1392       1.5882
    1393       1.5361
    1394       1.5854
    1395       1.6006
    1396       1.6441
    1397       1.6832
    1398       1.5477
    1399       1.6143
    1400       1.5703
    1401       1.6056
    1402       1.6448
    1403       1.7562
    1404       1.7094
    1405       1.7990
    1406       1.7579
    1407       1.7718
    1408       1.7819
    1409       1.8123
    1410       1.8207
    1411       1.6963
    1412       1.7783
    1413       1.8000
    1414       1.7201
    1415       1.7134
    1416       1.6843
    1417       1.7495
    1418       1.7518
    1419       1.6834
    1420       1.7639
    1421       1.7645
    1422       1.7941
    1423       1.8454
    1424       1.8411
    1425       1.8934
    1426       1.8866
    1427       1.7075
    1428       1.7496
    1429       1.8122
    1430       1.8402
    1431       1.8951
    1432       1.8199
    1433       1.8724
    1434       1.8761
    1435       1.7860
    1436       1.6908
    1437       1.7010
    1438       1.7043
    1439       1.7623
    1440       1.7291
    1441       1.6419
    1442       1.6637
    1443       1.7316
    1444       1.5913
    1445       1.6383
    1446       1.5873
    1447       1.5264
    1448       1.5596
    1449       1.5513
    1450       1.5048
    1451       1.5446
    1452       1.5597
    1453       1.5433
    1454       1.5358
    1455       1.5764
    1456       1.5762
    1457       1.5794
    1458       1.5124
    1459       1.5083
    1460       1.5484
    1461       1.4877
    1462       1.4448
    1463       1.4774
    1464       1.5407
    1465       1.5200
    1466       1.4668
    1467       1.5222
    1468       1.5783
    1469       1.5608
    1470       1.5899
    1471       1.5369
    1472       1.5700
    1473       1.5472
    1474       1.5639
    1475       1.5430
    1476       1.5954
    1477       1.6222
    1478       1.5391
    1479       1.4698
    1480       1.5547
    1481       1.5828
    1482       1.5222
    1483       1.5138
    1484       1.5772
    1485       1.5537
    1486       1.6348
    1487       1.6977
    1488       1.6785
    1489       1.6169
    1490       1.6238
    1491       1.7063
    1492       1.6806
    1493       1.7069
    1494       1.5986
    1495       1.6450
    1496       1.6841
    1497       1.6437
    1498       1.5407
    1499       1.5140
    1500       1.5972
    1501       1.5719
    1502       1.6170
    1503       1.5323
    1504       1.5649
    1505       1.4268
    1506       1.4230
    1507       1.4138
    1508       1.5184
    1509       1.5243
    1510       1.5059
    1511       1.5454
    1512       1.4732
    1513       1.5183
    1514       1.4943
    1515       1.4154
    1516       1.5503
    1517       1.5548
    1518       1.5916
    1519       1.6195
    1520       1.6162
    1521       1.6218
    1522       1.5405
    1523       1.5678
    1524       1.5128
    1525       1.4377
    1526       1.4594
    1527       1.4197
    1528       1.4833
    1529       1.4076
    1530       1.4110
    1531       1.5199
    1532       1.4560
    1533       1.4567
    1534       1.5386
    1535       1.4485
    1536       1.4761
    1537       1.4451
    1538       1.3479
    1539       1.3647
    1540       1.3596
    1541       1.4688
    1542       1.4237
    1543       1.4131
    1544       1.3798
    1545       1.4006
    1546       1.3972
    1547       1.3855
    1548       1.4006
    1549       1.3895
    1550       1.4626
    1551       1.4153
    1552       1.5006
    1553       1.4776
    1554       1.5144
    1555       1.5499
    1556       1.5602
    1557       1.5658
    1558       1.4575
    1559       1.4922
    1560       1.4863
    1561       1.5358
    1562       1.5370
    1563       1.4894
    1564       1.5409
    1565       1.5639
    1566       1.6520
    1567       1.6169
    1568       1.6390
    1569       1.7214
    1570       1.5895
    1571       1.5475
    1572       1.5382
    1573       1.5412
    1574       1.4960
    1575       1.4987
    1576       1.4809
    1577       1.4581
    1578       1.5315
    1579       1.4775
    1580       1.5142
    1581       1.4573
    1582       1.5352
    1583       1.4793
    1584       1.5052
    1585       1.4766
    1586       1.5093
    1587       1.5248
    1588       1.5406
    1589       1.4986
    1590       1.5514
    1591       1.5723
    1592       1.5879
    1593       1.4249
    1594       1.4159
    1595       1.3490
    1596       1.3111
    1597       1.3716
    1598       1.3452
    1599       1.4898
    1600       1.4536
    1601       1.4520
    1602       1.4166
    1603       1.3665
    1604       1.4312
    1605       1.4643
    1606       1.4512
    1607       1.4411
    1608       1.5004
    1609       1.5397
    1610       1.5030
    1611       1.4242
    1612       1.4682
    1613       1.4703
    1614       1.4672
    1615       1.4682
    1616       1.4391
    1617       1.4345
    1618       1.4913
    1619       1.5603
    1620       1.4966
    1621       1.5012
    1622       1.4940
    1623       1.4875
    1624       1.4764
    1625       1.5013
    1626       1.5303
    1627       1.4925
    1628       1.4958
    1629       1.4591
    1630       1.5077
    1631       1.4543
    1632       1.5424
    1633       1.5100
    1634       1.5447
    1635       1.5226
    1636       1.4107
    1637       1.3821
    1638       1.3510
    1639       1.5065
    1640       1.4742
    1641       1.4239
    1642       1.4973
    1643       1.4014
    1644       1.4263
    1645       1.4411
    1646       1.4822
    1647       1.5669
    1648       1.5822
    1649       1.5924
    1650       1.4661
    1651       1.4816
    1652       1.5624
    1653       1.5420
    1654       1.5060
    1655       1.4514
    1656       1.3969
    1657       1.4448
    1658       1.4481
    1659       1.5415
    1660       1.5892
    1661       1.5814
    1662       1.6402
    1663       1.5790
    1664       1.5480
    1665       1.6021
    1666       1.5191
    1667       1.4854
    1668       1.4678
    1669       1.4264
    1670       1.4905
    1671       1.4841
    1672       1.4604
    1673       1.5064
    1674       1.5791
    1675       1.5458
    1676       1.5317
    1677       1.5803
    1678       1.5588
    1679       1.5225
    1680       1.5822
    1681       1.6360
    1682       1.7081
    1683       1.6654
    1684       1.7203
    1685       1.8094
    1686       1.8028
    1687       1.7100
    1688       1.7818
    1689       1.8349
    1690       1.8207
    1691       1.8093
    1692       1.7884
    1693       1.8187
    1694       1.7782
    1695       1.7839
    1696       1.7472
    1697       1.7442
    1698       1.7516
    1699       1.7766
    1700       1.7685
    1701       1.8079
    1702       1.8168
    1703       1.7968
    1704       1.7274
    1705       1.7396
    1706       1.6505
    1707       1.7016
    1708       1.6898
    1709       1.6161
    1710       1.7164
    1711       1.7983
    1712       1.7291
    1713       1.7988
    1714       1.8110
    1715       1.8380
    1716       1.8227
    1717       1.7888
    1718       1.6836
    1719       1.5964
    1720       1.7363
    1721       1.8212
    1722       1.7720
    1723       1.8043
    1724       1.6774
    1725       1.7245
    1726       1.6317
    1727       1.6083
    1728       1.6146
    1729       1.6126
    1730       1.5561
    1731       1.5386
    1732       1.5585
    1733       1.5604
    1734       1.5967
    1735       1.6228
    1736       1.5912
    1737       1.5673
    1738       1.6363
    1739       1.5762
    1740       1.6444
    1741       1.6344
    1742       1.6211
    1743       1.5846
    1744       1.6709
    1745       1.5872
    1746       1.5420
    1747       1.5207
    1748       1.4722
    1749       1.3893
    1750       1.3668
    1751       1.3830
    1752       1.3682
    1753       1.3883
    1754       1.3846
    1755       1.4272
    1756       1.3635
    1757       1.4560
    1758       1.4325
    1759       1.4785
    1760       1.5297
    1761       1.5555
    1762       1.4998
    1763       1.5137
    1764       1.4629
    1765       1.4936
    1766       1.5130
    1767       1.5746
    1768       1.5591
    1769       1.6389
    1770       1.6037
    1771       1.6262
    1772       1.6736
    1773       1.6687
    1774       1.7740
    1775       1.7764
    1776       1.6961
    1777       1.7267
    1778       1.5681
    1779       1.6094
    1780       1.6473
    1781       1.6423
    1782       1.6718
    1783       1.5979
    1784       1.6282
    1785       1.6826
    1786       1.7283
    1787       1.7071
    1788       1.7001
    1789       1.6695
    1790       1.6710
    1791       1.6480
    1792       1.5577
    1793       1.6161
    1794       1.5531
    1795       1.5038
    1796       1.5675
    1797       1.5371
    1798       1.5705
    1799       1.5776
    1800       1.5949
    1801       1.5982
    1802       1.7028
    1803       1.6502
    1804       1.6921
    1805       1.6346
    1806       1.8165
    1807       1.7089
    1808       1.7452
    1809       1.6749
    1810       1.7371
    1811       1.7273
    1812       1.7560
    1813       1.6425
    1814       1.6437
    1815       1.6308
    1816       1.6215
    1817       1.5478
    1818       1.6480
    1819       1.7636
    1820       1.7280
    1821       1.7403
    1822       1.7413
    1823       1.6932
    1824       1.7083
    1825       1.6741
    1826       1.7475
    1827       1.7338
    1828       1.7229
    1829       1.7238
    1830       1.6491
    1831       1.6638
    1832       1.6408
    1833       1.5999
    1834       1.6544
    1835       1.5790
    1836       1.5130
    1837       1.5367
    1838       1.6236
    1839       1.5749
    1840       1.6277
    1841       1.6904
    1842       1.6441
    1843       1.7207
    1844       1.7576
    1845       1.7499
    1846       1.7221
    1847       1.6054
    1848       1.6875
    1849       1.7711
    1850       1.7731
    1851       1.7064
    1852       1.6961
    1853       1.7039
    1854       1.7101
    1855       1.7648
    1856       1.7620
    1857       1.7655
    1858       1.7703
    1859       1.7686
    1860       1.8039
    1861       1.8200
    1862       1.8714
    1863       1.8601
    1864       1.8725
    1865       1.9238
    1866       1.8861
    1867       1.8527
    1868       1.8423
    1869       1.9449
    1870       1.8739
    1871       1.9080
    1872       1.8470
    1873       1.7848
    1874       1.8871
    1875       1.8423
    1876       1.8261
    1877       1.8054
    1878       1.8097
    1879       1.7544
    1880       1.8499
    1881       1.8195
    1882       1.8342
    1883       1.7853
    1884       1.8135
    1885       1.7805
    1886       1.8019
    1887       1.8506
    1888       1.8621
    1889       1.8383
    1890       1.8547
    1891       1.9187
    1892       1.8728
    1893       1.9220
    1894       1.9375
    1895       1.9465
    1896       1.9730
    1897       1.9650
    1898       1.9677
    1899       2.0036
    1900       2.0389
    1901       1.9228
    1902       1.9302
    1903       2.0318
    1904       2.0982
    1905       2.1385
    1906       2.1031
    1907       2.0709
    1908       2.0441
    1909       2.0066
    1910       1.9833
    1911       1.9211
    1912       1.9047
    1913       1.7830
    1914       1.7601
    1915       1.7481
    1916       1.7546
    1917       1.7548
    1918       1.7301
    1919       1.8078
    1920       1.7571
    1921       1.8160
    1922       1.8628
    1923       1.8833
    1924       1.8562
    1925       1.7256
    1926       1.7968
    1927       1.9369
    1928       1.9057
    1929       1.8869
    1930       1.9144
    1931       1.8775
    1932       1.8738
    1933       1.8316
    1934       1.7750
    1935       1.7605
    1936       1.7254
    1937       1.7589
    1938       1.8141
    1939       1.8540
    1940       1.8862
    1941       1.9054
    1942       1.9214
    1943       1.9617
    1944       1.9194
    1945       1.8954
    1946       1.8370
    1947       1.9480
    1948       1.8980
    1949       1.9616
    1950       1.9032
    1951       1.9350
    1952       1.8163
    1953       1.8260
    1954       1.8191
    1955       1.7864
    1956       1.7766
    1957       1.6855
    1958       1.7728
    1959       1.8411
    1960       1.8612
    1961       1.8501
    1962       1.8444
    1963       1.9141
    1964       2.0286
    1965       1.9373
    1966       1.9605
    1967       2.0028
    1968       1.9259
    1969       1.9392
    1970       2.0309
    1971       1.9067
    1972       1.9403
    1973       1.8974
    1974       1.8735
    1975       1.9870
    1976       2.0306
    1977       2.0132
    1978       1.9970
    1979       2.0487
    1980       2.0289
    1981       1.9307
    1982       1.9191
    1983       1.9507
    1984       2.0223
    1985       1.9834
    1986       2.0909
    1987       2.1139
    1988       2.1294
    1989       2.0459
    1990       2.0105
    1991       2.0662
    1992       1.9845
    1993       1.8982
    1994       1.9681
    1995       1.9525
    1996       1.8867
    1997       1.8442
    1998       1.6947
    1999       1.7902
    2000       1.8299
    2001       1.7355
    2002       1.7506
    2003       1.7867
    2004       1.7768
    2005       1.7262
    2006       1.7096
    2007       1.6720
    2008       1.7750
    2009       1.7368
    2010       1.7435
    2011       1.8077
    2012       1.7823
    2013       1.7973
    2014       1.7108
    2015       1.8547
    2016       1.9922
    2017       2.0107
    2018       1.8935
    2019       1.8941
    2020       1.9544
    2021       1.9720
    2022       1.8827
    2023       1.8824
    2024       1.8991
    2025       1.8316
    2026       1.8930
    2027       1.8086
    2028       1.8339
    2029       1.8527
    2030       1.8489
    2031       2.0067
    2032       1.9807
    2033       1.9947
    2034       2.0444
    2035       2.0005
    2036       1.8365
    2037       1.7741
    2038       1.7627
    2039       1.7262
    2040       1.6895
    2041       1.6901
    2042       1.6558
    2043       1.5999
    2044       1.6413
    2045       1.6769
    2046       1.7300
    2047       1.6402
    2048       1.6140
    2049       1.6150
    2050       1.6590
    2051       1.6564
    2052       1.6677
    2053       1.6882
    2054       1.6329
    2055       1.6977
    2056       1.8456
    2057       1.8051
    2058       1.7453
    2059       1.7344
    2060       1.7516
    2061       1.7658
    2062       1.8161
    2063       1.8474
    2064       1.8392
    2065       1.8931
    2066       1.8853
    2067       1.7842
    2068       1.7542
    2069       1.7409
    2070       1.7525
    2071       1.7836
    2072       1.7516
    2073       1.7783
    2074       1.6953
    2075       1.6565
    2076       1.6683
    2077       1.6727
    2078       1.6400
    2079       1.6558
    2080       1.5899
    2081       1.6082
    2082       1.5650
    2083       1.5626
    2084       1.6200
    2085       1.6548
    2086       1.5465
    2087       1.6441
    2088       1.7735
    2089       1.7076
    2090       1.8082
    2091       1.8261
    2092       1.8792
    2093       1.8405
    2094       1.8705
    2095       1.6964
    2096       1.7677
    2097       1.8100
    2098       1.7467
    2099       1.7794
    2100       1.8455
    2101       1.6581
    2102       1.6355
    2103       1.6529
    2104       1.7095
    2105       1.7163
    2106       1.6660
    2107       1.5751
    2108       1.5517
    2109       1.6883
    2110       1.6296
    2111       1.7509
    2112       1.7224
    2113       1.6777
    2114       1.6630
    2115       1.7762
    2116       1.7587
    2117       1.7608
    2118       1.7928
    2119       1.8179
    2120       1.7563
    2121       1.7172
    2122       1.7213
    2123       1.8054
    2124       1.7763
    2125       1.7963
    2126       1.7535
    2127       1.6707
    2128       1.6869
    2129       1.6814
    2130       1.6649
    2131       1.6988
    2132       1.6642
    2133       1.6535
    2134       1.7148
    2135       1.6954
    2136       1.6240
    2137       1.7115
    2138       1.6956
    2139       1.6001
    2140       1.6411
    2141       1.8314
    2142       1.8649
    2143       1.8097
    2144       1.7562
    2145       1.7416
    2146       1.6649
    2147       1.5739
    2148       1.6194
    2149       1.5739
    2150       1.5167
    2151       1.5200
    2152       1.5444
    2153       1.5614
    2154       1.5234
    2155       1.5886
    2156       1.5596
    2157       1.4590
    2158       1.5155
    2159       1.5118
    2160       1.6126
    2161       1.6103
    2162       1.6607
    2163       1.6254
    2164       1.6394
    2165       1.6970
    2166       1.7060
    2167       1.7787
    2168       1.7349
    2169       1.6964
    2170       1.7951
    2171       1.8820
    2172       1.7356
    2173       1.6799
    2174       1.7532
    2175       1.7235
    2176       1.7950
    2177       1.7368
    2178       1.7186
    2179       1.8224
    2180       1.7801
    2181       1.7998
    2182       1.8362
    2183       1.7220
    2184       1.8367
    2185       1.8957
    2186       1.8152
    2187       1.9228
    2188       1.9231
    2189       1.9754
    2190       1.9687
    2191       2.0615
    2192       1.9709
    2193       2.0102
    2194       2.0151
    2195       2.0345
    2196       2.0177
    2197       1.9105
    2198       1.9667
    2199       1.9645
    2200       1.8986
    2201       1.8657
    2202       1.7741
    2203       1.7936
    2204       1.8691
    2205       1.8475
    2206       1.8584
    2207       1.8288
    2208       1.8843
    2209       1.8878
    2210       1.7617
    2211       1.8163
    2212       1.7879
    2213       1.7790
    2214       1.7885
    2215       1.8238
    2216       1.7616
    2217       1.7840
    2218       1.6880
    2219       1.7646
    2220       1.7139
    2221       1.8502
    2222       1.7841
    2223       1.6367
    2224       1.6498
    2225       1.6914
    2226       1.7059
    2227       1.6792
    2228       1.5805
    2229       1.7187
    2230       1.7760
    2231       1.8452
    2232       1.7594
    2233       1.8355
    2234       1.9066
    2235       1.9187
    2236       1.8657
    2237       1.8626
    2238       1.9009
    2239       1.8655
    2240       1.7677
    2241       1.7799
    2242       1.7511
    2243       1.8486
    2244       1.8683
    2245       1.8825
    2246       1.8095
    2247       1.7843
    2248       1.7734
    2249       1.7802
    2250       1.8633
    2251       1.8562
    2252       1.8557
    2253       1.8672
    2254       1.8688
    2255       1.8553
    2256       1.7651
    2257       1.8156
    2258       1.9339
    2259       1.9064
    2260       1.9238
    2261       1.9554
    2262       1.8317
    2263       1.8763
    2264       1.8312
    2265       1.8793
    2266       1.8646
    2267       1.8991
    2268       1.8800
    2269       1.8099
    2270       1.7597
    2271       1.7650
    2272       1.8901
    2273       1.8647
    2274       1.8316
    2275       1.9194
    2276       1.8997
    2277       1.8935
    2278       1.9329
    2279       1.8695
    2280       1.9084
    2281       1.9302
    2282       1.8683
    2283       1.8911
    2284       1.8343
    2285       1.9251
    2286       1.8964
    2287       1.9433
    2288       1.9423
    2289       2.0423
    2290       1.9405
    2291       1.9848
    2292       2.0291
    2293       1.9812
    2294       2.1119
    2295       2.0671
    2296       2.0665
    2297       2.0297
    2298       1.9804
    2299       2.0099
    2300       1.9784
    2301       1.9798
    2302       2.0164
    2303       1.9505
    2304       1.8640
    2305       1.9166
    2306       1.9630
    2307       1.9057
    2308       1.9361
    2309       2.0305
    2310       2.0175
    2311       1.9789
    2312       1.8854
    2313       1.8445
    2314       1.8826
    2315       1.8138
    2316       1.7806
    2317       1.7542
    2318       1.7950
    2319       1.7685
    2320       1.7067
    2321       1.6685
    2322       1.6886
    2323       1.6827
    2324       1.6947
    2325       1.7256
    2326       1.7659
    2327       1.8747
    2328       1.8353
    2329       1.8835
    2330       1.7987
    2331       1.8585
    2332       1.7533
    2333       1.7360
    2334       1.8266
    2335       1.7935
    2336       1.7075
    2337       1.7767
    2338       1.8775
    2339       1.8741
    2340       1.8357
    2341       1.9023
    2342       2.0478
    2343       2.0619
    2344       2.0982
    2345       1.9654
    2346       1.9510
    2347       1.9629
    2348       1.9646
    2349       1.9470
    2350       1.8557
    2351       1.8526
    2352       1.8864
    2353       1.8828
    2354       1.8620
    2355       1.8494
    2356       1.7963
    2357       1.8024
    2358       1.7827
    2359       1.7024
    2360       1.7889
    2361       1.7534
    2362       1.6976
    2363       1.6865
    2364       1.6669
    2365       1.6764
    2366       1.7272
    2367       1.6753
    2368       1.6673
    2369       1.6417
    2370       1.7088
    2371       1.7262
    2372       1.6186
    2373       1.5035
    2374       1.7009
    2375       1.6621
    2376       1.6857
    2377       1.6305
    2378       1.7464
    2379       1.8013
    2380       1.7145
    2381       1.7259
    2382       1.6769
    2383       1.6866
    2384       1.6938
    2385       1.6812
    2386       1.7095
    2387       1.7125
    2388       1.7369
    2389       1.7325
    2390       1.7333
    2391       1.7288
    2392       1.7644
    2393       1.7225
    2394       1.7557
    2395       1.8374
    2396       1.8304
    2397       1.8550
    2398       1.8006
    2399       1.7686
    2400       1.8103
    2401       1.8150
    2402       1.7499
    2403       1.6876
    2404       1.6254
    2405       1.7752
    2406       1.7276
    2407       1.7391
    2408       1.7697
    2409       1.7525
    2410       1.6944
    2411       1.7322
    2412       1.7614
    2413       1.7908
    2414       1.7676
    2415       1.6403
    2416       1.6635
    2417       1.7262
    2418       1.7938
    2419       1.8063
    2420       1.7765
    2421       1.8127
    2422       1.8273
    2423       1.8037
    2424       1.7912
    2425       1.7651
    2426       1.8354
    2427       1.6493
    2428       1.6097
    2429       1.6386
    2430       1.6735
    2431       1.5829
    2432       1.6321
    2433       1.5905
    2434       1.7057
    2435       1.7857
    2436       1.6618
    2437       1.5875
    2438       1.6182
    2439       1.6612
    2440       1.6597
    2441       1.6608
    2442       1.7134
    2443       1.7088
    2444       1.5875
    2445       1.5599
    2446       1.6247
    2447       1.6360
    2448       1.6222
    2449       1.6425
    2450       1.6947
    2451       1.6532
    2452       1.6558
    2453       1.6875
    2454       1.6282
    2455       1.7873
    2456       1.6862
    2457       1.6601
    2458       1.6693
    2459       1.6385
    2460       1.5821
    2461       1.6870
    2462       1.6454
    2463       1.6824
    2464       1.6874
    2465       1.5861
    2466       1.5605
    2467       1.5925
    2468       1.6444
    2469       1.6375
    2470       1.5431
    2471       1.6533
    2472       1.6659
    2473       1.6512
    2474       1.6796
    2475       1.6600
    2476       1.6711
    2477       1.6627
    2478       1.6951
    2479       1.6051
    2480       1.6776
    2481       1.6640
    2482       1.7186
    2483       1.7545
    2484       1.6879
    2485       1.6790
    2486       1.7243
    2487       1.7257
    2488       1.6376
    2489       1.6636
    2490       1.6732
    2491       1.7481
    2492       1.7050
    2493       1.6455
    2494       1.5912
    2495       1.6354
    2496       1.6594
    2497       1.6532
    2498       1.7301
    2499       1.6462
    2500       1.6796
    2501       1.6666
    2502       1.6830
    2503       1.5913
    2504       1.5789
    2505       1.6593
    2506       1.6490
    2507       1.5965
    2508       1.5954
    2509       1.6074
    2510       1.4893
    2511       1.5603
    2512       1.5806
    2513       1.7176
    2514       1.6056
    2515       1.6245
    2516       1.6009
    2517       1.6395
    2518       1.6560
    2519       1.5553
    2520       1.5965
    2521       1.6748
    2522       1.6272
    2523       1.5446
    2524       1.5523
    2525       1.5350
    2526       1.5899
    2527       1.6134
    2528       1.5802
    2529       1.6312
    2530       1.6632
    2531       1.5539
    2532       1.6654
    2533       1.6014
    2534       1.6005
    2535       1.6826
    2536       1.5973
    2537       1.6201
    2538       1.5448
    2539       1.4804
    2540       1.4739
    2541       1.5369
    2542       1.6515
    2543       1.6367
    2544       1.6342
    2545       1.6641
    2546       1.6129
    2547       1.6491
    2548       1.6024
    2549       1.5829
    2550       1.6296
    2551       1.5460
    2552       1.5979
    2553       1.6883
    2554       1.7669
    2555       1.7188
    2556       1.6699
    2557       1.7455
    2558       1.7205
    2559       1.7394
    2560       1.7587
    2561       1.7771
    2562       1.7081
    2563       1.7521
    2564       1.6652
    2565       1.7040
    2566       1.6361
    2567       1.6500
    2568       1.6210
    2569       1.6463
    2570       1.7256
    2571       1.6703
    2572       1.6889
    2573       1.6757
    2574       1.6348
    2575       1.6740
    2576       1.6855
    2577       1.5812
    2578       1.5480
    2579       1.5320
    2580       1.5906
    2581       1.6567
    2582       1.6034
    2583       1.6537
    2584       1.5979
    2585       1.5738
    2586       1.5424
    2587       1.5530
    2588       1.6155
    2589       1.6103
    2590       1.6430
    2591       1.6134
    2592       1.7175
    2593       1.5574
    2594       1.6686
    2595       1.6420
    2596       1.6695
    2597       1.6716
    2598       1.6855
    2599       1.7312
    2600       1.5770
    2601       1.6196
    2602       1.6716
    2603       1.7118
    2604       1.7674
    2605       1.7850
    2606       1.8111
    2607       1.7699
    2608       1.7368
    2609       1.7604
    2610       1.7600
    2611       1.7573
    2612       1.7068
    2613       1.6508
    2614       1.6950
    2615       1.6588
    2616       1.6801
    2617       1.6129
    2618       1.6245
    2619       1.7205
    2620       1.7170
    2621       1.6906
    2622       1.7166
    2623       1.7577
    2624       1.8180
    2625       1.7910
    2626       1.8163
    2627       1.7386
    2628       1.7612
    2629       1.8133
    2630       1.8367
    2631       1.7828
    2632       1.7259
    2633       1.7445
    2634       1.6867
    2635       1.7112
    2636       1.7556
    2637       1.7431
    2638       1.6974
    2639       1.5891
    2640       1.7067
    2641       1.6791
    2642       1.7494
    2643       1.7525
    2644       1.7165
    2645       1.6225
    2646       1.6253
    2647       1.6265
    2648       1.7026
    2649       1.6025
    2650       1.6413
    2651       1.5780
    2652       1.6579
    2653       1.5559
    2654       1.6113
    2655       1.6454
    2656       1.7042
    2657       1.7298
    2658       1.7769
    2659       1.7713
    2660       1.8101
    2661       1.7561
    2662       1.7265
    2663       1.7596
    2664       1.6713
    2665       1.7930
    2666       1.8745
    2667       1.8604
    2668       1.8451
    2669       1.8556
    2670       1.8262
    2671       1.8735
    2672       1.8883
    2673       1.8912
    2674       1.8757
    2675       1.8078
    2676       1.8327
    2677       1.8812
    2678       1.7384
    2679       1.7484
    2680       1.7427
    2681       1.7744
    2682       1.7539
    2683       1.7488
    2684       1.8386
    2685       1.7362
    2686       1.7556
    2687       1.7085
    2688       1.5952
    2689       1.6762
    2690       1.6182
    2691       1.6494
    2692       1.7104
    2693       1.7745
    2694       1.8090
    2695       1.7833
    2696       1.8453
    2697       1.7924
    2698       1.8363
    2699       1.7698
    2700       1.6839
    2701       1.7147
    2702       1.6886
    2703       1.6493
    2704       1.5879
    2705       1.5618
    2706       1.4710
    2707       1.5462
    2708       1.6459
    2709       1.5966
    2710       1.7146
    2711       1.7491
    2712       1.7330
    2713       1.6833
    2714       1.6255
    2715       1.6332
    2716       1.6673
    2717       1.6140
    2718       1.5820
    2719       1.5409
    2720       1.6087
    2721       1.6330
    2722       1.6491
    2723       1.6404
    2724       1.6546
    2725       1.7238
    2726       1.6376
    2727       1.7482
    2728       1.7732
    2729       1.7471
    2730       1.6434
    2731       1.5941
    2732       1.6173
    2733       1.5917
    2734       1.6042
    2735       1.6047
    2736       1.6162
    2737       1.6067
    2738       1.5761
    2739       1.5546
    2740       1.5196
    2741       1.5383
    2742       1.4398
    2743       1.4776
    2744       1.5276
    2745       1.5306
    2746       1.6204
    2747       1.5519
    2748       1.5300
    2749       1.6331
    2750       1.6463
    2751       1.5950
    2752       1.6057
    2753       1.6866
    2754       1.6684
    2755       1.6695
    2756       1.7730
    2757       1.7530
    2758       1.7120
    2759       1.6717
    2760       1.7263
    2761       1.6894
    2762       1.6479
    2763       1.7526
    2764       1.8738
    2765       1.7325
    2766       1.7590
    2767       1.7533
    2768       1.7901
    2769       1.7298
    2770       1.7177
    2771       1.6740
    2772       1.5996
    2773       1.6558
    2774       1.7097
    2775       1.8212
    2776       1.8172
    2777       1.9075
    2778       1.8712
    2779       1.8439
    2780       1.8307
    2781       1.8855
    2782       1.9514
    2783       1.9096
    2784       1.9468
    2785       1.8989
    2786       1.8625
    2787       1.9549
    2788       1.8743
    2789       1.8693
    2790       1.8493
    2791       1.9222
    2792       1.8738
    2793       1.8421
    2794       1.8095
    2795       1.7635
    2796       1.8040
    2797       1.9168
    2798       1.8249
    2799       1.8429
    2800       1.7925
    2801       1.7258
    2802       1.8021
    2803       1.7684
    2804       1.7763
    2805       1.6840
    2806       1.7231
    2807       1.6624
    2808       1.7039
    2809       1.6907
    2810       1.6954
    2811       1.6917
    2812       1.5614
    2813       1.5630
    2814       1.5979
    2815       1.6059
    2816       1.7065
    2817       1.7529
    2818       1.6676
    2819       1.6217
    2820       1.6160
    2821       1.5984
    2822       1.5917
    2823       1.5495
    2824       1.5158
    2825       1.5810
    2826       1.5922
    2827       1.5633
    2828       1.4525
    2829       1.4613
    2830       1.5038
    2831       1.4887
    2832       1.5326
    2833       1.5393
    2834       1.5156
    2835       1.4509
    2836       1.4926
    2837       1.4989
    2838       1.4645
    2839       1.4642
    2840       1.5423
    2841       1.5626
    2842       1.5994
    2843       1.5924
    2844       1.5910
    2845       1.5887
    2846       1.7011
    2847       1.7343
    2848       1.7860
    2849       1.6958
    2850       1.7424
    2851       1.6943
    2852       1.7082
    2853       1.8080
    2854       1.7085
    2855       1.6623
    2856       1.6401
    2857       1.5991
    2858       1.6543
    2859       1.7392
    2860       1.6678
    2861       1.7097
    2862       1.7208
    2863       1.6452
    2864       1.6853
    2865       1.6949
    2866       1.6433
    2867       1.6537
    2868       1.6779
    2869       1.6160
    2870       1.6490
    2871       1.6631
    2872       1.6263
    2873       1.7082
    2874       1.6596
    2875       1.7817
    2876       1.7572
    2877       1.7576
    2878       1.8103
    2879       1.7921
    2880       1.7875
    2881       1.8011
    2882       1.9724
    2883       1.9865
    2884       1.9414
    2885       1.8408
    2886       1.7965
    2887       1.7842
    2888       1.8212
    2889       1.8079
    2890       1.7825
    2891       1.7284
    2892       1.7384
    2893       1.7154
    2894       1.7861
    2895       1.7404
    2896       1.8230
    2897       1.8018
    2898       1.7498
    2899       1.8055
    2900       1.7975
    2901       1.7662
    2902       1.6707
    2903       1.6691
    2904       1.6071
    2905       1.5884
    2906       1.5772
    2907       1.5468
    2908       1.5708
    2909       1.6173
    2910       1.5853
    2911       1.5356
    2912       1.5766
    2913       1.6168
    2914       1.6507
    2915       1.6707
    2916       1.5748
    2917       1.6219
    2918       1.6686
    2919       1.7318
    2920       1.6710
    2921       1.7148
    2922       1.7599
    2923       1.8080
    2924       1.8513
    2925       1.7386
    2926       1.8141
    2927       1.7142
    2928       1.8475
    2929       1.7942
    2930       1.7659
    2931       1.7345
    2932       1.7154
    2933       1.7101
    2934       1.7049
    2935       1.6884
    2936       1.6525
    2937       1.6862
    2938       1.7422
    2939       1.7952
    2940       1.7500
    2941       1.8133
    2942       1.7531
    2943       1.7886
    2944       1.8907
    2945       1.8374
    2946       1.7858
    2947       1.8280
    2948       1.8461
    2949       1.8274
    2950       1.7749
    2951       1.8019
    2952       1.8108
    2953       1.7461
    2954       1.6891
    2955       1.8109
    2956       1.7839
    2957       1.7152
    2958       1.7548
    2959       1.8389
    2960       1.8186
    2961       1.7244
    2962       1.7873
    2963       1.7714
    2964       1.7781
    2965       1.6969
    2966       1.6683
    2967       1.6196
    2968       1.6538
    2969       1.6582
    2970       1.6552
    2971       1.7237
    2972       1.7327
    2973       1.7652
    2974       1.6374
    2975       1.6337
    2976       1.7206
    2977       1.7902
    2978       1.8160
    2979       1.7740
    2980       1.8013
    2981       1.7327
    2982       1.7952
    2983       1.8200
    2984       1.9532
    2985       2.0185
    2986       1.9616
    2987       2.0126
    2988       1.9175
    2989       1.9044
    2990       1.9636
    2991       1.9589
    2992       1.9119
    2993       1.9555
    2994       1.8598
    2995       1.9435
    2996       1.9101
    2997       1.9305
    2998       2.0294
    2999       1.9806
    3000       1.8883
    3001       1.9324
    3002       1.8876
    3003       1.8519
    3004       1.8347
    3005       1.8475
    3006       1.8985
    3007       1.8436
    3008       1.8711
    3009       1.8112
    3010       1.8054
    3011       1.7731
    3012       1.8518
    3013       1.8722
    3014       1.8666
    3015       1.9930
    3016       2.0027
    3017       1.9980
    3018       1.8880
    3019       1.9615
    3020       1.9303
    3021       1.9328
    3022       1.8647
    3023       1.8374
    3024       1.7926
    3025       1.8013
    3026       1.7598
    3027       1.6934
    3028       1.6577
    3029       1.6779
    3030       1.7553
    3031       1.7605
    3032       1.7872
    3033       1.7203
    3034       1.7258
    3035       1.7452
    3036       1.7772
    3037       1.8126
    3038       1.7884
    3039       1.8061
    3040       1.8042
    3041       1.7053
    3042       1.7140
    3043       1.6541
    3044       1.6413
    3045       1.7366
    3046       1.7717
    3047       1.8457
    3048       1.8731
    3049       1.9082
    3050       1.8513
    3051       1.9148
    3052       1.8129
    3053       1.7326
    3054       1.7739
    3055       1.7414
    3056       1.7845
    3057       1.7640
    3058       1.8070
    3059       1.7406
    3060       1.8133
    3061       1.8174
    3062       1.7531
    3063       1.7545
    3064       1.7549
    3065       1.7914
    3066       1.7764
    3067       1.8106
    3068       1.8378
    3069       1.7782
    3070       1.7023
    3071       1.6535
    3072       1.7365
    3073       1.7491
    3074       1.7309
    3075       1.6824
    3076       1.7537
    3077       1.7113
    3078       1.6840
    3079       1.6852
    3080       1.6649
    3081       1.5888
    3082       1.5916
    3083       1.7100
    3084       1.7237
    3085       1.6939
    3086       1.6552
    3087       1.8162
    3088       1.7254
    3089       1.7948
    3090       1.7738
    3091       1.7923
    3092       1.7494
    3093       1.7995
    3094       1.7833
    3095       1.7385
    3096       1.8164
    3097       1.8373
    3098       1.7117
    3099       1.7166
    3100       1.7934
    3101       1.7522
    3102       1.6851
    3103       1.7424
    3104       1.7556
    3105       1.6991
    3106       1.6463
    3107       1.5873
    3108       1.6777
    3109       1.6492
    3110       1.6491
    3111       1.6372
    3112       1.6069
    3113       1.5739
    3114       1.6724
    3115       1.6548
    3116       1.6101
    3117       1.6963
    3118       1.6870
    3119       1.6636
    3120       1.7558
    3121       1.8015
    3122       1.7429
    3123       1.7312
    3124       1.7343
    3125       1.7350
