#Frame     RMSD_00001
       1       0.0000
       2       0.6264
       3       0.7810
       4       0.8578
       5       0.8662
       6       0.8722
       7       0.8764
       8       0.8210
       9       0.7804
      10       0.8889
      11       0.8899
      12       0.8445
      13       0.8807
      14       0.8584
      15       0.9767
      16       0.9401
      17       0.8879
      18       0.8859
      19       0.9344
      20       0.9073
      21       0.9413
      22       0.8916
      23       1.0353
      24       0.9266
      25       0.9751
      26       1.0031
      27       0.9561
      28       0.9471
      29       0.9783
      30       0.9126
      31       0.9125
      32       0.9130
      33       0.9092
      34       0.8696
      35       0.9580
      36       0.9392
      37       0.9756
      38       1.0093
      39       0.9638
      40       0.9634
      41       0.9855
      42       1.0243
      43       0.9502
      44       0.9570
      45       0.9204
      46       1.0165
      47       0.9264
      48       0.8705
      49       0.9848
      50       1.0930
      51       1.0148
      52       0.9757
      53       0.9345
      54       0.9600
      55       0.9930
      56       1.0459
      57       1.0441
      58       1.1322
      59       1.0152
      60       0.9768
      61       0.9745
      62       0.9566
      63       0.9220
      64       0.9572
      65       1.0245
      66       1.0057
      67       1.0106
      68       1.0656
      69       1.1218
      70       1.0801
      71       1.0372
      72       1.0195
      73       1.0556
      74       1.0584
      75       1.1259
      76       1.1233
      77       1.1477
      78       1.0921
      79       1.0092
      80       1.0328
      81       1.1319
      82       1.1395
      83       1.2129
      84       1.2044
      85       1.2026
      86       1.1725
      87       1.1856
      88       1.0876
      89       1.0874
      90       1.0771
      91       1.1425
      92       1.1255
      93       1.1901
      94       1.1772
      95       1.0908
      96       1.1683
      97       1.1332
      98       1.1449
      99       1.1486
     100       1.1294
     101       1.0539
     102       1.1059
     103       1.1087
     104       1.0735
     105       1.0797
     106       1.1129
     107       1.1712
     108       1.1592
     109       1.0673
     110       1.1216
     111       1.1008
     112       1.1109
     113       1.0798
     114       1.0773
     115       1.0245
     116       1.0268
     117       1.0721
     118       1.1005
     119       1.0445
     120       1.0856
     121       1.1110
     122       1.1527
     123       1.1984
     124       1.1650
     125       1.1538
     126       1.1859
     127       1.1598
     128       1.1439
     129       1.2406
     130       1.1930
     131       1.2678
     132       1.2905
     133       1.2220
     134       1.1922
     135       1.2980
     136       1.2570
     137       1.2682
     138       1.2759
     139       1.2868
     140       1.2817
     141       1.3176
     142       1.3231
     143       1.2225
     144       1.2609
     145       1.3024
     146       1.2661
     147       1.2624
     148       1.2893
     149       1.2181
     150       1.2360
     151       1.2448
     152       1.2205
     153       1.1946
     154       1.1578
     155       1.0945
     156       1.1536
     157       1.1271
     158       1.2102
     159       1.1772
     160       1.2060
     161       1.2041
     162       1.1963
     163       1.2632
     164       1.2654
     165       1.1872
     166       1.3363
     167       1.2715
     168       1.2396
     169       1.2702
     170       1.3212
     171       1.2258
     172       1.2200
     173       1.1919
     174       1.1593
     175       1.3279
     176       1.2724
     177       1.2125
     178       1.2833
     179       1.3072
     180       1.2386
     181       1.2163
     182       1.2691
     183       1.2823
     184       1.2905
     185       1.2447
     186       1.2571
     187       1.2610
     188       1.2461
     189       1.1786
     190       1.2536
     191       1.2495
     192       1.1522
     193       1.2177
     194       1.1963
     195       1.2026
     196       1.2309
     197       1.2289
     198       1.1722
     199       1.1218
     200       1.1113
     201       1.0940
     202       1.1682
     203       1.1296
     204       1.1483
     205       1.2153
     206       1.1972
     207       1.1567
     208       1.1889
     209       1.1405
     210       1.1584
     211       1.2057
     212       1.2000
     213       1.1111
     214       1.1414
     215       1.2112
     216       1.1254
     217       1.0989
     218       1.1921
     219       1.1220
     220       1.1565
     221       1.1894
     222       1.1998
     223       1.1754
     224       1.2437
     225       1.1588
     226       1.1931
     227       1.1539
     228       1.1879
     229       1.2036
     230       1.2617
     231       1.1557
     232       1.1053
     233       1.1124
     234       1.1451
     235       1.2096
     236       1.2093
     237       1.2135
     238       1.1544
     239       1.1131
     240       1.0918
     241       1.1567
     242       1.1806
     243       1.2046
     244       1.1399
     245       1.1255
     246       1.0932
     247       1.1589
     248       1.1680
     249       1.1737
     250       1.1315
     251       1.1504
     252       1.1072
     253       1.0399
     254       1.1096
     255       1.1350
     256       1.1421
     257       1.1707
     258       1.1463
     259       1.1765
     260       1.1510
     261       1.1335
     262       1.1546
     263       1.1358
     264       1.0989
     265       1.1591
     266       1.1168
     267       1.1531
     268       1.1680
     269       1.1907
     270       1.1877
     271       1.2083
     272       1.2636
     273       1.3373
     274       1.2665
     275       1.2288
     276       1.2998
     277       1.3368
     278       1.1920
     279       1.1414
     280       1.1611
     281       1.1667
     282       1.1092
     283       1.0665
     284       1.1311
     285       1.0311
     286       1.0721
     287       1.1123
     288       1.1471
     289       1.1368
     290       1.1393
     291       1.2036
     292       1.2445
     293       1.2285
     294       1.1864
     295       1.2233
     296       1.1423
     297       1.1983
     298       1.1599
     299       1.1902
     300       1.2010
     301       1.1446
     302       1.1852
     303       1.2521
     304       1.2376
     305       1.3085
     306       1.2867
     307       1.2453
     308       1.2500
     309       1.2341
     310       1.2543
     311       1.2599
     312       1.2605
     313       1.2287
     314       1.2536
     315       1.1929
     316       1.2187
     317       1.3129
     318       1.2372
     319       1.2240
     320       1.1707
     321       1.2456
     322       1.2055
     323       1.1627
     324       1.1662
     325       1.1303
     326       1.3067
     327       1.2920
     328       1.2691
     329       1.3455
     330       1.3387
     331       1.3494
     332       1.3499
     333       1.3204
     334       1.3185
     335       1.3240
     336       1.4121
     337       1.3822
     338       1.3329
     339       1.2853
     340       1.3353
     341       1.2787
     342       1.3229
     343       1.3111
     344       1.3319
     345       1.3951
     346       1.3393
     347       1.3891
     348       1.4102
     349       1.3601
     350       1.3046
     351       1.4246
     352       1.3472
     353       1.3080
     354       1.3192
     355       1.2478
     356       1.2653
     357       1.2515
     358       1.1953
     359       1.1161
     360       1.2141
     361       1.2015
     362       1.2300
     363       1.2000
     364       1.3006
     365       1.2903
     366       1.3097
     367       1.2757
     368       1.2925
     369       1.2299
     370       1.2758
     371       1.3384
     372       1.2815
     373       1.3410
     374       1.2270
     375       1.2944
     376       1.2841
     377       1.3094
     378       1.3529
     379       1.3443
     380       1.4452
     381       1.3375
     382       1.2347
     383       1.2090
     384       1.1915
     385       1.1928
     386       1.2349
     387       1.2604
     388       1.2748
     389       1.3182
     390       1.3144
     391       1.2808
     392       1.1936
     393       1.2369
     394       1.2216
     395       1.2830
     396       1.2923
     397       1.3137
     398       1.2166
     399       1.1947
     400       1.2285
     401       1.2338
     402       1.2810
     403       1.2910
     404       1.2757
     405       1.2779
     406       1.2771
     407       1.3079
     408       1.3726
     409       1.3207
     410       1.2851
     411       1.2812
     412       1.2564
     413       1.2657
     414       1.2674
     415       1.1591
     416       1.1756
     417       1.2209
     418       1.2804
     419       1.3471
     420       1.2274
     421       1.2479
     422       1.2061
     423       1.2987
     424       1.2556
     425       1.2784
     426       1.2833
     427       1.2957
     428       1.2409
     429       1.2214
     430       1.2710
     431       1.3475
     432       1.2947
     433       1.3476
     434       1.3381
     435       1.3561
     436       1.3630
     437       1.3872
     438       1.3589
     439       1.2826
     440       1.2792
     441       1.2584
     442       1.2549
     443       1.3609
     444       1.3306
     445       1.2621
     446       1.3335
     447       1.3229
     448       1.3382
     449       1.3524
     450       1.3643
     451       1.2660
     452       1.2183
     453       1.2360
     454       1.3366
     455       1.2565
     456       1.3415
     457       1.2792
     458       1.3108
     459       1.2024
     460       1.2471
     461       1.2566
     462       1.2074
     463       1.2156
     464       1.1669
     465       1.2111
     466       1.1673
     467       1.2382
     468       1.1665
     469       1.2459
     470       1.2831
     471       1.2084
     472       1.1973
     473       1.2021
     474       1.2121
     475       1.2587
     476       1.2301
     477       1.2828
     478       1.3207
     479       1.3036
     480       1.3061
     481       1.3674
     482       1.3629
     483       1.4251
     484       1.4403
     485       1.4443
     486       1.4692
     487       1.3656
     488       1.2947
     489       1.3274
     490       1.2439
     491       1.2636
     492       1.3300
     493       1.2743
     494       1.3394
     495       1.3195
     496       1.3994
     497       1.3288
     498       1.3241
     499       1.2923
     500       1.2838
     501       1.2888
     502       1.3019
     503       1.2765
     504       1.3304
     505       1.3298
     506       1.3537
     507       1.3943
     508       1.3308
     509       1.2917
     510       1.2602
     511       1.3553
     512       1.4143
     513       1.3256
     514       1.3376
     515       1.3432
     516       1.3814
     517       1.4643
     518       1.3853
     519       1.3063
     520       1.3839
     521       1.3591
     522       1.3964
     523       1.3824
     524       1.3470
     525       1.3406
     526       1.3171
     527       1.3886
     528       1.3341
     529       1.2987
     530       1.3131
     531       1.2250
     532       1.2056
     533       1.2254
     534       1.2725
     535       1.3039
     536       1.3041
     537       1.3681
     538       1.3592
     539       1.2782
     540       1.2924
     541       1.2791
     542       1.1615
     543       1.2348
     544       1.3016
     545       1.2871
     546       1.2992
     547       1.3152
     548       1.2764
     549       1.2745
     550       1.2486
     551       1.2753
     552       1.2301
     553       1.2905
     554       1.2825
     555       1.2700
     556       1.3137
     557       1.3167
     558       1.2971
     559       1.3521
     560       1.2576
     561       1.2979
     562       1.2421
     563       1.2496
     564       1.3221
     565       1.2939
     566       1.3187
     567       1.2679
     568       1.2625
     569       1.3051
     570       1.3250
     571       1.2643
     572       1.2254
     573       1.3035
     574       1.3457
     575       1.2464
     576       1.2761
     577       1.2828
     578       1.2696
     579       1.2814
     580       1.4080
     581       1.3955
     582       1.3559
     583       1.3897
     584       1.4091
     585       1.4387
     586       1.3500
     587       1.3546
     588       1.3674
     589       1.3906
     590       1.4025
     591       1.3998
     592       1.4437
     593       1.4114
     594       1.4005
     595       1.3704
     596       1.4299
     597       1.3830
     598       1.3864
     599       1.4897
     600       1.5038
     601       1.4310
     602       1.4392
     603       1.4464
     604       1.5226
     605       1.5295
     606       1.4675
     607       1.4297
     608       1.3963
     609       1.4268
     610       1.4811
     611       1.3885
     612       1.4286
     613       1.3973
     614       1.4452
     615       1.4067
     616       1.4138
     617       1.3491
     618       1.3850
     619       1.4401
     620       1.3955
     621       1.3952
     622       1.3865
     623       1.3532
     624       1.4172
     625       1.4025
     626       1.3805
     627       1.3798
     628       1.3188
     629       1.4136
     630       1.3525
     631       1.3779
     632       1.3324
     633       1.2851
     634       1.3633
     635       1.3665
     636       1.3658
     637       1.3350
     638       1.4150
     639       1.3956
     640       1.3521
     641       1.3347
     642       1.3576
     643       1.3677
     644       1.5144
     645       1.4074
     646       1.4330
     647       1.4326
     648       1.3980
     649       1.3703
     650       1.4975
     651       1.4336
     652       1.4156
     653       1.4391
     654       1.4884
     655       1.4077
     656       1.3534
     657       1.4555
     658       1.4577
     659       1.4330
     660       1.4155
     661       1.4274
     662       1.4304
     663       1.4295
     664       1.4457
     665       1.4112
     666       1.4689
     667       1.4727
     668       1.4553
     669       1.5169
     670       1.4951
     671       1.4254
     672       1.4038
     673       1.4581
     674       1.3618
     675       1.3016
     676       1.3704
     677       1.4115
     678       1.3477
     679       1.3323
     680       1.2214
     681       1.2015
     682       1.1837
     683       1.3083
     684       1.3434
     685       1.3121
     686       1.3504
     687       1.2913
     688       1.4011
     689       1.4907
     690       1.4660
     691       1.3779
     692       1.4242
     693       1.4013
     694       1.3641
     695       1.3391
     696       1.3073
     697       1.3218
     698       1.4346
     699       1.3752
     700       1.4382
     701       1.4499
     702       1.3806
     703       1.3612
     704       1.4176
     705       1.5047
     706       1.3552
     707       1.3769
     708       1.3256
     709       1.4099
     710       1.4362
     711       1.3863
     712       1.2807
     713       1.3261
     714       1.3268
     715       1.3586
     716       1.3378
     717       1.3834
     718       1.3488
     719       1.3348
     720       1.3307
     721       1.2623
     722       1.3283
     723       1.3352
     724       1.3217
     725       1.3341
     726       1.4322
     727       1.3665
     728       1.4166
     729       1.4282
     730       1.3626
     731       1.2832
     732       1.3352
     733       1.3139
     734       1.2822
     735       1.2980
     736       1.3537
     737       1.2971
     738       1.3397
     739       1.3195
     740       1.3678
     741       1.3648
     742       1.3694
     743       1.3509
     744       1.3183
     745       1.3524
     746       1.4273
     747       1.4043
     748       1.4406
     749       1.4515
     750       1.3623
     751       1.4013
     752       1.3878
     753       1.3690
     754       1.4154
     755       1.3666
     756       1.4112
     757       1.3519
     758       1.3498
     759       1.4086
     760       1.4294
     761       1.3590
     762       1.3345
     763       1.3329
     764       1.2597
     765       1.1478
     766       1.1636
     767       1.1463
     768       1.1935
     769       1.1699
     770       1.2471
     771       1.2174
     772       1.2160
     773       1.2300
     774       1.2284
     775       1.2053
     776       1.1799
     777       1.2504
     778       1.3821
     779       1.2717
     780       1.3438
     781       1.2959
     782       1.2857
     783       1.2041
     784       1.2005
     785       1.2706
     786       1.1877
     787       1.2874
     788       1.2917
     789       1.3239
     790       1.3684
     791       1.3826
     792       1.2498
     793       1.3206
     794       1.4104
     795       1.3562
     796       1.3035
     797       1.3012
     798       1.2157
     799       1.3492
     800       1.2988
     801       1.2831
     802       1.2364
     803       1.1727
     804       1.2387
     805       1.2199
     806       1.1675
     807       1.2977
     808       1.2970
     809       1.2183
     810       1.2879
     811       1.2295
     812       1.2241
     813       1.2619
     814       1.1633
     815       1.1689
     816       1.1990
     817       1.2121
     818       1.2080
     819       1.1320
     820       1.1560
     821       1.2400
     822       1.2696
     823       1.2522
     824       1.2792
     825       1.1917
     826       1.1802
     827       1.2382
     828       1.2105
     829       1.2437
     830       1.2418
     831       1.1901
     832       1.2196
     833       1.2386
     834       1.2965
     835       1.3008
     836       1.3812
     837       1.3602
     838       1.3381
     839       1.3108
     840       1.2944
     841       1.2048
     842       1.2566
     843       1.2560
     844       1.2999
     845       1.2330
     846       1.2395
     847       1.2188
     848       1.1898
     849       1.1717
     850       1.1368
     851       1.1587
     852       1.1661
     853       1.1516
     854       1.1972
     855       1.3647
     856       1.3738
     857       1.2881
     858       1.3073
     859       1.2939
     860       1.2736
     861       1.3396
     862       1.2231
     863       1.2489
     864       1.2650
     865       1.2548
     866       1.2148
     867       1.2765
     868       1.2574
     869       1.2718
     870       1.2989
     871       1.3934
     872       1.2930
     873       1.3766
     874       1.3131
     875       1.2746
     876       1.2936
     877       1.3065
     878       1.3945
     879       1.3507
     880       1.4175
     881       1.3972
     882       1.3284
     883       1.3336
     884       1.2816
     885       1.3216
     886       1.3251
     887       1.3630
     888       1.2977
     889       1.3788
     890       1.3653
     891       1.4063
     892       1.4013
     893       1.3233
     894       1.3085
     895       1.3274
     896       1.4229
     897       1.2971
     898       1.2858
     899       1.3723
     900       1.3124
     901       1.3549
     902       1.3046
     903       1.3248
     904       1.3581
     905       1.3322
     906       1.3562
     907       1.3134
     908       1.3789
     909       1.3746
     910       1.3155
     911       1.3050
     912       1.2937
     913       1.2917
     914       1.3359
     915       1.2739
     916       1.1899
     917       1.2064
     918       1.2043
     919       1.2427
     920       1.3039
     921       1.2738
     922       1.2933
     923       1.3250
     924       1.3055
     925       1.3491
     926       1.3486
     927       1.3420
     928       1.3631
     929       1.3469
     930       1.3800
     931       1.3817
     932       1.4253
     933       1.4553
     934       1.5045
     935       1.5209
     936       1.4635
     937       1.4990
     938       1.4973
     939       1.4708
     940       1.5100
     941       1.5218
     942       1.5412
     943       1.4392
     944       1.4924
     945       1.4727
     946       1.4724
     947       1.3816
     948       1.3574
     949       1.3596
     950       1.3241
     951       1.3089
     952       1.3359
     953       1.3684
     954       1.2986
     955       1.3118
     956       1.3784
     957       1.4052
     958       1.4466
     959       1.3806
     960       1.4046
     961       1.3984
     962       1.3142
     963       1.3600
     964       1.3467
     965       1.4144
     966       1.3891
     967       1.4118
     968       1.4257
     969       1.3439
     970       1.3723
     971       1.3505
     972       1.3622
     973       1.3486
     974       1.3135
     975       1.2455
     976       1.3186
     977       1.2208
     978       1.2513
     979       1.3082
     980       1.3120
     981       1.3101
     982       1.3982
     983       1.4165
     984       1.3283
     985       1.3885
     986       1.3640
     987       1.3891
     988       1.3703
     989       1.3595
     990       1.3072
     991       1.3499
     992       1.3040
     993       1.2678
     994       1.3489
     995       1.3354
     996       1.3624
     997       1.4006
     998       1.4442
     999       1.4705
    1000       1.3854
    1001       1.3844
    1002       1.2726
    1003       1.2952
    1004       1.3755
    1005       1.3161
    1006       1.3527
    1007       1.3483
    1008       1.3663
    1009       1.3494
    1010       1.3447
    1011       1.3978
    1012       1.3887
    1013       1.4148
    1014       1.3155
    1015       1.3899
    1016       1.3449
    1017       1.3704
    1018       1.3805
    1019       1.3353
    1020       1.3413
    1021       1.3789
    1022       1.3274
    1023       1.3287
    1024       1.3024
    1025       1.3317
    1026       1.4097
    1027       1.3522
    1028       1.3612
    1029       1.4071
    1030       1.4459
    1031       1.3582
    1032       1.4324
    1033       1.2836
    1034       1.3452
    1035       1.3950
    1036       1.3627
    1037       1.4195
    1038       1.4621
    1039       1.4994
    1040       1.4261
    1041       1.4340
    1042       1.4615
    1043       1.5446
    1044       1.5488
    1045       1.5123
    1046       1.5123
    1047       1.5080
    1048       1.5128
    1049       1.4190
    1050       1.4226
    1051       1.4478
    1052       1.4486
    1053       1.3711
    1054       1.4127
    1055       1.3288
    1056       1.3943
    1057       1.3226
    1058       1.3872
    1059       1.4558
    1060       1.4339
    1061       1.4600
    1062       1.4930
    1063       1.5179
    1064       1.5102
    1065       1.5103
    1066       1.4903
    1067       1.5449
    1068       1.5209
    1069       1.5301
    1070       1.5805
    1071       1.6536
    1072       1.6572
    1073       1.6791
    1074       1.6413
    1075       1.6162
    1076       1.5409
    1077       1.4547
    1078       1.5138
    1079       1.5637
    1080       1.5695
    1081       1.5463
    1082       1.5257
    1083       1.5294
    1084       1.4378
    1085       1.4491
    1086       1.4829
    1087       1.4514
    1088       1.5648
    1089       1.4975
    1090       1.4608
    1091       1.4277
    1092       1.4116
    1093       1.4251
    1094       1.3820
    1095       1.3883
    1096       1.4376
    1097       1.4467
    1098       1.4858
    1099       1.5230
    1100       1.5182
    1101       1.5066
    1102       1.4682
    1103       1.5411
    1104       1.6096
    1105       1.5208
    1106       1.4691
    1107       1.4911
    1108       1.4341
    1109       1.4610
    1110       1.4705
    1111       1.4496
    1112       1.4414
    1113       1.4223
    1114       1.4073
    1115       1.4875
    1116       1.5124
    1117       1.4865
    1118       1.4928
    1119       1.4833
    1120       1.5574
    1121       1.6359
    1122       1.6168
    1123       1.5035
    1124       1.4351
    1125       1.4373
    1126       1.4843
    1127       1.4553
    1128       1.3977
    1129       1.4402
    1130       1.3997
    1131       1.4001
    1132       1.3864
    1133       1.4046
    1134       1.3738
    1135       1.4668
    1136       1.4051
    1137       1.3409
    1138       1.3673
    1139       1.3699
    1140       1.3933
    1141       1.3077
    1142       1.3435
    1143       1.3553
    1144       1.3850
    1145       1.3322
    1146       1.2560
    1147       1.2914
    1148       1.3875
    1149       1.3670
    1150       1.4385
    1151       1.4470
    1152       1.3660
    1153       1.3258
    1154       1.3846
    1155       1.4093
    1156       1.4541
    1157       1.4934
    1158       1.4595
    1159       1.4393
    1160       1.4444
    1161       1.4667
    1162       1.5112
    1163       1.3991
    1164       1.4019
    1165       1.4931
    1166       1.4348
    1167       1.3825
    1168       1.4078
    1169       1.3962
    1170       1.4108
    1171       1.3783
    1172       1.3857
    1173       1.4027
    1174       1.4613
    1175       1.4490
    1176       1.4694
    1177       1.4077
    1178       1.5098
    1179       1.4245
    1180       1.5076
    1181       1.5165
    1182       1.5565
    1183       1.5987
    1184       1.6192
    1185       1.5950
    1186       1.6119
    1187       1.6572
    1188       1.5321
    1189       1.5723
    1190       1.5189
    1191       1.5831
    1192       1.5341
    1193       1.4895
    1194       1.4663
    1195       1.4237
    1196       1.3439
    1197       1.3829
    1198       1.3977
    1199       1.4096
    1200       1.4637
    1201       1.4130
    1202       1.3625
    1203       1.4328
    1204       1.4269
    1205       1.4970
    1206       1.5057
    1207       1.5106
    1208       1.4467
    1209       1.4056
    1210       1.3823
    1211       1.4508
    1212       1.4209
    1213       1.4412
    1214       1.4940
    1215       1.5488
    1216       1.5232
    1217       1.5134
    1218       1.5075
    1219       1.5347
    1220       1.5469
    1221       1.5597
    1222       1.5903
    1223       1.6083
    1224       1.4966
    1225       1.4605
    1226       1.4185
    1227       1.4662
    1228       1.4733
    1229       1.5194
    1230       1.4988
    1231       1.5632
    1232       1.5340
    1233       1.4529
    1234       1.4605
    1235       1.4590
    1236       1.4700
    1237       1.4096
    1238       1.4081
    1239       1.3582
    1240       1.3444
    1241       1.3677
    1242       1.3558
    1243       1.3237
    1244       1.3644
    1245       1.3266
    1246       1.3913
    1247       1.4411
    1248       1.4383
    1249       1.4174
    1250       1.4750
    1251       1.4870
    1252       1.4823
    1253       1.5071
    1254       1.4916
    1255       1.4152
    1256       1.5180
    1257       1.4806
    1258       1.5077
    1259       1.5160
    1260       1.4558
    1261       1.4489
    1262       1.4983
    1263       1.4126
    1264       1.5103
    1265       1.4115
    1266       1.4675
    1267       1.4297
    1268       1.4163
    1269       1.4334
    1270       1.3827
    1271       1.3755
    1272       1.3515
    1273       1.3788
    1274       1.4087
    1275       1.3947
    1276       1.4196
    1277       1.4565
    1278       1.3918
    1279       1.4760
    1280       1.5323
    1281       1.4579
    1282       1.5576
    1283       1.5194
    1284       1.4711
    1285       1.5252
    1286       1.4660
    1287       1.4572
    1288       1.4652
    1289       1.5851
    1290       1.4938
    1291       1.4943
    1292       1.4680
    1293       1.4359
    1294       1.4090
    1295       1.4035
    1296       1.4281
    1297       1.4810
    1298       1.4698
    1299       1.4818
    1300       1.5173
    1301       1.4733
    1302       1.4885
    1303       1.4882
    1304       1.3848
    1305       1.4055
    1306       1.3272
    1307       1.3803
    1308       1.4144
    1309       1.4530
    1310       1.4908
    1311       1.4533
    1312       1.4450
    1313       1.4120
    1314       1.3579
    1315       1.4234
    1316       1.3808
    1317       1.4729
    1318       1.3682
    1319       1.4556
    1320       1.4249
    1321       1.4272
    1322       1.4139
    1323       1.3883
    1324       1.3365
    1325       1.3702
    1326       1.3196
    1327       1.3347
    1328       1.4621
    1329       1.4389
    1330       1.4841
    1331       1.5366
    1332       1.5450
    1333       1.4445
    1334       1.4701
    1335       1.4724
    1336       1.4356
    1337       1.4485
    1338       1.4796
    1339       1.4641
    1340       1.4812
    1341       1.4538
    1342       1.4385
    1343       1.4306
    1344       1.4086
    1345       1.4392
    1346       1.4291
    1347       1.4183
    1348       1.4692
    1349       1.5565
    1350       1.4662
    1351       1.4930
    1352       1.4558
    1353       1.5137
    1354       1.4312
    1355       1.5046
    1356       1.4956
    1357       1.5331
    1358       1.5024
    1359       1.4992
    1360       1.5322
    1361       1.5135
    1362       1.5346
    1363       1.4673
    1364       1.5005
    1365       1.5163
    1366       1.5019
    1367       1.4816
    1368       1.4613
    1369       1.6148
    1370       1.5529
    1371       1.6377
    1372       1.6313
    1373       1.6706
    1374       1.5302
    1375       1.5864
    1376       1.5825
    1377       1.5801
    1378       1.6413
    1379       1.6003
    1380       1.5742
    1381       1.6373
    1382       1.6509
    1383       1.6387
    1384       1.5545
    1385       1.5339
    1386       1.5941
    1387       1.5525
    1388       1.6056
    1389       1.6030
    1390       1.6120
    1391       1.5538
    1392       1.5346
    1393       1.5544
    1394       1.5395
    1395       1.5849
    1396       1.5834
    1397       1.5756
    1398       1.5104
    1399       1.5639
    1400       1.5660
    1401       1.6179
    1402       1.6503
    1403       1.5683
    1404       1.5679
    1405       1.6374
    1406       1.4872
    1407       1.5733
    1408       1.5422
    1409       1.5990
    1410       1.6319
    1411       1.6677
    1412       1.6342
    1413       1.5948
    1414       1.5920
    1415       1.6084
    1416       1.5852
    1417       1.6194
    1418       1.5789
    1419       1.6739
    1420       1.6897
    1421       1.6596
    1422       1.5966
    1423       1.6273
    1424       1.7513
    1425       1.7950
    1426       1.8280
    1427       1.7745
    1428       1.7497
    1429       1.7791
    1430       1.7650
    1431       1.6447
    1432       1.6036
    1433       1.5728
    1434       1.6096
    1435       1.5342
    1436       1.5813
    1437       1.5135
    1438       1.4963
    1439       1.4344
    1440       1.4902
    1441       1.4916
    1442       1.4473
    1443       1.5561
    1444       1.4694
    1445       1.4239
    1446       1.4018
    1447       1.4546
    1448       1.3471
    1449       1.4577
    1450       1.5137
    1451       1.4522
    1452       1.4265
    1453       1.5018
    1454       1.5037
    1455       1.4821
    1456       1.5861
    1457       1.5679
    1458       1.6203
    1459       1.5681
    1460       1.5666
    1461       1.5742
    1462       1.5144
    1463       1.5084
    1464       1.5254
    1465       1.4527
    1466       1.4684
    1467       1.4756
    1468       1.6225
    1469       1.6038
    1470       1.5449
    1471       1.5557
    1472       1.5004
    1473       1.5635
    1474       1.4947
    1475       1.5235
    1476       1.5574
    1477       1.6057
    1478       1.5273
    1479       1.5570
    1480       1.5008
    1481       1.5740
    1482       1.4826
    1483       1.6452
    1484       1.6050
    1485       1.6550
    1486       1.6366
    1487       1.5837
    1488       1.6410
    1489       1.5855
    1490       1.4629
    1491       1.5410
    1492       1.5456
    1493       1.5360
    1494       1.5007
    1495       1.5363
    1496       1.4315
    1497       1.4720
    1498       1.4537
    1499       1.4315
    1500       1.5284
    1501       1.5606
    1502       1.4865
    1503       1.4372
    1504       1.4254
    1505       1.3862
    1506       1.4257
    1507       1.4946
    1508       1.4554
    1509       1.4256
    1510       1.4852
    1511       1.5382
    1512       1.4966
    1513       1.4388
    1514       1.4264
    1515       1.4380
    1516       1.4050
    1517       1.3928
    1518       1.4715
    1519       1.4769
    1520       1.4780
    1521       1.4744
    1522       1.5189
    1523       1.5156
    1524       1.5326
    1525       1.4564
    1526       1.4727
    1527       1.4900
    1528       1.4333
    1529       1.4637
    1530       1.4561
    1531       1.5050
    1532       1.4744
    1533       1.5400
    1534       1.5028
    1535       1.5358
    1536       1.5091
    1537       1.5202
    1538       1.6192
    1539       1.5526
    1540       1.5281
    1541       1.5713
    1542       1.6181
    1543       1.6342
    1544       1.6116
    1545       1.5439
    1546       1.5913
    1547       1.5817
    1548       1.5740
    1549       1.6051
    1550       1.5704
    1551       1.5624
    1552       1.4514
    1553       1.5765
    1554       1.5324
    1555       1.5077
    1556       1.4544
    1557       1.4704
    1558       1.4186
    1559       1.3997
    1560       1.4120
    1561       1.4399
    1562       1.4432
    1563       1.4843
    1564       1.5291
    1565       1.5066
    1566       1.5484
    1567       1.5539
    1568       1.4993
    1569       1.5019
    1570       1.4882
    1571       1.4101
    1572       1.4312
    1573       1.4930
    1574       1.5837
    1575       1.5379
    1576       1.5482
    1577       1.5028
    1578       1.5109
    1579       1.5173
    1580       1.5465
    1581       1.5489
    1582       1.5505
    1583       1.5607
    1584       1.5665
    1585       1.5395
    1586       1.5645
    1587       1.6230
    1588       1.6212
    1589       1.5505
    1590       1.5448
    1591       1.5708
    1592       1.5476
    1593       1.5829
    1594       1.5836
    1595       1.5644
    1596       1.5633
    1597       1.5186
    1598       1.5733
    1599       1.5767
    1600       1.5529
    1601       1.5539
    1602       1.5208
    1603       1.5659
    1604       1.5223
    1605       1.5013
    1606       1.4853
    1607       1.5082
    1608       1.5575
    1609       1.5522
    1610       1.5111
    1611       1.5513
    1612       1.5290
    1613       1.5162
    1614       1.5608
    1615       1.4979
    1616       1.4275
    1617       1.4315
    1618       1.4589
    1619       1.4732
    1620       1.4152
    1621       1.4304
    1622       1.4215
    1623       1.4336
    1624       1.4683
    1625       1.4646
    1626       1.4887
    1627       1.5063
    1628       1.5203
    1629       1.5455
    1630       1.5824
    1631       1.5950
    1632       1.5914
    1633       1.5147
    1634       1.5178
    1635       1.5614
    1636       1.5140
    1637       1.4872
    1638       1.5140
    1639       1.4609
    1640       1.5766
    1641       1.5316
    1642       1.5432
    1643       1.5709
    1644       1.5319
    1645       1.5714
    1646       1.5838
    1647       1.6056
    1648       1.6208
    1649       1.5311
    1650       1.5616
    1651       1.5195
    1652       1.6070
    1653       1.6822
    1654       1.6825
    1655       1.7280
    1656       1.6315
    1657       1.6268
    1658       1.6926
    1659       1.7331
    1660       1.7673
    1661       1.6844
    1662       1.6497
    1663       1.5639
    1664       1.6135
    1665       1.6726
    1666       1.6519
    1667       1.6825
    1668       1.6188
    1669       1.5897
    1670       1.5768
    1671       1.6909
    1672       1.6214
    1673       1.6273
    1674       1.6987
    1675       1.7081
    1676       1.6850
    1677       1.6416
    1678       1.6245
    1679       1.5974
    1680       1.6687
    1681       1.6836
    1682       1.6747
    1683       1.6161
    1684       1.5984
    1685       1.5931
    1686       1.5677
    1687       1.6288
    1688       1.6549
    1689       1.7103
    1690       1.6863
    1691       1.6759
    1692       1.5993
    1693       1.5994
    1694       1.5367
    1695       1.6353
    1696       1.5682
    1697       1.6288
    1698       1.6280
    1699       1.6612
    1700       1.6229
    1701       1.6274
    1702       1.5580
    1703       1.5692
    1704       1.5726
    1705       1.5571
    1706       1.5263
    1707       1.5511
    1708       1.5739
    1709       1.5945
    1710       1.5895
    1711       1.5927
    1712       1.6123
    1713       1.6197
    1714       1.6704
    1715       1.7876
    1716       1.7348
    1717       1.7364
    1718       1.7639
    1719       1.6529
    1720       1.6786
    1721       1.6852
    1722       1.5666
    1723       1.5861
    1724       1.5918
    1725       1.6376
    1726       1.6403
    1727       1.6098
    1728       1.5701
    1729       1.5040
    1730       1.5753
    1731       1.5940
    1732       1.5071
    1733       1.5766
    1734       1.5027
    1735       1.5423
    1736       1.5109
    1737       1.5204
    1738       1.5356
    1739       1.5478
    1740       1.5573
    1741       1.5812
    1742       1.6264
    1743       1.6210
    1744       1.5850
    1745       1.6369
    1746       1.6860
    1747       1.6055
    1748       1.6397
    1749       1.7156
    1750       1.6713
    1751       1.6810
    1752       1.7106
    1753       1.6103
    1754       1.7043
    1755       1.7071
    1756       1.6011
    1757       1.6445
    1758       1.6753
    1759       1.6670
    1760       1.7111
    1761       1.7172
    1762       1.7944
    1763       1.7696
    1764       1.7872
    1765       1.7234
    1766       1.6975
    1767       1.6875
    1768       1.6826
    1769       1.6582
    1770       1.6979
    1771       1.7490
    1772       1.7530
    1773       1.7039
    1774       1.6385
    1775       1.5878
    1776       1.5697
    1777       1.5688
    1778       1.6389
    1779       1.6450
    1780       1.5975
    1781       1.6224
    1782       1.6735
    1783       1.6498
    1784       1.6222
    1785       1.5511
    1786       1.5854
    1787       1.6606
    1788       1.6494
    1789       1.6357
    1790       1.6185
    1791       1.7370
    1792       1.6562
    1793       1.6335
    1794       1.6941
    1795       1.6427
    1796       1.6802
    1797       1.6953
    1798       1.6969
    1799       1.6088
    1800       1.5750
    1801       1.6089
    1802       1.6162
    1803       1.6270
    1804       1.6028
    1805       1.5600
    1806       1.5668
    1807       1.6075
    1808       1.5740
    1809       1.5771
    1810       1.6747
    1811       1.6761
    1812       1.6320
    1813       1.5650
    1814       1.5411
    1815       1.5549
    1816       1.5661
    1817       1.6026
    1818       1.4981
    1819       1.5381
    1820       1.5202
    1821       1.6354
    1822       1.5998
    1823       1.6159
    1824       1.6272
    1825       1.6651
    1826       1.7563
    1827       1.7214
    1828       1.7102
    1829       1.7132
    1830       1.6719
    1831       1.6485
    1832       1.6960
    1833       1.7056
    1834       1.6600
    1835       1.6720
    1836       1.6695
    1837       1.6858
    1838       1.7371
    1839       1.7791
    1840       1.8674
    1841       1.8237
    1842       1.7585
    1843       1.6972
    1844       1.7250
    1845       1.7742
    1846       1.7638
    1847       1.6942
    1848       1.6289
    1849       1.7433
    1850       1.6898
    1851       1.6788
    1852       1.6872
    1853       1.6856
    1854       1.6106
    1855       1.6307
    1856       1.6875
    1857       1.6086
    1858       1.6979
    1859       1.5870
    1860       1.5908
    1861       1.5656
    1862       1.6156
    1863       1.5299
    1864       1.5440
    1865       1.5057
    1866       1.5414
    1867       1.5443
    1868       1.5823
    1869       1.5847
    1870       1.5917
    1871       1.6553
    1872       1.6787
    1873       1.6683
    1874       1.7274
    1875       1.5892
    1876       1.5896
    1877       1.6040
    1878       1.6470
    1879       1.6930
    1880       1.6247
    1881       1.6460
    1882       1.5763
    1883       1.7109
    1884       1.6916
    1885       1.6352
    1886       1.7055
    1887       1.6734
    1888       1.7302
    1889       1.6752
    1890       1.7116
    1891       1.6693
    1892       1.6835
    1893       1.6746
    1894       1.7084
    1895       1.7494
    1896       1.7377
    1897       1.7058
    1898       1.7556
    1899       1.7760
    1900       1.7035
    1901       1.8052
    1902       1.8205
    1903       1.7484
    1904       1.7978
    1905       1.8308
    1906       1.8241
    1907       1.7836
    1908       1.7053
    1909       1.8117
    1910       1.7893
    1911       1.7843
    1912       1.8000
    1913       1.7989
    1914       1.9224
    1915       1.8658
    1916       1.8180
    1917       1.7971
    1918       1.8573
    1919       1.9403
    1920       1.8767
    1921       1.7219
    1922       1.6978
    1923       1.7592
    1924       1.7382
    1925       1.6709
    1926       1.6967
    1927       1.6703
    1928       1.7740
    1929       1.9018
    1930       1.8598
    1931       1.8018
    1932       1.8290
    1933       1.8320
    1934       1.8421
    1935       1.8743
    1936       1.8957
    1937       1.8858
    1938       1.8101
    1939       1.8687
    1940       1.8198
    1941       1.8036
    1942       1.7607
    1943       1.7433
    1944       1.7873
    1945       1.8436
    1946       1.8718
    1947       1.8063
    1948       1.8920
    1949       1.8809
    1950       1.8486
    1951       1.7426
    1952       1.7752
    1953       1.7580
    1954       1.7063
    1955       1.6993
    1956       1.6620
    1957       1.7391
    1958       1.7613
    1959       1.7170
    1960       1.7154
    1961       1.7693
    1962       1.6879
    1963       1.7206
    1964       1.8155
    1965       1.7552
    1966       1.7706
    1967       1.7881
    1968       1.7927
    1969       1.7918
    1970       1.7198
    1971       1.7504
    1972       1.7587
    1973       1.8518
    1974       1.8134
    1975       1.8288
    1976       1.8165
    1977       1.8218
    1978       1.7845
    1979       1.7601
    1980       1.7346
    1981       1.6468
    1982       1.6799
    1983       1.7635
    1984       1.6899
    1985       1.6933
    1986       1.6873
    1987       1.6101
    1988       1.6253
    1989       1.7591
    1990       1.8189
    1991       1.7089
    1992       1.7579
    1993       1.8023
    1994       1.7169
    1995       1.7711
    1996       1.7144
    1997       1.6778
    1998       1.6334
    1999       1.6984
    2000       1.6721
    2001       1.6487
    2002       1.7704
    2003       1.7680
    2004       1.8231
    2005       1.6776
    2006       1.7264
    2007       1.7142
    2008       1.7100
    2009       1.7723
    2010       1.8330
    2011       1.8201
    2012       1.8123
    2013       1.8138
    2014       1.7859
    2015       1.7754
    2016       1.7409
    2017       1.7397
    2018       1.7807
    2019       1.7302
    2020       1.7516
    2021       1.7532
    2022       1.7562
    2023       1.7815
    2024       1.7862
    2025       1.7600
    2026       1.8153
    2027       1.7377
    2028       1.7535
    2029       1.7874
    2030       1.6941
    2031       1.8253
    2032       1.7982
    2033       1.7707
    2034       1.7431
    2035       1.8298
    2036       1.7724
    2037       1.8082
    2038       1.7925
    2039       1.8008
    2040       1.8104
    2041       1.8028
    2042       1.7259
    2043       1.8077
    2044       1.7866
    2045       1.8249
    2046       1.7516
    2047       1.7860
    2048       1.7678
    2049       1.7562
    2050       1.7996
    2051       1.6957
    2052       1.6766
    2053       1.6587
    2054       1.7186
    2055       1.6748
    2056       1.6066
    2057       1.6539
    2058       1.7256
    2059       1.6621
    2060       1.6814
    2061       1.6475
    2062       1.6973
    2063       1.7261
    2064       1.7076
    2065       1.7049
    2066       1.8336
    2067       1.8409
    2068       1.8283
    2069       1.7640
    2070       1.7959
    2071       1.8105
    2072       1.7804
    2073       1.7740
    2074       1.8351
    2075       1.8118
    2076       1.7061
    2077       1.7469
    2078       1.7530
    2079       1.8066
    2080       1.7668
    2081       1.7555
    2082       1.7442
    2083       1.7314
    2084       1.6757
    2085       1.7192
    2086       1.6298
    2087       1.6262
    2088       1.6149
    2089       1.6673
    2090       1.7455
    2091       1.6871
    2092       1.7522
    2093       1.7693
    2094       1.7205
    2095       1.6827
    2096       1.6654
    2097       1.6832
    2098       1.6569
    2099       1.6396
    2100       1.6154
    2101       1.5868
    2102       1.6131
    2103       1.5940
    2104       1.5549
    2105       1.5737
    2106       1.6345
    2107       1.5754
    2108       1.5703
    2109       1.5715
    2110       1.5714
    2111       1.5645
    2112       1.6466
    2113       1.6429
    2114       1.5890
    2115       1.6415
    2116       1.5718
    2117       1.5729
    2118       1.5692
    2119       1.5737
    2120       1.5952
    2121       1.5457
    2122       1.5130
    2123       1.5061
    2124       1.5762
    2125       1.6106
    2126       1.6382
    2127       1.6239
    2128       1.5862
    2129       1.6194
    2130       1.6360
    2131       1.6246
    2132       1.7130
    2133       1.6353
    2134       1.6136
    2135       1.6469
    2136       1.6420
    2137       1.6611
    2138       1.6703
    2139       1.7497
    2140       1.6697
    2141       1.7228
    2142       1.6359
    2143       1.7062
    2144       1.7842
    2145       1.7354
    2146       1.6869
    2147       1.6849
    2148       1.6445
    2149       1.6966
    2150       1.7302
    2151       1.7205
    2152       1.7611
    2153       1.7340
    2154       1.7362
    2155       1.7542
    2156       1.7170
    2157       1.7500
    2158       1.7584
    2159       1.8365
    2160       1.8175
    2161       1.8234
    2162       1.8074
    2163       1.8698
    2164       1.7942
    2165       1.7425
    2166       1.7186
    2167       1.7589
    2168       1.7365
    2169       1.6979
    2170       1.6942
    2171       1.6805
    2172       1.7350
    2173       1.6961
    2174       1.6326
    2175       1.6149
    2176       1.7432
    2177       1.7493
    2178       1.7465
    2179       1.8054
    2180       1.6872
    2181       1.7407
    2182       1.7733
    2183       1.7339
    2184       1.7500
    2185       1.7611
    2186       1.6725
    2187       1.6877
    2188       1.6764
    2189       1.7822
    2190       1.7127
    2191       1.6855
    2192       1.7061
    2193       1.7438
    2194       1.7678
    2195       1.7181
    2196       1.7133
    2197       1.7693
    2198       1.6982
    2199       1.7576
    2200       1.7108
    2201       1.6543
    2202       1.6365
    2203       1.6439
    2204       1.6674
    2205       1.5600
    2206       1.5381
    2207       1.5623
    2208       1.5492
    2209       1.5910
    2210       1.6419
    2211       1.6357
    2212       1.6800
    2213       1.6914
    2214       1.6671
    2215       1.7063
    2216       1.6742
    2217       1.7155
    2218       1.6614
    2219       1.6818
    2220       1.6917
    2221       1.7147
    2222       1.7089
    2223       1.7145
    2224       1.6597
    2225       1.6051
    2226       1.6350
    2227       1.6282
    2228       1.5933
    2229       1.5690
    2230       1.5885
    2231       1.5965
    2232       1.6263
    2233       1.6404
    2234       1.5906
    2235       1.6313
    2236       1.5804
    2237       1.6266
    2238       1.6044
    2239       1.6484
    2240       1.6679
    2241       1.6234
    2242       1.5650
    2243       1.6091
    2244       1.6325
    2245       1.6117
    2246       1.5837
    2247       1.6186
    2248       1.6343
    2249       1.6030
    2250       1.5669
    2251       1.5772
    2252       1.5774
    2253       1.6067
    2254       1.6321
    2255       1.5834
    2256       1.5845
    2257       1.5432
    2258       1.5831
    2259       1.5315
    2260       1.5946
    2261       1.4876
    2262       1.5672
    2263       1.5552
    2264       1.5958
    2265       1.5972
    2266       1.5654
    2267       1.5449
    2268       1.5687
    2269       1.5427
    2270       1.5474
    2271       1.5500
    2272       1.5769
    2273       1.5837
    2274       1.5652
    2275       1.5861
    2276       1.6351
    2277       1.6519
    2278       1.7007
    2279       1.6405
    2280       1.6520
    2281       1.6559
    2282       1.6204
    2283       1.5352
    2284       1.5321
    2285       1.6394
    2286       1.6611
    2287       1.5969
    2288       1.5501
    2289       1.5084
    2290       1.4695
    2291       1.5036
    2292       1.5264
    2293       1.4939
    2294       1.5080
    2295       1.4969
    2296       1.5182
    2297       1.4739
    2298       1.4766
    2299       1.5078
    2300       1.5326
    2301       1.6198
    2302       1.5963
    2303       1.5391
    2304       1.5279
    2305       1.5562
    2306       1.4806
    2307       1.5479
    2308       1.5151
    2309       1.5612
    2310       1.5145
    2311       1.4728
    2312       1.4430
    2313       1.5513
    2314       1.5490
    2315       1.5127
    2316       1.5446
    2317       1.5584
    2318       1.5256
    2319       1.4904
    2320       1.4884
    2321       1.5675
    2322       1.5159
    2323       1.5596
    2324       1.5966
    2325       1.6720
    2326       1.6303
    2327       1.6876
    2328       1.6045
    2329       1.5281
    2330       1.6585
    2331       1.6890
    2332       1.6942
    2333       1.7415
    2334       1.6346
    2335       1.5862
    2336       1.5844
    2337       1.6595
    2338       1.6363
    2339       1.6938
    2340       1.7489
    2341       1.7268
    2342       1.7100
    2343       1.7350
    2344       1.6503
    2345       1.6624
    2346       1.6448
    2347       1.7344
    2348       1.7356
    2349       1.7133
    2350       1.7130
    2351       1.7166
    2352       1.6510
    2353       1.6093
    2354       1.6021
    2355       1.6699
    2356       1.6894
    2357       1.7116
    2358       1.7338
    2359       1.6654
    2360       1.7336
    2361       1.7575
    2362       1.6964
    2363       1.6804
    2364       1.6815
    2365       1.6330
    2366       1.6918
    2367       1.6802
    2368       1.6004
    2369       1.6037
    2370       1.5972
    2371       1.5581
    2372       1.6100
    2373       1.5307
    2374       1.5300
    2375       1.5339
    2376       1.5716
    2377       1.5339
    2378       1.5903
    2379       1.5663
    2380       1.5160
    2381       1.5625
    2382       1.5571
    2383       1.5495
    2384       1.4752
    2385       1.5108
    2386       1.4912
    2387       1.5234
    2388       1.5655
    2389       1.6396
    2390       1.5834
    2391       1.6115
    2392       1.5738
    2393       1.6204
    2394       1.6129
    2395       1.5898
    2396       1.6429
    2397       1.6667
    2398       1.6212
    2399       1.6509
    2400       1.6007
    2401       1.5945
    2402       1.5459
    2403       1.5995
    2404       1.5365
    2405       1.5141
    2406       1.4905
    2407       1.5138
    2408       1.5568
    2409       1.5251
    2410       1.4819
    2411       1.4778
    2412       1.5512
    2413       1.5367
    2414       1.5596
    2415       1.5884
    2416       1.5949
    2417       1.6090
    2418       1.5772
    2419       1.5929
    2420       1.5518
    2421       1.5574
    2422       1.5931
    2423       1.6003
    2424       1.6153
    2425       1.6449
    2426       1.5839
    2427       1.5233
    2428       1.5828
    2429       1.5759
    2430       1.6450
    2431       1.5795
    2432       1.5341
    2433       1.5981
    2434       1.5644
    2435       1.4881
    2436       1.5171
    2437       1.5868
    2438       1.5175
    2439       1.5341
    2440       1.5577
    2441       1.5457
    2442       1.4847
    2443       1.5173
    2444       1.4856
    2445       1.4976
    2446       1.5301
    2447       1.4848
    2448       1.5485
    2449       1.5243
    2450       1.4690
    2451       1.4837
    2452       1.4134
    2453       1.3486
    2454       1.4126
    2455       1.4108
    2456       1.5100
    2457       1.5247
    2458       1.5429
    2459       1.4667
    2460       1.4726
    2461       1.5440
    2462       1.5776
    2463       1.4952
    2464       1.4935
    2465       1.4793
    2466       1.5032
    2467       1.5382
    2468       1.5245
    2469       1.5765
    2470       1.6045
    2471       1.5508
    2472       1.5370
    2473       1.5751
    2474       1.5410
    2475       1.5832
    2476       1.6256
    2477       1.6657
    2478       1.5721
    2479       1.5028
    2480       1.5658
    2481       1.5346
    2482       1.5828
    2483       1.5706
    2484       1.5212
    2485       1.5817
    2486       1.5229
    2487       1.4861
    2488       1.4395
    2489       1.4403
    2490       1.4337
    2491       1.5145
    2492       1.5100
    2493       1.5461
    2494       1.5827
    2495       1.5935
    2496       1.6681
    2497       1.6844
    2498       1.6207
    2499       1.5517
    2500       1.4917
    2501       1.5815
    2502       1.5985
    2503       1.5661
    2504       1.6241
    2505       1.6564
    2506       1.5869
    2507       1.7306
    2508       1.6801
    2509       1.6634
    2510       1.6683
    2511       1.7000
    2512       1.6609
    2513       1.6631
    2514       1.6836
    2515       1.7298
    2516       1.7685
    2517       1.7775
    2518       1.7306
    2519       1.7055
    2520       1.6653
    2521       1.7865
    2522       1.7730
    2523       1.7750
    2524       1.8238
    2525       1.8300
    2526       1.7156
    2527       1.6395
    2528       1.6803
    2529       1.5796
    2530       1.6564
    2531       1.6532
    2532       1.6613
    2533       1.6029
    2534       1.6446
    2535       1.6577
    2536       1.7435
    2537       1.7454
    2538       1.7547
    2539       1.7900
    2540       1.7935
    2541       1.6810
    2542       1.6914
    2543       1.6912
    2544       1.6238
    2545       1.6210
    2546       1.6781
    2547       1.6692
    2548       1.6586
    2549       1.7219
    2550       1.7171
    2551       1.6778
    2552       1.6747
    2553       1.6459
    2554       1.6427
    2555       1.6273
    2556       1.6790
    2557       1.6690
    2558       1.6924
    2559       1.6806
    2560       1.7136
    2561       1.6920
    2562       1.7016
    2563       1.6535
    2564       1.6747
    2565       1.6270
    2566       1.7164
    2567       1.7196
    2568       1.7372
    2569       1.7278
    2570       1.6925
    2571       1.6685
    2572       1.6562
    2573       1.6883
    2574       1.6669
    2575       1.6636
    2576       1.6383
    2577       1.6871
    2578       1.6323
    2579       1.6068
    2580       1.6489
    2581       1.7476
    2582       1.8261
    2583       1.7819
    2584       1.8185
    2585       1.7969
    2586       1.7155
    2587       1.7290
    2588       1.6771
    2589       1.7734
    2590       1.8086
    2591       1.7700
    2592       1.7312
    2593       1.6911
    2594       1.7380
    2595       1.7387
    2596       1.6442
    2597       1.5875
    2598       1.7039
    2599       1.6291
    2600       1.6438
    2601       1.7651
    2602       1.6613
    2603       1.6906
    2604       1.7090
    2605       1.6953
    2606       1.6712
    2607       1.5611
    2608       1.5663
    2609       1.5639
    2610       1.5643
    2611       1.6038
    2612       1.6751
    2613       1.6053
    2614       1.5869
    2615       1.6366
    2616       1.6207
    2617       1.6379
    2618       1.6131
    2619       1.5839
    2620       1.5894
    2621       1.5910
    2622       1.5078
    2623       1.4714
    2624       1.5431
    2625       1.5555
    2626       1.5015
    2627       1.4622
    2628       1.5029
    2629       1.5047
    2630       1.5323
    2631       1.5270
    2632       1.5179
    2633       1.5557
    2634       1.6034
    2635       1.6350
    2636       1.5967
    2637       1.5594
    2638       1.6580
    2639       1.6629
    2640       1.7648
    2641       1.7652
    2642       1.7948
    2643       1.7584
    2644       1.7763
    2645       1.6680
    2646       1.7118
    2647       1.6749
    2648       1.6057
    2649       1.6449
    2650       1.5935
    2651       1.5742
    2652       1.5662
    2653       1.5281
    2654       1.6363
    2655       1.6402
    2656       1.6602
    2657       1.7022
    2658       1.8124
    2659       1.7539
    2660       1.8420
    2661       1.8409
    2662       1.8056
    2663       1.8067
    2664       1.7183
    2665       1.7353
    2666       1.8116
    2667       1.7117
    2668       1.7891
    2669       1.7344
    2670       1.6801
    2671       1.6238
    2672       1.5328
    2673       1.5864
    2674       1.6154
    2675       1.7556
    2676       1.7229
    2677       1.7214
    2678       1.6145
    2679       1.6709
    2680       1.7473
    2681       1.7142
    2682       1.7768
    2683       1.6771
    2684       1.6474
    2685       1.6090
    2686       1.6260
    2687       1.6208
    2688       1.6332
    2689       1.5826
    2690       1.5614
    2691       1.6126
    2692       1.5916
    2693       1.4842
    2694       1.5414
    2695       1.5929
    2696       1.6113
    2697       1.6414
    2698       1.6370
    2699       1.6097
    2700       1.5780
    2701       1.6068
    2702       1.5437
    2703       1.5407
    2704       1.6404
    2705       1.5846
    2706       1.5387
    2707       1.6026
    2708       1.6360
    2709       1.6452
    2710       1.6207
    2711       1.6799
    2712       1.6456
    2713       1.6571
    2714       1.6706
    2715       1.7322
    2716       1.8254
    2717       1.7543
    2718       1.7652
    2719       1.7277
    2720       1.7315
    2721       1.6918
    2722       1.7942
    2723       1.7553
    2724       1.7610
    2725       1.6866
    2726       1.6804
    2727       1.7171
    2728       1.6918
    2729       1.6992
    2730       1.7861
    2731       1.8165
    2732       1.8010
    2733       1.7400
    2734       1.7543
    2735       1.7864
    2736       1.7976
    2737       1.7294
    2738       1.6690
    2739       1.7147
    2740       1.7653
    2741       1.8120
    2742       1.8167
    2743       1.8309
    2744       1.7451
    2745       1.7536
    2746       1.7858
    2747       1.8468
    2748       1.7393
    2749       1.7495
    2750       1.7106
    2751       1.7777
    2752       1.8139
    2753       1.8548
    2754       1.8992
    2755       1.7639
    2756       1.7715
    2757       1.8000
    2758       1.8719
    2759       1.8456
    2760       1.8855
    2761       1.8510
    2762       1.8206
    2763       1.7991
    2764       1.7490
    2765       1.7932
    2766       1.8136
    2767       1.7719
    2768       1.8498
    2769       1.8363
    2770       1.7553
    2771       1.8444
    2772       1.8683
    2773       1.9662
    2774       1.8947
    2775       1.8812
    2776       1.8808
    2777       1.9224
    2778       2.0244
    2779       1.9484
    2780       1.9869
    2781       2.1204
    2782       1.9747
    2783       1.8856
    2784       1.9362
    2785       1.9132
    2786       1.8243
    2787       1.7997
    2788       1.7782
    2789       1.7729
    2790       1.8516
    2791       1.8343
    2792       1.8278
    2793       1.8833
    2794       1.8034
    2795       1.7868
    2796       1.8017
    2797       1.7979
    2798       1.9043
    2799       1.9425
    2800       1.8935
    2801       1.9606
    2802       1.8662
    2803       1.8868
    2804       1.8732
    2805       1.9573
    2806       1.9456
    2807       1.9383
    2808       1.8401
    2809       1.8829
    2810       1.8761
    2811       1.8884
    2812       1.8263
    2813       1.8745
    2814       1.7955
    2815       1.8259
    2816       1.7988
    2817       1.7740
    2818       1.8122
    2819       1.8419
    2820       1.7742
    2821       1.8363
    2822       1.9335
    2823       1.8917
    2824       1.8790
    2825       2.0356
    2826       1.9855
    2827       2.0446
    2828       2.0089
    2829       1.9555
    2830       1.9100
    2831       1.9506
    2832       1.9831
    2833       1.9168
    2834       1.9850
    2835       1.8791
    2836       1.8560
    2837       1.8642
    2838       1.9454
    2839       1.9165
    2840       1.9237
    2841       1.8728
    2842       1.9121
    2843       1.8732
    2844       1.8676
    2845       1.8014
    2846       1.9120
    2847       1.9041
    2848       1.9018
    2849       1.8651
    2850       1.8079
    2851       1.8020
    2852       1.8661
    2853       1.8451
    2854       1.8395
    2855       1.8272
    2856       1.8820
    2857       1.8292
    2858       1.8228
    2859       1.7674
    2860       1.8716
    2861       1.8776
    2862       1.8525
    2863       1.8500
    2864       1.8042
    2865       1.8364
    2866       1.8915
    2867       1.8989
    2868       1.8838
    2869       1.8792
    2870       1.8565
    2871       1.9373
    2872       1.9350
    2873       1.8678
    2874       1.9017
    2875       1.8882
    2876       1.9004
    2877       1.9038
    2878       1.8478
    2879       1.9435
    2880       1.9492
    2881       1.9374
    2882       1.9542
    2883       1.9639
    2884       1.9614
    2885       1.9184
    2886       1.9823
    2887       1.9042
    2888       1.9331
    2889       1.9573
    2890       1.9330
    2891       1.9396
    2892       1.8959
    2893       1.8247
    2894       1.9116
    2895       1.8972
    2896       1.9470
    2897       1.9267
    2898       1.9269
    2899       1.9393
    2900       1.8756
    2901       1.8879
    2902       1.8218
    2903       1.7568
    2904       1.7322
    2905       1.7445
    2906       1.8171
    2907       1.7915
    2908       1.8008
    2909       1.8820
    2910       1.8644
    2911       1.8493
    2912       1.8642
    2913       1.7793
    2914       1.7019
    2915       1.7843
    2916       1.8471
    2917       1.8562
    2918       1.7943
    2919       1.7546
    2920       1.7448
    2921       1.8417
    2922       1.9292
    2923       1.9253
    2924       1.9823
    2925       2.0126
    2926       1.9715
    2927       2.0096
    2928       2.0338
    2929       2.0264
    2930       2.0060
    2931       1.9892
    2932       1.9077
    2933       1.8725
    2934       1.9525
    2935       1.9527
    2936       2.0306
    2937       2.0428
    2938       1.9694
    2939       1.9667
    2940       1.9449
    2941       1.9265
    2942       1.9828
    2943       1.9809
    2944       1.9502
    2945       1.9290
    2946       1.9333
    2947       1.9163
    2948       1.8414
    2949       1.8855
    2950       1.9577
    2951       1.9685
    2952       1.9206
    2953       1.9798
    2954       2.0335
    2955       2.0759
    2956       2.0050
    2957       1.9667
    2958       1.9525
    2959       2.0792
    2960       2.1287
    2961       2.0555
    2962       2.0826
    2963       2.0667
    2964       2.1074
    2965       2.1216
    2966       2.1104
    2967       2.0702
    2968       2.1875
    2969       2.0893
    2970       1.9871
    2971       1.9707
    2972       2.0463
    2973       2.0460
    2974       2.0929
    2975       2.0784
    2976       2.0687
    2977       2.0979
    2978       2.1430
    2979       2.0663
    2980       2.1259
    2981       2.0349
    2982       2.0057
    2983       2.1172
    2984       1.9998
    2985       1.9768
    2986       1.9169
    2987       1.8816
    2988       1.8939
    2989       1.8914
    2990       2.0036
    2991       2.0688
    2992       1.9955
    2993       1.9926
    2994       1.9928
    2995       1.9683
    2996       1.9319
    2997       1.9593
    2998       1.9504
    2999       1.9640
    3000       1.9692
    3001       1.9910
    3002       1.9820
    3003       1.9427
    3004       1.9659
    3005       1.8995
    3006       1.9668
    3007       2.0365
    3008       2.0825
    3009       2.1089
    3010       2.0793
    3011       2.0518
    3012       1.9890
    3013       2.1067
    3014       2.0171
    3015       2.1061
    3016       2.0640
    3017       2.0792
    3018       1.9652
    3019       2.0417
    3020       2.0438
    3021       2.0151
    3022       2.0455
    3023       1.9857
    3024       2.0075
    3025       1.9676
    3026       1.9972
    3027       1.9250
    3028       1.9853
    3029       1.9688
    3030       1.9584
    3031       1.9815
    3032       2.0064
    3033       1.9982
    3034       1.9618
    3035       2.0576
    3036       2.0091
    3037       2.0464
    3038       2.1602
    3039       2.0561
    3040       2.0340
    3041       2.0322
    3042       2.0128
    3043       2.0796
    3044       2.0272
    3045       2.0361
    3046       1.9863
    3047       1.9860
    3048       1.9529
    3049       1.9120
    3050       1.9476
    3051       1.9340
    3052       1.9566
    3053       2.0092
    3054       2.0697
    3055       1.9635
    3056       2.0171
    3057       1.9929
    3058       1.9555
    3059       1.9963
    3060       2.0266
    3061       2.0349
    3062       1.9839
    3063       2.0254
    3064       2.0513
    3065       2.1057
    3066       2.1424
    3067       2.1873
    3068       2.2798
    3069       2.2727
    3070       2.2494
    3071       2.2581
    3072       2.2429
    3073       2.2188
    3074       2.1711
    3075       2.1931
    3076       2.1927
    3077       2.0924
    3078       2.1046
    3079       2.1703
    3080       2.1673
    3081       2.1562
    3082       2.1470
    3083       2.1809
    3084       2.3009
    3085       2.1754
    3086       2.1475
    3087       2.1229
    3088       2.1736
    3089       2.1046
    3090       2.1641
    3091       2.0890
    3092       2.0847
    3093       2.1753
    3094       2.2001
    3095       2.0990
    3096       2.1658
    3097       2.2061
    3098       2.1574
    3099       2.1520
    3100       2.2073
    3101       2.2284
    3102       2.1658
    3103       2.2521
    3104       2.3373
    3105       2.2597
    3106       2.2374
    3107       2.2437
    3108       2.2018
    3109       2.1770
    3110       2.2560
    3111       2.2317
    3112       2.2112
    3113       2.2393
    3114       2.1027
    3115       2.2058
    3116       2.1354
    3117       2.0185
    3118       2.0146
    3119       2.0010
    3120       2.0545
    3121       2.0644
    3122       2.1176
    3123       2.0796
    3124       2.0249
    3125       2.0326
