#Frame     RMSD_00001
       1       0.0000
       2       0.6034
       3       0.6425
       4       0.7331
       5       0.7642
       6       0.6900
       7       0.7377
       8       0.8396
       9       0.8601
      10       0.8770
      11       0.8267
      12       0.8694
      13       0.9012
      14       0.9469
      15       0.8679
      16       0.8290
      17       0.8367
      18       0.8689
      19       0.8539
      20       0.8456
      21       0.8354
      22       0.8535
      23       0.8860
      24       0.8750
      25       0.8667
      26       0.8970
      27       0.8877
      28       0.8935
      29       0.8928
      30       0.8942
      31       0.9854
      32       0.9500
      33       0.9030
      34       0.9295
      35       0.8792
      36       0.8635
      37       0.8669
      38       0.8805
      39       0.8623
      40       0.8543
      41       0.8579
      42       0.9265
      43       0.9316
      44       0.9726
      45       0.9537
      46       0.9282
      47       0.9577
      48       1.0188
      49       0.9832
      50       1.0413
      51       1.0347
      52       0.9814
      53       0.9857
      54       1.0733
      55       1.0957
      56       1.1763
      57       1.2353
      58       1.1416
      59       1.0494
      60       1.0509
      61       1.0576
      62       1.0467
      63       0.9575
      64       0.9920
      65       1.0337
      66       0.9997
      67       1.0510
      68       1.0665
      69       1.0871
      70       1.0910
      71       0.9905
      72       0.9806
      73       1.0464
      74       0.9927
      75       0.9459
      76       0.9905
      77       1.0983
      78       1.0132
      79       1.1376
      80       1.1016
      81       0.9481
      82       1.0055
      83       1.0095
      84       1.0996
      85       1.1503
      86       1.0768
      87       1.0846
      88       1.0835
      89       1.0547
      90       1.1779
      91       1.1319
      92       1.2037
      93       1.0828
      94       1.1583
      95       1.1977
      96       1.1913
      97       1.1061
      98       1.2888
      99       1.2512
     100       1.3106
     101       1.2733
     102       1.2695
     103       1.2202
     104       1.1813
     105       1.1632
     106       1.1265
     107       1.1559
     108       1.1231
     109       1.1707
     110       1.0565
     111       1.0030
     112       1.1145
     113       1.1454
     114       1.2274
     115       1.2469
     116       1.2552
     117       1.2082
     118       1.2009
     119       1.1594
     120       1.1794
     121       1.1575
     122       1.1836
     123       1.1924
     124       1.1819
     125       1.1583
     126       1.1497
     127       1.1402
     128       1.1024
     129       0.9906
     130       1.0108
     131       1.0297
     132       1.0441
     133       1.0792
     134       1.0917
     135       1.0987
     136       1.1080
     137       1.2046
     138       1.1485
     139       1.1365
     140       1.1425
     141       1.2097
     142       1.1941
     143       1.2225
     144       1.1799
     145       1.1818
     146       1.1709
     147       1.1944
     148       1.2113
     149       1.1471
     150       1.1604
     151       1.1008
     152       1.1064
     153       1.1407
     154       1.1635
     155       1.0953
     156       1.2127
     157       1.1811
     158       1.2436
     159       1.1902
     160       1.0784
     161       1.1811
     162       1.1819
     163       1.2230
     164       1.1740
     165       1.2401
     166       1.3324
     167       1.2597
     168       1.2603
     169       1.2590
     170       1.2929
     171       1.2203
     172       1.2028
     173       1.2446
     174       1.2642
     175       1.3546
     176       1.2763
     177       1.3231
     178       1.3674
     179       1.2935
     180       1.2719
     181       1.3112
     182       1.3139
     183       1.4275
     184       1.3197
     185       1.2984
     186       1.2477
     187       1.2538
     188       1.2957
     189       1.2005
     190       1.2533
     191       1.1370
     192       1.0712
     193       1.0279
     194       1.0116
     195       1.0161
     196       1.0789
     197       1.0539
     198       1.0488
     199       1.1336
     200       1.0675
     201       1.1367
     202       1.2162
     203       1.1660
     204       1.1591
     205       1.1391
     206       1.1320
     207       1.1461
     208       1.0909
     209       1.1583
     210       1.1161
     211       1.1105
     212       1.1008
     213       1.1154
     214       1.1258
     215       1.1373
     216       1.2092
     217       1.2728
     218       1.1337
     219       1.2301
     220       1.1634
     221       1.1460
     222       1.1310
     223       1.0856
     224       1.0887
     225       1.1657
     226       1.1547
     227       1.1642
     228       1.1857
     229       1.1829
     230       1.0991
     231       1.0991
     232       1.1427
     233       1.1823
     234       1.2132
     235       1.3677
     236       1.3716
     237       1.3420
     238       1.1896
     239       1.2158
     240       1.1868
     241       1.2628
     242       1.2198
     243       1.1733
     244       1.1728
     245       1.1425
     246       1.1402
     247       1.1416
     248       1.2152
     249       1.1646
     250       1.1313
     251       1.1925
     252       1.1522
     253       1.2533
     254       1.2928
     255       1.3728
     256       1.3330
     257       1.3305
     258       1.2814
     259       1.2082
     260       1.3223
     261       1.3353
     262       1.3275
     263       1.3216
     264       1.2377
     265       1.2540
     266       1.3149
     267       1.2180
     268       1.1897
     269       1.2305
     270       1.2607
     271       1.2888
     272       1.2841
     273       1.2539
     274       1.2186
     275       1.2625
     276       1.2045
     277       1.2054
     278       1.2399
     279       1.2585
     280       1.2909
     281       1.2600
     282       1.1988
     283       1.2185
     284       1.2794
     285       1.3352
     286       1.2518
     287       1.1884
     288       1.1975
     289       1.2166
     290       1.1841
     291       1.1965
     292       1.2207
     293       1.2747
     294       1.2858
     295       1.2829
     296       1.2472
     297       1.3091
     298       1.3091
     299       1.2091
     300       1.2814
     301       1.2654
     302       1.2095
     303       1.2566
     304       1.3655
     305       1.3133
     306       1.2824
     307       1.2067
     308       1.2233
     309       1.1763
     310       1.1910
     311       1.1731
     312       1.1405
     313       1.1129
     314       1.1566
     315       1.1879
     316       1.1553
     317       1.1342
     318       1.2073
     319       1.2545
     320       1.2543
     321       1.1807
     322       1.1853
     323       1.1663
     324       1.2080
     325       1.2286
     326       1.1266
     327       1.1899
     328       1.2067
     329       1.2020
     330       1.1836
     331       1.2563
     332       1.1865
     333       1.2389
     334       1.1912
     335       1.2113
     336       1.2737
     337       1.2010
     338       1.2114
     339       1.1164
     340       1.1672
     341       1.1939
     342       1.1925
     343       1.2279
     344       1.3613
     345       1.2870
     346       1.2789
     347       1.2242
     348       1.2768
     349       1.2931
     350       1.3156
     351       1.2572
     352       1.2846
     353       1.2544
     354       1.2452
     355       1.2290
     356       1.2466
     357       1.2002
     358       1.2314
     359       1.2189
     360       1.2451
     361       1.2660
     362       1.1837
     363       1.1910
     364       1.2150
     365       1.2101
     366       1.1839
     367       1.3049
     368       1.2091
     369       1.2968
     370       1.3277
     371       1.2840
     372       1.2545
     373       1.2881
     374       1.3468
     375       1.3849
     376       1.2504
     377       1.4208
     378       1.2943
     379       1.3164
     380       1.3398
     381       1.3528
     382       1.3281
     383       1.3971
     384       1.3915
     385       1.3837
     386       1.3456
     387       1.4029
     388       1.3739
     389       1.3338
     390       1.2686
     391       1.4512
     392       1.3029
     393       1.3062
     394       1.2403
     395       1.1973
     396       1.2873
     397       1.2380
     398       1.2491
     399       1.2203
     400       1.1734
     401       1.2598
     402       1.2661
     403       1.1868
     404       1.1404
     405       1.2589
     406       1.2318
     407       1.2505
     408       1.2301
     409       1.2477
     410       1.2414
     411       1.2283
     412       1.2955
     413       1.2729
     414       1.2555
     415       1.2658
     416       1.3050
     417       1.2465
     418       1.1947
     419       1.3096
     420       1.3569
     421       1.3881
     422       1.4452
     423       1.3843
     424       1.3365
     425       1.2467
     426       1.3357
     427       1.3793
     428       1.4445
     429       1.4867
     430       1.4942
     431       1.4372
     432       1.5056
     433       1.4798
     434       1.4759
     435       1.4118
     436       1.4955
     437       1.4641
     438       1.5211
     439       1.4817
     440       1.4584
     441       1.4767
     442       1.5223
     443       1.4869
     444       1.4856
     445       1.4548
     446       1.5386
     447       1.4425
     448       1.4281
     449       1.3787
     450       1.3983
     451       1.3544
     452       1.3472
     453       1.2871
     454       1.3849
     455       1.3805
     456       1.4888
     457       1.4458
     458       1.3408
     459       1.3016
     460       1.2730
     461       1.2410
     462       1.3515
     463       1.3277
     464       1.3385
     465       1.2248
     466       1.1647
     467       1.2126
     468       1.2243
     469       1.2194
     470       1.3309
     471       1.3927
     472       1.3171
     473       1.4616
     474       1.4133
     475       1.3640
     476       1.4261
     477       1.3269
     478       1.3801
     479       1.2567
     480       1.3070
     481       1.3704
     482       1.3808
     483       1.3411
     484       1.2290
     485       1.1811
     486       1.2099
     487       1.1709
     488       1.1933
     489       1.2823
     490       1.2368
     491       1.2541
     492       1.2040
     493       1.3446
     494       1.3707
     495       1.3584
     496       1.3665
     497       1.3246
     498       1.3077
     499       1.3733
     500       1.2768
     501       1.2843
     502       1.4258
     503       1.2875
     504       1.2689
     505       1.3812
     506       1.2986
     507       1.2401
     508       1.2388
     509       1.2527
     510       1.2689
     511       1.2579
     512       1.4154
     513       1.4287
     514       1.3830
     515       1.3177
     516       1.2709
     517       1.2443
     518       1.2195
     519       1.1841
     520       1.2508
     521       1.1934
     522       1.1943
     523       1.2428
     524       1.1989
     525       1.2207
     526       1.2376
     527       1.2642
     528       1.1994
     529       1.2479
     530       1.2942
     531       1.3976
     532       1.3836
     533       1.4256
     534       1.3385
     535       1.3448
     536       1.4273
     537       1.4612
     538       1.4436
     539       1.3999
     540       1.4097
     541       1.3202
     542       1.3375
     543       1.4075
     544       1.4555
     545       1.3560
     546       1.4486
     547       1.3441
     548       1.4154
     549       1.4215
     550       1.3801
     551       1.3513
     552       1.3326
     553       1.3631
     554       1.3184
     555       1.4295
     556       1.3779
     557       1.4412
     558       1.3991
     559       1.3931
     560       1.3394
     561       1.2456
     562       1.2554
     563       1.2178
     564       1.2456
     565       1.3102
     566       1.2359
     567       1.2311
     568       1.2192
     569       1.2834
     570       1.3057
     571       1.3461
     572       1.4187
     573       1.3865
     574       1.3340
     575       1.4081
     576       1.4130
     577       1.4859
     578       1.4347
     579       1.3328
     580       1.4125
     581       1.3830
     582       1.2156
     583       1.2756
     584       1.3045
     585       1.3306
     586       1.2738
     587       1.2749
     588       1.3186
     589       1.3261
     590       1.3544
     591       1.3801
     592       1.3554
     593       1.4700
     594       1.3522
     595       1.4803
     596       1.4329
     597       1.3804
     598       1.4254
     599       1.3743
     600       1.3210
     601       1.3987
     602       1.4028
     603       1.3061
     604       1.4392
     605       1.3845
     606       1.3935
     607       1.3219
     608       1.3279
     609       1.2641
     610       1.2889
     611       1.3098
     612       1.3911
     613       1.4277
     614       1.4003
     615       1.3677
     616       1.4305
     617       1.4787
     618       1.4390
     619       1.4149
     620       1.4065
     621       1.4735
     622       1.4091
     623       1.3726
     624       1.3813
     625       1.4315
     626       1.3994
     627       1.4142
     628       1.3909
     629       1.4429
     630       1.4985
     631       1.5406
     632       1.6058
     633       1.5646
     634       1.5645
     635       1.5511
     636       1.5248
     637       1.4279
     638       1.4429
     639       1.3654
     640       1.3052
     641       1.3654
     642       1.2435
     643       1.2539
     644       1.2580
     645       1.2318
     646       1.2328
     647       1.2638
     648       1.2199
     649       1.3095
     650       1.2293
     651       1.2549
     652       1.1909
     653       1.2496
     654       1.1418
     655       1.1397
     656       1.1636
     657       1.1360
     658       1.1400
     659       1.2034
     660       1.2031
     661       1.2996
     662       1.2343
     663       1.2548
     664       1.2656
     665       1.3141
     666       1.4072
     667       1.3808
     668       1.3942
     669       1.3737
     670       1.3018
     671       1.4322
     672       1.4339
     673       1.4719
     674       1.4840
     675       1.5184
     676       1.5335
     677       1.5580
     678       1.5472
     679       1.5357
     680       1.5790
     681       1.5238
     682       1.5215
     683       1.3887
     684       1.4960
     685       1.3921
     686       1.3364
     687       1.3570
     688       1.3318
     689       1.3775
     690       1.4183
     691       1.4042
     692       1.3460
     693       1.4929
     694       1.4488
     695       1.4651
     696       1.4190
     697       1.4975
     698       1.4373
     699       1.3951
     700       1.3089
     701       1.3339
     702       1.4359
     703       1.5454
     704       1.5392
     705       1.5748
     706       1.5309
     707       1.4848
     708       1.4772
     709       1.5349
     710       1.4447
     711       1.4109
     712       1.3566
     713       1.4403
     714       1.3387
     715       1.3472
     716       1.3368
     717       1.3697
     718       1.3599
     719       1.3879
     720       1.3529
     721       1.2622
     722       1.3871
     723       1.3555
     724       1.2765
     725       1.2841
     726       1.2202
     727       1.2703
     728       1.2958
     729       1.2294
     730       1.2478
     731       1.2974
     732       1.3186
     733       1.3128
     734       1.3576
     735       1.3389
     736       1.3267
     737       1.3216
     738       1.4588
     739       1.4283
     740       1.3367
     741       1.4212
     742       1.3895
     743       1.3345
     744       1.3307
     745       1.4140
     746       1.3053
     747       1.3409
     748       1.4176
     749       1.3790
     750       1.3240
     751       1.2835
     752       1.2099
     753       1.1986
     754       1.2293
     755       1.2688
     756       1.1940
     757       1.2189
     758       1.2030
     759       1.2303
     760       1.2866
     761       1.2098
     762       1.3041
     763       1.2711
     764       1.2259
     765       1.2168
     766       1.2813
     767       1.2730
     768       1.3226
     769       1.2991
     770       1.2661
     771       1.2510
     772       1.2536
     773       1.2235
     774       1.2548
     775       1.2296
     776       1.2147
     777       1.3073
     778       1.2768
     779       1.2634
     780       1.2377
     781       1.2653
     782       1.3000
     783       1.1909
     784       1.2134
     785       1.2708
     786       1.2962
     787       1.2969
     788       1.3409
     789       1.4273
     790       1.3964
     791       1.3775
     792       1.3375
     793       1.3099
     794       1.3012
     795       1.3033
     796       1.3006
     797       1.3639
     798       1.2767
     799       1.2959
     800       1.2893
     801       1.3511
     802       1.3569
     803       1.3662
     804       1.4821
     805       1.3766
     806       1.3270
     807       1.3554
     808       1.3349
     809       1.3520
     810       1.4317
     811       1.3998
     812       1.3472
     813       1.4539
     814       1.5046
     815       1.5248
     816       1.5508
     817       1.5366
     818       1.5541
     819       1.5431
     820       1.5599
     821       1.5242
     822       1.4014
     823       1.4922
     824       1.3758
     825       1.2900
     826       1.3582
     827       1.3705
     828       1.3561
     829       1.3255
     830       1.3364
     831       1.3264
     832       1.3339
     833       1.3659
     834       1.3785
     835       1.3748
     836       1.4655
     837       1.4256
     838       1.4071
     839       1.3945
     840       1.4202
     841       1.4142
     842       1.4526
     843       1.4419
     844       1.4233
     845       1.4904
     846       1.4294
     847       1.4633
     848       1.4083
     849       1.4626
     850       1.3748
     851       1.3579
     852       1.3431
     853       1.3949
     854       1.4076
     855       1.3347
     856       1.3952
     857       1.3827
     858       1.3461
     859       1.4321
     860       1.4807
     861       1.4383
     862       1.4256
     863       1.3654
     864       1.3401
     865       1.3151
     866       1.3550
     867       1.3946
     868       1.3771
     869       1.4621
     870       1.3844
     871       1.4012
     872       1.3835
     873       1.4396
     874       1.3189
     875       1.3550
     876       1.3353
     877       1.3978
     878       1.4153
     879       1.4145
     880       1.2902
     881       1.3601
     882       1.4217
     883       1.4071
     884       1.3433
     885       1.4034
     886       1.4587
     887       1.4988
     888       1.3663
     889       1.4664
     890       1.3025
     891       1.3149
     892       1.3084
     893       1.2746
     894       1.3129
     895       1.2881
     896       1.3466
     897       1.3124
     898       1.3689
     899       1.3751
     900       1.3232
     901       1.3407
     902       1.3773
     903       1.3726
     904       1.3576
     905       1.4123
     906       1.4135
     907       1.4076
     908       1.4530
     909       1.3520
     910       1.3455
     911       1.3428
     912       1.2873
     913       1.3050
     914       1.3535
     915       1.2697
     916       1.2726
     917       1.2891
     918       1.2311
     919       1.2194
     920       1.2188
     921       1.2610
     922       1.2390
     923       1.2845
     924       1.3188
     925       1.3004
     926       1.3384
     927       1.3373
     928       1.2800
     929       1.3691
     930       1.3826
     931       1.3159
     932       1.3195
     933       1.2717
     934       1.2862
     935       1.3087
     936       1.3055
     937       1.2590
     938       1.3036
     939       1.3253
     940       1.3299
     941       1.4452
     942       1.4125
     943       1.3865
     944       1.3826
     945       1.4221
     946       1.3935
     947       1.3994
     948       1.3323
     949       1.4126
     950       1.4405
     951       1.3227
     952       1.3364
     953       1.4558
     954       1.4564
     955       1.4309
     956       1.4110
     957       1.3840
     958       1.4278
     959       1.3623
     960       1.3768
     961       1.3322
     962       1.4055
     963       1.3566
     964       1.3301
     965       1.4298
     966       1.4036
     967       1.3921
     968       1.3816
     969       1.3717
     970       1.3771
     971       1.4039
     972       1.4229
     973       1.4357
     974       1.3981
     975       1.4735
     976       1.4551
     977       1.3969
     978       1.3317
     979       1.3563
     980       1.3942
     981       1.4472
     982       1.4276
     983       1.3923
     984       1.4756
     985       1.4249
     986       1.3788
     987       1.3243
     988       1.3893
     989       1.3943
     990       1.4192
     991       1.3955
     992       1.3257
     993       1.3749
     994       1.3337
     995       1.4254
     996       1.4968
     997       1.4287
     998       1.5656
     999       1.5221
    1000       1.4687
    1001       1.5056
    1002       1.5113
    1003       1.5304
    1004       1.5941
    1005       1.6842
    1006       1.5874
    1007       1.5329
    1008       1.5607
    1009       1.5214
    1010       1.5348
    1011       1.5487
    1012       1.6062
    1013       1.6579
    1014       1.6526
    1015       1.6841
    1016       1.6104
    1017       1.7313
    1018       1.7384
    1019       1.7737
    1020       1.7562
    1021       1.6212
    1022       1.6333
    1023       1.5651
    1024       1.5382
    1025       1.6078
    1026       1.6247
    1027       1.5975
    1028       1.6622
    1029       1.6866
    1030       1.6633
    1031       1.7916
    1032       1.7519
    1033       1.7529
    1034       1.7829
    1035       1.7333
    1036       1.7574
    1037       1.7743
    1038       1.7614
    1039       1.6627
    1040       1.7698
    1041       1.6875
    1042       1.7421
    1043       1.7166
    1044       1.6314
    1045       1.6970
    1046       1.6441
    1047       1.7011
    1048       1.7522
    1049       1.7109
    1050       1.7408
    1051       1.6781
    1052       1.6541
    1053       1.6925
    1054       1.6434
    1055       1.6396
    1056       1.6361
    1057       1.5852
    1058       1.5370
    1059       1.4961
    1060       1.5868
    1061       1.5002
    1062       1.5673
    1063       1.6052
    1064       1.5261
    1065       1.6456
    1066       1.5834
    1067       1.5309
    1068       1.5686
    1069       1.5593
    1070       1.6070
    1071       1.6375
    1072       1.7427
    1073       1.6679
    1074       1.6554
    1075       1.5922
    1076       1.6578
    1077       1.6496
    1078       1.6723
    1079       1.6291
    1080       1.5083
    1081       1.5185
    1082       1.4667
    1083       1.5329
    1084       1.5708
    1085       1.5431
    1086       1.5448
    1087       1.5489
    1088       1.5562
    1089       1.5399
    1090       1.5286
    1091       1.4797
    1092       1.5189
    1093       1.5010
    1094       1.4706
    1095       1.5240
    1096       1.4904
    1097       1.5129
    1098       1.5561
    1099       1.5446
    1100       1.5107
    1101       1.6129
    1102       1.5973
    1103       1.5685
    1104       1.6124
    1105       1.5902
    1106       1.6642
    1107       1.5903
    1108       1.6615
    1109       1.5276
    1110       1.5130
    1111       1.5713
    1112       1.4861
    1113       1.5543
    1114       1.5276
    1115       1.5751
    1116       1.4619
    1117       1.4998
    1118       1.4141
    1119       1.3931
    1120       1.4719
    1121       1.4789
    1122       1.5581
    1123       1.5114
    1124       1.5350
    1125       1.5486
    1126       1.5802
    1127       1.5562
    1128       1.4543
    1129       1.4345
    1130       1.4519
    1131       1.4330
    1132       1.3762
    1133       1.4123
    1134       1.3739
    1135       1.3612
    1136       1.4668
    1137       1.5272
    1138       1.4478
    1139       1.3696
    1140       1.4371
    1141       1.3676
    1142       1.3513
    1143       1.3541
    1144       1.4440
    1145       1.4503
    1146       1.4392
    1147       1.5970
    1148       1.7112
    1149       1.6776
    1150       1.6023
    1151       1.6349
    1152       1.6844
    1153       1.6416
    1154       1.7113
    1155       1.5718
    1156       1.4843
    1157       1.5164
    1158       1.4221
    1159       1.4106
    1160       1.4878
    1161       1.5364
    1162       1.4722
    1163       1.4590
    1164       1.4964
    1165       1.4445
    1166       1.5768
    1167       1.5749
    1168       1.5915
    1169       1.6030
    1170       1.5906
    1171       1.4960
    1172       1.5102
    1173       1.4857
    1174       1.5350
    1175       1.5305
    1176       1.5642
    1177       1.5389
    1178       1.5190
    1179       1.4834
    1180       1.4703
    1181       1.4478
    1182       1.3867
    1183       1.4125
    1184       1.4186
    1185       1.4751
    1186       1.4071
    1187       1.4610
    1188       1.3506
    1189       1.3501
    1190       1.3643
    1191       1.5214
    1192       1.4640
    1193       1.4319
    1194       1.4722
    1195       1.4298
    1196       1.3783
    1197       1.3259
    1198       1.3066
    1199       1.2796
    1200       1.2983
    1201       1.2779
    1202       1.3484
    1203       1.3310
    1204       1.2662
    1205       1.2465
    1206       1.2803
    1207       1.2467
    1208       1.2800
    1209       1.2555
    1210       1.2931
    1211       1.3559
    1212       1.4221
    1213       1.3846
    1214       1.5248
    1215       1.5200
    1216       1.4787
    1217       1.4984
    1218       1.5766
    1219       1.5009
    1220       1.3322
    1221       1.3318
    1222       1.3608
    1223       1.3649
    1224       1.3808
    1225       1.3823
    1226       1.3855
    1227       1.3582
    1228       1.3560
    1229       1.3603
    1230       1.3679
    1231       1.4133
    1232       1.4857
    1233       1.5104
    1234       1.4465
    1235       1.4947
    1236       1.4361
    1237       1.4960
    1238       1.4659
    1239       1.4875
    1240       1.4924
    1241       1.4623
    1242       1.4381
    1243       1.3934
    1244       1.4130
    1245       1.5041
    1246       1.4843
    1247       1.4136
    1248       1.4317
    1249       1.4377
    1250       1.4375
    1251       1.4489
    1252       1.5176
    1253       1.5057
    1254       1.5716
    1255       1.5000
    1256       1.6212
    1257       1.5595
    1258       1.5645
    1259       1.5482
    1260       1.4671
    1261       1.3822
    1262       1.4009
    1263       1.5162
    1264       1.4840
    1265       1.3913
    1266       1.4441
    1267       1.4512
    1268       1.4663
    1269       1.3793
    1270       1.3452
    1271       1.4462
    1272       1.4515
    1273       1.4698
    1274       1.5594
    1275       1.5819
    1276       1.5440
    1277       1.5085
    1278       1.5246
    1279       1.5161
    1280       1.5141
    1281       1.4639
    1282       1.5187
    1283       1.5630
    1284       1.4163
    1285       1.3998
    1286       1.4942
    1287       1.3349
    1288       1.3804
    1289       1.4257
    1290       1.4178
    1291       1.4428
    1292       1.4970
    1293       1.5619
    1294       1.4558
    1295       1.4956
    1296       1.4516
    1297       1.3461
    1298       1.3417
    1299       1.4300
    1300       1.4241
    1301       1.3816
    1302       1.3283
    1303       1.3314
    1304       1.2514
    1305       1.1958
    1306       1.2766
    1307       1.2782
    1308       1.4045
    1309       1.3005
    1310       1.2266
    1311       1.3714
    1312       1.3176
    1313       1.3413
    1314       1.3942
    1315       1.4490
    1316       1.4285
    1317       1.4074
    1318       1.4759
    1319       1.4804
    1320       1.4431
    1321       1.4855
    1322       1.4661
    1323       1.3939
    1324       1.4821
    1325       1.4904
    1326       1.4181
    1327       1.4479
    1328       1.3323
    1329       1.3625
    1330       1.4161
    1331       1.3348
    1332       1.3263
    1333       1.3245
    1334       1.2807
    1335       1.3242
    1336       1.3293
    1337       1.3868
    1338       1.3784
    1339       1.3528
    1340       1.4106
    1341       1.4499
    1342       1.4340
    1343       1.4375
    1344       1.4051
    1345       1.4349
    1346       1.3803
    1347       1.4150
    1348       1.4257
    1349       1.3858
    1350       1.3293
    1351       1.3753
    1352       1.3555
    1353       1.3893
    1354       1.3423
    1355       1.3585
    1356       1.2377
    1357       1.2825
    1358       1.3138
    1359       1.3229
    1360       1.3625
    1361       1.4215
    1362       1.3071
    1363       1.3352
    1364       1.3622
    1365       1.2553
    1366       1.2860
    1367       1.2342
    1368       1.1846
    1369       1.2294
    1370       1.1975
    1371       1.1967
    1372       1.1971
    1373       1.2303
    1374       1.2778
    1375       1.3137
    1376       1.3386
    1377       1.3212
    1378       1.3386
    1379       1.2630
    1380       1.2585
    1381       1.2754
    1382       1.2532
    1383       1.1935
    1384       1.1891
    1385       1.2012
    1386       1.2248
    1387       1.2095
    1388       1.3073
    1389       1.3142
    1390       1.3319
    1391       1.3526
    1392       1.3070
    1393       1.3280
    1394       1.3706
    1395       1.3514
    1396       1.2860
    1397       1.2140
    1398       1.2460
    1399       1.1976
    1400       1.2725
    1401       1.2697
    1402       1.2217
    1403       1.2038
    1404       1.2046
    1405       1.2598
    1406       1.2818
    1407       1.2735
    1408       1.3201
    1409       1.3706
    1410       1.2934
    1411       1.1871
    1412       1.2776
    1413       1.2746
    1414       1.2728
    1415       1.3093
    1416       1.2962
    1417       1.2557
    1418       1.2959
    1419       1.2228
    1420       1.1819
    1421       1.2888
    1422       1.3027
    1423       1.2459
    1424       1.2264
    1425       1.2234
    1426       1.2292
    1427       1.2228
    1428       1.2350
    1429       1.1906
    1430       1.1997
    1431       1.2352
    1432       1.2593
    1433       1.3263
    1434       1.4027
    1435       1.3362
    1436       1.3197
    1437       1.2926
    1438       1.2757
    1439       1.3221
    1440       1.3312
    1441       1.3229
    1442       1.2914
    1443       1.2962
    1444       1.3558
    1445       1.3613
    1446       1.2991
    1447       1.3296
    1448       1.2373
    1449       1.2076
    1450       1.2143
    1451       1.1825
    1452       1.1580
    1453       1.1121
    1454       1.1620
    1455       1.2045
    1456       1.1691
    1457       1.2635
    1458       1.2355
    1459       1.3161
    1460       1.2629
    1461       1.1627
    1462       1.1870
    1463       1.2009
    1464       1.1802
    1465       1.1710
    1466       1.2191
    1467       1.1632
    1468       1.2246
    1469       1.2300
    1470       1.1572
    1471       1.2026
    1472       1.1686
    1473       1.2663
    1474       1.2357
    1475       1.2374
    1476       1.2469
    1477       1.1362
    1478       1.1637
    1479       1.2432
    1480       1.2765
    1481       1.2258
    1482       1.1887
    1483       1.2084
    1484       1.1932
    1485       1.2285
    1486       1.2881
    1487       1.1473
    1488       1.1781
    1489       1.2566
    1490       1.2035
    1491       1.2132
    1492       1.1913
    1493       1.2115
    1494       1.2513
    1495       1.2117
    1496       1.1585
    1497       1.1775
    1498       1.1680
    1499       1.2297
    1500       1.2026
    1501       1.2173
    1502       1.2365
    1503       1.2580
    1504       1.2702
    1505       1.2001
    1506       1.1800
    1507       1.2216
    1508       1.1764
    1509       1.2336
    1510       1.2217
    1511       1.2052
    1512       1.2251
    1513       1.2732
    1514       1.2625
    1515       1.2804
    1516       1.2632
    1517       1.2411
    1518       1.2382
    1519       1.2442
    1520       1.1923
    1521       1.1928
    1522       1.1797
    1523       1.1064
    1524       1.1945
    1525       1.1541
    1526       1.1621
    1527       1.1822
    1528       1.2517
    1529       1.1760
    1530       1.1991
    1531       1.1917
    1532       1.2564
    1533       1.2149
    1534       1.1796
    1535       1.1375
    1536       1.1217
    1537       1.1647
    1538       1.2969
    1539       1.2249
    1540       1.1681
    1541       1.2170
    1542       1.3000
    1543       1.2498
    1544       1.2471
    1545       1.2151
    1546       1.2608
    1547       1.2290
    1548       1.2249
    1549       1.2456
    1550       1.1691
    1551       1.1962
    1552       1.1424
    1553       1.1785
    1554       1.2037
    1555       1.2241
    1556       1.2384
    1557       1.2342
    1558       1.2431
    1559       1.2208
    1560       1.1546
    1561       1.0975
    1562       1.0988
    1563       1.0456
    1564       1.1160
    1565       1.1234
    1566       1.0020
    1567       1.0721
    1568       1.0783
    1569       1.1156
    1570       1.0671
    1571       1.1433
    1572       1.1538
    1573       1.1831
    1574       1.2784
    1575       1.1951
    1576       1.2042
    1577       1.1764
    1578       1.1427
    1579       1.1764
    1580       1.2510
    1581       1.2921
    1582       1.2333
    1583       1.2792
    1584       1.2444
    1585       1.2250
    1586       1.1546
    1587       1.1979
    1588       1.1310
    1589       1.1862
    1590       1.1183
    1591       1.1601
    1592       1.2184
    1593       1.2681
    1594       1.3399
    1595       1.2842
    1596       1.2877
    1597       1.1509
    1598       1.2168
    1599       1.1750
    1600       1.1586
    1601       1.2448
    1602       1.2615
    1603       1.2751
    1604       1.1067
    1605       1.1717
    1606       1.1680
    1607       1.2146
    1608       1.2119
    1609       1.1345
    1610       1.2409
    1611       1.2294
    1612       1.2585
    1613       1.2420
    1614       1.2496
    1615       1.2460
    1616       1.2652
    1617       1.2307
    1618       1.2794
    1619       1.2526
    1620       1.2311
    1621       1.2204
    1622       1.2106
    1623       1.1942
    1624       1.2385
    1625       1.2050
    1626       1.2280
    1627       1.2453
    1628       1.2626
    1629       1.2020
    1630       1.1875
    1631       1.1868
    1632       1.2997
    1633       1.2976
    1634       1.3183
    1635       1.1671
    1636       1.2344
    1637       1.2463
    1638       1.2119
    1639       1.2027
    1640       1.1455
    1641       1.1430
    1642       1.1315
    1643       1.1555
    1644       1.2061
    1645       1.2094
    1646       1.1882
    1647       1.1409
    1648       1.1758
    1649       1.1240
    1650       1.1547
    1651       1.1865
    1652       1.2450
    1653       1.2174
    1654       1.2510
    1655       1.2540
    1656       1.2165
    1657       1.2185
    1658       1.2426
    1659       1.2645
    1660       1.2796
    1661       1.2753
    1662       1.3035
    1663       1.3111
    1664       1.2960
    1665       1.3102
    1666       1.2909
    1667       1.2017
    1668       1.2117
    1669       1.2348
    1670       1.2408
    1671       1.1689
    1672       1.1881
    1673       1.1707
    1674       1.2507
    1675       1.2478
    1676       1.2712
    1677       1.2780
    1678       1.2349
    1679       1.2089
    1680       1.1843
    1681       1.1872
    1682       1.1992
    1683       1.1986
    1684       1.2530
    1685       1.1831
    1686       1.1684
    1687       1.1806
    1688       1.1917
    1689       1.2061
    1690       1.1630
    1691       1.1672
    1692       1.2436
    1693       1.2177
    1694       1.1156
    1695       1.1737
    1696       1.1385
    1697       1.0911
    1698       1.1115
    1699       1.1544
    1700       1.1975
    1701       1.2175
    1702       1.2033
    1703       1.1386
    1704       1.1115
    1705       1.2155
    1706       1.1722
    1707       1.2014
    1708       1.1843
    1709       1.1903
    1710       1.1792
    1711       1.1799
    1712       1.1776
    1713       1.2413
    1714       1.1956
    1715       1.2295
    1716       1.2617
    1717       1.3091
    1718       1.3002
    1719       1.2663
    1720       1.2464
    1721       1.2729
    1722       1.2359
    1723       1.2663
    1724       1.2567
    1725       1.3090
    1726       1.2873
    1727       1.2698
    1728       1.2932
    1729       1.2573
    1730       1.1574
    1731       1.2265
    1732       1.2038
    1733       1.2269
    1734       1.2331
    1735       1.2840
    1736       1.2058
    1737       1.2301
    1738       1.1976
    1739       1.1816
    1740       1.2225
    1741       1.3027
    1742       1.1586
    1743       1.2324
    1744       1.2201
    1745       1.2847
    1746       1.2525
    1747       1.2877
    1748       1.2625
    1749       1.2679
    1750       1.2890
    1751       1.2211
    1752       1.1995
    1753       1.2284
    1754       1.2586
    1755       1.2728
    1756       1.2170
    1757       1.2570
    1758       1.2592
    1759       1.3030
    1760       1.2510
    1761       1.2202
    1762       1.2410
    1763       1.2182
    1764       1.2140
    1765       1.2030
    1766       1.2188
    1767       1.2002
    1768       1.2061
    1769       1.2297
    1770       1.2080
    1771       1.1760
    1772       1.1532
    1773       1.1653
    1774       1.1653
    1775       1.0608
    1776       1.0922
    1777       1.1130
    1778       1.0703
    1779       1.0997
    1780       1.1135
    1781       1.1559
    1782       1.1544
    1783       1.1199
    1784       1.1607
    1785       1.1019
    1786       1.1716
    1787       1.2663
    1788       1.2424
    1789       1.2425
    1790       1.2412
    1791       1.2692
    1792       1.2825
    1793       1.2849
    1794       1.2342
    1795       1.2397
    1796       1.2618
    1797       1.1977
    1798       1.1900
    1799       1.2763
    1800       1.3272
    1801       1.3142
    1802       1.2969
    1803       1.2660
    1804       1.3128
    1805       1.3688
    1806       1.3182
    1807       1.2588
    1808       1.2078
    1809       1.1147
    1810       1.1584
    1811       1.1890
    1812       1.1448
    1813       1.2907
    1814       1.2077
    1815       1.2051
    1816       1.2991
    1817       1.2408
    1818       1.2228
    1819       1.3734
    1820       1.3813
    1821       1.4102
    1822       1.3814
    1823       1.3865
    1824       1.2352
    1825       1.2414
    1826       1.2617
    1827       1.2156
    1828       1.1823
    1829       1.1977
    1830       1.2402
    1831       1.2412
    1832       1.2703
    1833       1.2608
    1834       1.1975
    1835       1.2427
    1836       1.1944
    1837       1.2601
    1838       1.2335
    1839       1.2389
    1840       1.1331
    1841       1.1789
    1842       1.1800
    1843       1.1924
    1844       1.2271
    1845       1.1900
    1846       1.2056
    1847       1.1710
    1848       1.1462
    1849       1.1411
    1850       1.1703
    1851       1.1669
    1852       1.1867
    1853       1.1765
    1854       1.1960
    1855       1.1023
    1856       1.1698
    1857       1.1476
    1858       1.1235
    1859       1.1443
    1860       1.1388
    1861       1.1286
    1862       1.1100
    1863       1.1210
    1864       1.1646
    1865       1.1212
    1866       1.2043
    1867       1.1250
    1868       1.0634
    1869       1.0655
    1870       1.1388
    1871       1.1788
    1872       1.1295
    1873       1.1541
    1874       1.1610
    1875       1.1745
    1876       1.2516
    1877       1.2588
    1878       1.2479
    1879       1.3215
    1880       1.1636
    1881       1.1705
    1882       1.2116
    1883       1.2676
    1884       1.3396
    1885       1.2980
    1886       1.2913
    1887       1.2401
    1888       1.2848
    1889       1.3621
    1890       1.3257
    1891       1.2571
    1892       1.2701
    1893       1.1983
    1894       1.2672
    1895       1.2668
    1896       1.2486
    1897       1.2694
    1898       1.2948
    1899       1.2782
    1900       1.2611
    1901       1.2919
    1902       1.3040
    1903       1.3250
    1904       1.1848
    1905       1.2089
    1906       1.1270
    1907       1.1625
    1908       1.1145
    1909       1.1913
    1910       1.1829
    1911       1.1213
    1912       1.1787
    1913       1.1577
    1914       1.1545
    1915       1.0982
    1916       1.1848
    1917       1.1620
    1918       1.1698
    1919       1.1807
    1920       1.1798
    1921       1.1934
    1922       1.1230
    1923       1.1581
    1924       1.1352
    1925       1.1150
    1926       1.1342
    1927       1.1970
    1928       1.2075
    1929       1.1825
    1930       1.1080
    1931       1.0951
    1932       1.0657
    1933       1.1356
    1934       1.1065
    1935       1.1004
    1936       1.1084
    1937       1.1154
    1938       1.1157
    1939       1.2178
    1940       1.0948
    1941       1.1490
    1942       1.2119
    1943       1.2148
    1944       1.2394
    1945       1.3284
    1946       1.2381
    1947       1.1716
    1948       1.1607
    1949       1.2098
    1950       1.2140
    1951       1.1657
    1952       1.1222
    1953       1.1154
    1954       1.1062
    1955       1.1338
    1956       1.1174
    1957       1.1585
    1958       1.1815
    1959       1.1918
    1960       1.1749
    1961       1.1565
    1962       1.1481
    1963       1.1954
    1964       1.1999
    1965       1.1694
    1966       1.1674
    1967       1.1251
    1968       1.0842
    1969       1.1127
    1970       1.1349
    1971       1.2041
    1972       1.2294
    1973       1.2218
    1974       1.2328
    1975       1.2257
    1976       1.2186
    1977       1.1530
    1978       1.2023
    1979       1.1711
    1980       1.1361
    1981       1.1004
    1982       1.1323
    1983       1.1984
    1984       1.1874
    1985       1.2862
    1986       1.2583
    1987       1.3317
    1988       1.3658
    1989       1.3061
    1990       1.2815
    1991       1.2733
    1992       1.2005
    1993       1.2028
    1994       1.1359
    1995       1.1445
    1996       1.1085
    1997       1.1599
    1998       1.2008
    1999       1.1997
    2000       1.1541
    2001       1.1746
    2002       1.2780
    2003       1.2557
    2004       1.1724
    2005       1.2474
    2006       1.1731
    2007       1.1699
    2008       1.1685
    2009       1.1467
    2010       1.1042
    2011       1.1219
    2012       1.1164
    2013       1.1041
    2014       1.1473
    2015       1.1675
    2016       1.1397
    2017       1.1863
    2018       1.1760
    2019       1.1643
    2020       1.1971
    2021       1.1361
    2022       1.1530
    2023       1.2225
    2024       1.2079
    2025       1.2359
    2026       1.1860
    2027       1.1984
    2028       1.2673
    2029       1.2660
    2030       1.2700
    2031       1.2405
    2032       1.2777
    2033       1.3241
    2034       1.3779
    2035       1.3333
    2036       1.3130
    2037       1.2991
    2038       1.3312
    2039       1.3387
    2040       1.3333
    2041       1.3424
    2042       1.3066
    2043       1.3454
    2044       1.3391
    2045       1.3352
    2046       1.3502
    2047       1.3245
    2048       1.2981
    2049       1.3961
    2050       1.3697
    2051       1.3599
    2052       1.2555
    2053       1.2273
    2054       1.2328
    2055       1.2614
    2056       1.1877
    2057       1.1726
    2058       1.1460
    2059       1.2062
    2060       1.2070
    2061       1.2265
    2062       1.2025
    2063       1.1944
    2064       1.2117
    2065       1.2575
    2066       1.1997
    2067       1.1622
    2068       1.1651
    2069       1.1145
    2070       1.1447
    2071       1.2206
    2072       1.1675
    2073       1.1608
    2074       1.1344
    2075       1.2394
    2076       1.2172
    2077       1.2276
    2078       1.2590
    2079       1.3005
    2080       1.3245
    2081       1.2760
    2082       1.2972
    2083       1.4509
    2084       1.3819
    2085       1.3316
    2086       1.4225
    2087       1.3912
    2088       1.3682
    2089       1.3056
    2090       1.3427
    2091       1.3092
    2092       1.3033
    2093       1.2809
    2094       1.3183
    2095       1.2728
    2096       1.1938
    2097       1.2055
    2098       1.1980
    2099       1.1895
    2100       1.2207
    2101       1.2144
    2102       1.2130
    2103       1.1765
    2104       1.1854
    2105       1.2148
    2106       1.1945
    2107       1.1300
    2108       1.1458
    2109       1.1927
    2110       1.1688
    2111       1.1510
    2112       1.1248
    2113       1.2049
    2114       1.2111
    2115       1.2110
    2116       1.2248
    2117       1.2213
    2118       1.2064
    2119       1.2305
    2120       1.1893
    2121       1.2348
    2122       1.2587
    2123       1.2526
    2124       1.1464
    2125       1.2739
    2126       1.3016
    2127       1.3286
    2128       1.3977
    2129       1.3653
    2130       1.3017
    2131       1.2650
    2132       1.1689
    2133       1.1355
    2134       1.1797
    2135       1.1683
    2136       1.1774
    2137       1.1438
    2138       1.1510
    2139       1.2122
    2140       1.1347
    2141       1.1583
    2142       1.1574
    2143       1.1746
    2144       1.1679
    2145       1.1781
    2146       1.2216
    2147       1.1826
    2148       1.1568
    2149       1.1695
    2150       1.1834
    2151       1.1016
    2152       1.1334
    2153       1.0831
    2154       1.1392
    2155       1.1730
    2156       1.1623
    2157       1.2159
    2158       1.1713
    2159       1.2533
    2160       1.2031
    2161       1.2229
    2162       1.1681
    2163       1.1283
    2164       1.1677
    2165       1.1236
    2166       1.1197
    2167       1.1389
    2168       1.1661
    2169       1.1207
    2170       1.1144
    2171       1.1487
    2172       1.1207
    2173       1.1461
    2174       1.2023
    2175       1.2329
    2176       1.2110
    2177       1.2330
    2178       1.2012
    2179       1.2038
    2180       1.2258
    2181       1.1172
    2182       1.1606
    2183       1.1321
    2184       1.2571
    2185       1.2703
    2186       1.2594
    2187       1.2398
    2188       1.1723
    2189       1.1429
    2190       1.1948
    2191       1.1215
    2192       1.1783
    2193       1.1836
    2194       1.1516
    2195       1.1618
    2196       1.1765
    2197       1.1844
    2198       1.1554
    2199       1.1839
    2200       1.1605
    2201       1.1439
    2202       1.1858
    2203       1.2433
    2204       1.2142
    2205       1.1392
    2206       1.1596
    2207       1.1095
    2208       1.0655
    2209       1.0783
    2210       1.1309
    2211       1.1690
    2212       1.2247
    2213       1.2298
    2214       1.1782
    2215       1.1508
    2216       1.0864
    2217       1.1216
    2218       1.0436
    2219       1.1102
    2220       1.1694
    2221       1.0872
    2222       1.0395
    2223       1.0468
    2224       1.0896
    2225       1.0914
    2226       1.0719
    2227       1.0939
    2228       1.1376
    2229       1.1238
    2230       1.1499
    2231       1.0854
    2232       1.1377
    2233       1.1659
    2234       1.1097
    2235       1.1328
    2236       1.1357
    2237       1.1063
    2238       1.0473
    2239       1.1164
    2240       1.1130
    2241       1.1147
    2242       1.1154
    2243       1.1258
    2244       1.1277
    2245       1.1155
    2246       1.0999
    2247       1.1525
    2248       1.0693
    2249       1.1612
    2250       1.1822
    2251       1.2151
    2252       1.2831
    2253       1.3063
    2254       1.3428
    2255       1.2469
    2256       1.2192
    2257       1.1671
    2258       1.1779
    2259       1.1913
    2260       1.1495
    2261       1.2461
    2262       1.2275
    2263       1.2054
    2264       1.2040
    2265       1.1994
    2266       1.1892
    2267       1.2947
    2268       1.2639
    2269       1.2084
    2270       1.2630
    2271       1.2868
    2272       1.2728
    2273       1.2299
    2274       1.3236
    2275       1.3416
    2276       1.4077
    2277       1.2839
    2278       1.3283
    2279       1.3165
    2280       1.2856
    2281       1.3246
    2282       1.3154
    2283       1.3784
    2284       1.2873
    2285       1.3803
    2286       1.4587
    2287       1.3923
    2288       1.4670
    2289       1.4802
    2290       1.4727
    2291       1.4442
    2292       1.4692
    2293       1.3255
    2294       1.3732
    2295       1.3096
    2296       1.3003
    2297       1.2788
    2298       1.1974
    2299       1.2695
    2300       1.1905
    2301       1.1562
    2302       1.1719
    2303       1.1553
    2304       1.1532
    2305       1.1534
    2306       1.2088
    2307       1.2048
    2308       1.1425
    2309       1.2481
    2310       1.1895
    2311       1.1554
    2312       1.2398
    2313       1.1685
    2314       1.1978
    2315       1.2575
    2316       1.2553
    2317       1.2676
    2318       1.2787
    2319       1.2365
    2320       1.2384
    2321       1.2250
    2322       1.2750
    2323       1.2764
    2324       1.2265
    2325       1.2367
    2326       1.2737
    2327       1.3425
    2328       1.3496
    2329       1.2554
    2330       1.3110
    2331       1.3356
    2332       1.2764
    2333       1.2448
    2334       1.2277
    2335       1.2672
    2336       1.2837
    2337       1.2367
    2338       1.2583
    2339       1.2194
    2340       1.2569
    2341       1.3466
    2342       1.2218
    2343       1.1782
    2344       1.3044
    2345       1.2929
    2346       1.3261
    2347       1.2905
    2348       1.2564
    2349       1.2257
    2350       1.2105
    2351       1.2213
    2352       1.1569
    2353       1.1599
    2354       1.1037
    2355       1.1000
    2356       1.1218
    2357       1.1776
    2358       1.1625
    2359       1.1803
    2360       1.1599
    2361       1.1269
    2362       1.1784
    2363       1.2023
    2364       1.1149
    2365       1.1323
    2366       1.1921
    2367       1.2301
    2368       1.2876
    2369       1.1807
    2370       1.2484
    2371       1.2695
    2372       1.2456
    2373       1.2317
    2374       1.2365
    2375       1.3044
    2376       1.2929
    2377       1.2447
    2378       1.2631
    2379       1.2476
    2380       1.2275
    2381       1.2002
    2382       1.2186
    2383       1.1275
    2384       1.1291
    2385       1.1870
    2386       1.2096
    2387       1.1763
    2388       1.2687
    2389       1.2648
    2390       1.3002
    2391       1.2921
    2392       1.3512
    2393       1.3509
    2394       1.3193
    2395       1.3319
    2396       1.3022
    2397       1.2735
    2398       1.2809
    2399       1.3106
    2400       1.3207
    2401       1.2763
    2402       1.2769
    2403       1.2510
    2404       1.2314
    2405       1.2725
    2406       1.3312
    2407       1.2898
    2408       1.3276
    2409       1.3577
    2410       1.3291
    2411       1.2555
    2412       1.1904
    2413       1.2037
    2414       1.2131
    2415       1.2404
    2416       1.2156
    2417       1.1274
    2418       1.2292
    2419       1.2187
    2420       1.2528
    2421       1.2789
    2422       1.2333
    2423       1.2682
    2424       1.2632
    2425       1.3050
    2426       1.3185
    2427       1.3084
    2428       1.2792
    2429       1.3454
    2430       1.2916
    2431       1.2790
    2432       1.2037
    2433       1.1939
    2434       1.1301
    2435       1.1726
    2436       1.2346
    2437       1.1648
    2438       1.2059
    2439       1.2658
    2440       1.2172
    2441       1.2469
    2442       1.2246
    2443       1.1611
    2444       1.1938
    2445       1.2326
    2446       1.2378
    2447       1.2464
    2448       1.2555
    2449       1.2608
    2450       1.2017
    2451       1.2109
    2452       1.2370
    2453       1.2617
    2454       1.2827
    2455       1.2657
    2456       1.2451
    2457       1.2691
    2458       1.2850
    2459       1.2476
    2460       1.2385
    2461       1.2186
    2462       1.2320
    2463       1.1712
    2464       1.1576
    2465       1.1800
    2466       1.1263
    2467       1.1683
    2468       1.1507
    2469       1.2187
    2470       1.2294
    2471       1.2544
    2472       1.2327
    2473       1.2409
    2474       1.2218
    2475       1.2500
    2476       1.2555
    2477       1.2704
    2478       1.2438
    2479       1.2410
    2480       1.2257
    2481       1.2277
    2482       1.1748
    2483       1.1663
    2484       1.1765
    2485       1.2212
    2486       1.2710
    2487       1.1982
    2488       1.2444
    2489       1.2415
    2490       1.2455
    2491       1.1774
    2492       1.1856
    2493       1.1860
    2494       1.2229
    2495       1.2573
    2496       1.2476
    2497       1.2652
    2498       1.1856
    2499       1.3187
    2500       1.2653
    2501       1.3175
    2502       1.2612
    2503       1.2295
    2504       1.1640
    2505       1.2113
    2506       1.2630
    2507       1.2554
    2508       1.3055
    2509       1.2526
    2510       1.3048
    2511       1.3196
    2512       1.2603
    2513       1.2553
    2514       1.2293
    2515       1.2051
    2516       1.2008
    2517       1.1740
    2518       1.1904
    2519       1.1844
    2520       1.1868
    2521       1.2150
    2522       1.2866
    2523       1.2887
    2524       1.1897
    2525       1.3239
    2526       1.3577
    2527       1.2760
    2528       1.2754
    2529       1.2333
    2530       1.2703
    2531       1.1547
    2532       1.1890
    2533       1.2215
    2534       1.1982
    2535       1.2600
    2536       1.1202
    2537       1.1181
    2538       1.1823
    2539       1.1825
    2540       1.1748
    2541       1.2122
    2542       1.1665
    2543       1.1288
    2544       1.1325
    2545       1.1171
    2546       1.1978
    2547       1.1985
    2548       1.1947
    2549       1.1619
    2550       1.1834
    2551       1.2155
    2552       1.2025
    2553       1.1176
    2554       1.1809
    2555       1.1778
    2556       1.1451
    2557       1.2061
    2558       1.1707
    2559       1.0601
    2560       1.1791
    2561       1.1562
    2562       1.2545
    2563       1.2660
    2564       1.2372
    2565       1.1626
    2566       1.2371
    2567       1.3227
    2568       1.3069
    2569       1.2199
    2570       1.3051
    2571       1.2689
    2572       1.2376
    2573       1.2564
    2574       1.1962
    2575       1.2654
    2576       1.2634
    2577       1.2776
    2578       1.2912
    2579       1.3152
    2580       1.2963
    2581       1.3703
    2582       1.4545
    2583       1.3498
    2584       1.3270
    2585       1.3408
    2586       1.2978
    2587       1.2706
    2588       1.2901
    2589       1.2861
    2590       1.1729
    2591       1.2747
    2592       1.2835
    2593       1.2641
    2594       1.3049
    2595       1.2847
    2596       1.3154
    2597       1.3055
    2598       1.3289
    2599       1.3842
    2600       1.3773
    2601       1.2259
    2602       1.2069
    2603       1.2250
    2604       1.2220
    2605       1.2407
    2606       1.2594
    2607       1.2749
    2608       1.2304
    2609       1.1989
    2610       1.2291
    2611       1.3266
    2612       1.3027
    2613       1.2234
    2614       1.2560
    2615       1.3213
    2616       1.3507
    2617       1.3422
    2618       1.3899
    2619       1.4354
    2620       1.3954
    2621       1.5389
    2622       1.4790
    2623       1.3865
    2624       1.4069
    2625       1.3514
    2626       1.4335
    2627       1.4357
    2628       1.4387
    2629       1.3568
    2630       1.3114
    2631       1.3302
    2632       1.3205
    2633       1.3345
    2634       1.3890
    2635       1.3327
    2636       1.2564
    2637       1.2320
    2638       1.2239
    2639       1.2832
    2640       1.3405
    2641       1.3126
    2642       1.1941
    2643       1.2735
    2644       1.3005
    2645       1.2962
    2646       1.2602
    2647       1.2501
    2648       1.2380
    2649       1.2770
    2650       1.2648
    2651       1.2643
    2652       1.3271
    2653       1.3291
    2654       1.3851
    2655       1.3826
    2656       1.3388
    2657       1.3586
    2658       1.3362
    2659       1.3167
    2660       1.2857
    2661       1.2568
    2662       1.2958
    2663       1.2874
    2664       1.2410
    2665       1.2672
    2666       1.2616
    2667       1.2479
    2668       1.2992
    2669       1.2909
    2670       1.2492
    2671       1.2376
    2672       1.1546
    2673       1.2662
    2674       1.3560
    2675       1.3876
    2676       1.2901
    2677       1.2569
    2678       1.2566
    2679       1.2345
    2680       1.2097
    2681       1.2494
    2682       1.2710
    2683       1.3787
    2684       1.4239
    2685       1.3655
    2686       1.3156
    2687       1.3458
    2688       1.3572
    2689       1.2890
    2690       1.3420
    2691       1.2442
    2692       1.2844
    2693       1.2080
    2694       1.1544
    2695       1.1824
    2696       1.1998
    2697       1.2179
    2698       1.2290
    2699       1.2149
    2700       1.1884
    2701       1.1685
    2702       1.2121
    2703       1.2785
    2704       1.2842
    2705       1.3112
    2706       1.3273
    2707       1.3382
    2708       1.3490
    2709       1.2535
    2710       1.2250
    2711       1.2332
    2712       1.2443
    2713       1.2556
    2714       1.2706
    2715       1.2902
    2716       1.2469
    2717       1.2392
    2718       1.1832
    2719       1.2295
    2720       1.2035
    2721       1.2414
    2722       1.2937
    2723       1.2730
    2724       1.2539
    2725       1.2867
    2726       1.2096
    2727       1.2819
    2728       1.2916
    2729       1.2922
    2730       1.2134
    2731       1.2428
    2732       1.2059
    2733       1.1694
    2734       1.2081
    2735       1.2162
    2736       1.1841
    2737       1.2420
    2738       1.1965
    2739       1.2342
    2740       1.2209
    2741       1.1959
    2742       1.2580
    2743       1.2717
    2744       1.2233
    2745       1.2097
    2746       1.1242
    2747       1.1608
    2748       1.1896
    2749       1.2203
    2750       1.2254
    2751       1.1787
    2752       1.1998
    2753       1.2120
    2754       1.1964
    2755       1.1749
    2756       1.1968
    2757       1.1373
    2758       1.1624
    2759       1.1779
    2760       1.1832
    2761       1.1336
    2762       1.2367
    2763       1.2336
    2764       1.1081
    2765       1.1252
    2766       1.1543
    2767       1.2350
    2768       1.2178
    2769       1.1720
    2770       1.1775
    2771       1.1647
    2772       1.1478
    2773       1.2531
    2774       1.2098
    2775       1.2032
    2776       1.1842
    2777       1.2269
    2778       1.1639
    2779       1.1579
    2780       1.1505
    2781       1.1970
    2782       1.1389
    2783       1.1763
    2784       1.1995
    2785       1.1578
    2786       1.2024
    2787       1.2695
    2788       1.2131
    2789       1.2795
    2790       1.2512
    2791       1.2228
    2792       1.2297
    2793       1.2049
    2794       1.2086
    2795       1.1814
    2796       1.2676
    2797       1.2485
    2798       1.2954
    2799       1.2608
    2800       1.2458
    2801       1.2759
    2802       1.3379
    2803       1.2909
    2804       1.3091
    2805       1.2991
    2806       1.3013
    2807       1.2293
    2808       1.2625
    2809       1.2321
    2810       1.2724
    2811       1.2423
    2812       1.2768
    2813       1.3027
    2814       1.3187
    2815       1.2618
    2816       1.2510
    2817       1.2807
    2818       1.1930
    2819       1.2438
    2820       1.2318
    2821       1.2330
    2822       1.2446
    2823       1.2386
    2824       1.2677
    2825       1.2859
    2826       1.2162
    2827       1.2320
    2828       1.2819
    2829       1.2334
    2830       1.2752
    2831       1.2673
    2832       1.3315
    2833       1.2334
    2834       1.2121
    2835       1.2630
    2836       1.2872
    2837       1.3100
    2838       1.3620
    2839       1.3210
    2840       1.2941
    2841       1.2907
    2842       1.3340
    2843       1.3064
    2844       1.2345
    2845       1.2139
    2846       1.2725
    2847       1.2086
    2848       1.2874
    2849       1.2875
    2850       1.3340
    2851       1.3315
    2852       1.2894
    2853       1.2756
    2854       1.3883
    2855       1.3323
    2856       1.2863
    2857       1.2268
    2858       1.1626
    2859       1.1576
    2860       1.2470
    2861       1.2372
    2862       1.2922
    2863       1.2471
    2864       1.2527
    2865       1.2227
    2866       1.2243
    2867       1.2587
    2868       1.3125
    2869       1.3869
    2870       1.3632
    2871       1.2925
    2872       1.2542
    2873       1.2495
    2874       1.2949
    2875       1.3096
    2876       1.3037
    2877       1.2732
    2878       1.2909
    2879       1.2738
    2880       1.2869
    2881       1.2331
    2882       1.2901
    2883       1.2319
    2884       1.2373
    2885       1.2235
    2886       1.2202
    2887       1.2148
    2888       1.2433
    2889       1.2381
    2890       1.2441
    2891       1.2445
    2892       1.2447
    2893       1.2190
    2894       1.2361
    2895       1.1658
    2896       1.2665
    2897       1.2307
    2898       1.3187
    2899       1.2359
    2900       1.1983
    2901       1.2215
    2902       1.2047
    2903       1.2756
    2904       1.2791
    2905       1.2575
    2906       1.2244
    2907       1.2682
    2908       1.1854
    2909       1.1604
    2910       1.1774
    2911       1.1848
    2912       1.0981
    2913       1.1799
    2914       1.1944
    2915       1.2153
    2916       1.2459
    2917       1.2502
    2918       1.1524
    2919       1.1409
    2920       1.1355
    2921       1.2090
    2922       1.2163
    2923       1.1294
    2924       1.1602
    2925       1.2054
    2926       1.1809
    2927       1.1564
    2928       1.1342
    2929       1.2176
    2930       1.1707
    2931       1.2486
    2932       1.2628
    2933       1.2252
    2934       1.1492
    2935       1.1570
    2936       1.1946
    2937       1.1468
    2938       1.1523
    2939       1.1337
    2940       1.0641
    2941       1.1646
    2942       1.1265
    2943       1.1758
    2944       1.1488
    2945       1.1474
    2946       1.1707
    2947       1.2078
    2948       1.2197
    2949       1.1591
    2950       1.1941
    2951       1.2760
    2952       1.2392
    2953       1.2658
    2954       1.2523
    2955       1.2642
    2956       1.3138
    2957       1.2164
    2958       1.2442
    2959       1.2546
    2960       1.2532
    2961       1.1687
    2962       1.2316
    2963       1.2188
    2964       1.2283
    2965       1.2232
    2966       1.1780
    2967       1.1886
    2968       1.1814
    2969       1.2067
    2970       1.2165
    2971       1.2778
    2972       1.2631
    2973       1.2288
    2974       1.2553
    2975       1.2380
    2976       1.1877
    2977       1.2272
    2978       1.2339
    2979       1.2603
    2980       1.2416
    2981       1.2903
    2982       1.2410
    2983       1.2938
    2984       1.3287
    2985       1.2791
    2986       1.2924
    2987       1.3661
    2988       1.3407
    2989       1.4118
    2990       1.3673
    2991       1.3065
    2992       1.2439
    2993       1.3305
    2994       1.2540
    2995       1.2386
    2996       1.1737
    2997       1.2386
    2998       1.2426
    2999       1.2424
    3000       1.2183
    3001       1.2418
    3002       1.2741
    3003       1.2700
    3004       1.1834
    3005       1.1710
    3006       1.2184
    3007       1.2162
    3008       1.2580
    3009       1.2581
    3010       1.1968
    3011       1.2135
    3012       1.2702
    3013       1.3224
    3014       1.4497
    3015       1.4036
    3016       1.4076
    3017       1.3902
    3018       1.3705
    3019       1.3949
    3020       1.4309
    3021       1.3821
    3022       1.3614
    3023       1.2952
    3024       1.3017
    3025       1.2863
    3026       1.1979
    3027       1.2990
    3028       1.2652
    3029       1.3102
    3030       1.2487
    3031       1.2866
    3032       1.3404
    3033       1.2747
    3034       1.2747
    3035       1.2311
    3036       1.2004
    3037       1.2551
    3038       1.2079
    3039       1.2974
    3040       1.2777
    3041       1.2476
    3042       1.3021
    3043       1.3351
    3044       1.3593
    3045       1.3349
    3046       1.2258
    3047       1.3972
    3048       1.4281
    3049       1.3876
    3050       1.4061
    3051       1.3272
    3052       1.3102
    3053       1.2713
    3054       1.3230
    3055       1.3841
    3056       1.4583
    3057       1.4691
    3058       1.4887
    3059       1.4505
    3060       1.5086
    3061       1.5830
    3062       1.6341
    3063       1.5165
    3064       1.4438
    3065       1.4103
    3066       1.4187
    3067       1.3942
    3068       1.3851
    3069       1.3996
    3070       1.4264
    3071       1.4046
    3072       1.3220
    3073       1.2469
    3074       1.2612
    3075       1.2664
    3076       1.2559
    3077       1.2956
    3078       1.2866
    3079       1.2920
    3080       1.3496
    3081       1.4209
    3082       1.4654
    3083       1.4751
    3084       1.4868
    3085       1.4067
    3086       1.3529
    3087       1.3041
    3088       1.2983
    3089       1.3659
    3090       1.4725
    3091       1.4093
    3092       1.4585
    3093       1.4816
    3094       1.5149
    3095       1.4592
    3096       1.3542
    3097       1.3810
    3098       1.3567
    3099       1.3350
    3100       1.3453
    3101       1.3815
    3102       1.4531
    3103       1.4565
    3104       1.3965
    3105       1.4054
    3106       1.5016
    3107       1.4287
    3108       1.3996
    3109       1.4097
    3110       1.4817
    3111       1.4546
    3112       1.4502
    3113       1.3987
    3114       1.3323
    3115       1.3203
    3116       1.2701
    3117       1.3866
    3118       1.3647
    3119       1.3326
    3120       1.4209
    3121       1.4450
    3122       1.4939
    3123       1.5295
    3124       1.5112
    3125       1.5187
