#Frame     RMSD_00001
       1       0.0000
       2       0.6628
       3       0.6836
       4       0.8059
       5       0.7460
       6       0.8872
       7       0.8436
       8       0.8886
       9       0.8703
      10       0.8723
      11       0.8585
      12       0.9043
      13       0.9273
      14       0.8978
      15       0.9560
      16       0.9269
      17       0.8812
      18       0.9262
      19       0.8765
      20       0.9028
      21       0.8537
      22       0.8954
      23       0.8597
      24       0.8855
      25       0.8367
      26       0.8484
      27       0.8830
      28       0.8961
      29       0.8408
      30       0.8959
      31       0.8886
      32       0.9333
      33       0.9383
      34       0.8709
      35       0.9131
      36       0.9282
      37       0.9815
      38       0.9389
      39       0.9815
      40       0.9683
      41       1.0121
      42       0.9394
      43       0.9674
      44       0.9724
      45       0.9217
      46       1.0168
      47       0.9926
      48       0.9738
      49       0.9965
      50       0.9236
      51       1.0003
      52       1.0363
      53       0.8983
      54       0.9327
      55       1.0385
      56       0.9781
      57       0.9390
      58       0.9015
      59       0.8788
      60       0.9669
      61       1.0248
      62       1.0510
      63       1.0918
      64       1.0181
      65       0.9898
      66       0.9466
      67       0.9330
      68       0.9242
      69       0.9258
      70       0.9279
      71       0.9650
      72       0.8903
      73       0.8791
      74       0.9380
      75       0.9782
      76       0.9416
      77       1.0191
      78       1.0768
      79       1.0967
      80       1.0993
      81       1.0650
      82       1.1248
      83       1.1240
      84       1.2008
      85       1.1408
      86       1.1419
      87       1.1992
      88       1.1072
      89       1.0917
      90       1.1951
      91       1.1872
      92       1.1509
      93       1.1034
      94       1.1309
      95       1.1251
      96       0.9815
      97       1.0415
      98       1.0430
      99       1.0851
     100       1.1297
     101       1.0602
     102       1.1565
     103       1.1157
     104       1.2088
     105       1.2137
     106       1.1744
     107       1.1532
     108       1.1449
     109       1.0975
     110       1.1205
     111       1.1371
     112       1.1914
     113       1.2273
     114       1.1746
     115       1.1453
     116       1.1943
     117       1.1335
     118       1.0808
     119       1.1353
     120       1.0535
     121       1.1134
     122       1.1343
     123       1.1227
     124       1.1226
     125       1.1653
     126       1.2258
     127       1.2259
     128       1.1641
     129       1.1679
     130       1.2180
     131       1.1367
     132       1.1526
     133       1.1118
     134       1.0902
     135       1.0823
     136       1.0627
     137       1.0299
     138       1.0042
     139       1.0185
     140       0.9915
     141       1.0324
     142       1.0651
     143       1.0395
     144       0.9871
     145       1.0772
     146       1.0837
     147       1.0593
     148       0.9935
     149       1.0128
     150       1.0039
     151       1.0152
     152       1.0246
     153       1.0958
     154       1.0295
     155       1.1182
     156       1.0493
     157       1.0839
     158       1.0592
     159       1.0941
     160       1.0130
     161       1.0285
     162       1.0206
     163       0.9995
     164       1.0504
     165       1.1353
     166       1.0524
     167       1.0612
     168       0.9714
     169       0.9103
     170       0.9627
     171       1.0360
     172       1.0653
     173       0.9738
     174       0.9686
     175       0.9352
     176       0.8833
     177       0.9250
     178       0.9362
     179       0.9066
     180       0.9170
     181       0.8954
     182       0.8946
     183       0.9501
     184       0.8856
     185       0.9066
     186       0.9582
     187       1.0307
     188       0.9660
     189       0.9846
     190       0.9991
     191       0.9641
     192       0.9993
     193       1.0163
     194       1.0173
     195       1.0226
     196       0.9916
     197       1.0563
     198       1.0398
     199       1.0722
     200       0.9947
     201       1.0407
     202       1.0894
     203       1.0645
     204       1.0923
     205       1.0492
     206       1.0591
     207       1.1355
     208       1.0399
     209       1.1358
     210       1.0387
     211       1.0802
     212       1.0983
     213       1.0703
     214       1.0421
     215       1.0483
     216       1.1193
     217       1.0625
     218       1.0319
     219       1.0519
     220       1.0676
     221       1.1341
     222       1.1087
     223       1.0459
     224       1.1455
     225       1.1063
     226       1.1412
     227       1.1860
     228       1.1940
     229       1.2697
     230       1.1298
     231       1.2000
     232       1.2498
     233       1.2505
     234       1.1785
     235       1.1417
     236       1.0922
     237       1.1505
     238       1.1915
     239       1.1452
     240       1.1509
     241       1.0857
     242       1.0893
     243       1.0625
     244       1.0270
     245       1.0644
     246       1.0773
     247       1.0560
     248       1.0943
     249       1.0517
     250       1.0931
     251       1.0443
     252       1.0526
     253       1.0952
     254       1.0908
     255       1.2095
     256       1.0956
     257       1.1208
     258       1.1405
     259       1.1244
     260       1.1426
     261       1.1334
     262       1.1267
     263       1.1204
     264       1.0588
     265       1.1303
     266       1.0967
     267       1.1508
     268       1.1884
     269       1.1413
     270       1.1172
     271       1.1389
     272       1.1568
     273       1.1552
     274       1.2119
     275       1.1674
     276       1.2022
     277       1.2377
     278       1.1712
     279       1.0988
     280       1.1519
     281       1.1742
     282       1.2241
     283       1.1777
     284       1.1814
     285       1.2422
     286       1.3000
     287       1.2857
     288       1.3310
     289       1.2613
     290       1.3090
     291       1.3699
     292       1.4031
     293       1.3043
     294       1.4320
     295       1.3906
     296       1.3396
     297       1.3270
     298       1.2870
     299       1.3495
     300       1.4034
     301       1.4675
     302       1.4669
     303       1.3255
     304       1.2177
     305       1.1631
     306       1.2000
     307       1.1451
     308       1.0941
     309       1.1370
     310       1.1807
     311       1.2154
     312       1.1627
     313       1.1543
     314       1.1188
     315       1.0961
     316       1.0631
     317       1.1269
     318       1.1240
     319       1.1132
     320       1.1374
     321       1.2184
     322       1.1705
     323       1.1309
     324       1.1142
     325       1.1079
     326       1.1744
     327       1.1588
     328       1.1615
     329       1.1490
     330       1.1882
     331       1.1234
     332       1.1549
     333       1.2588
     334       1.1537
     335       1.0960
     336       1.1278
     337       1.1045
     338       1.1479
     339       1.0588
     340       1.0516
     341       1.0062
     342       1.0328
     343       1.1116
     344       1.1628
     345       1.1967
     346       1.2287
     347       1.2201
     348       1.2050
     349       1.2118
     350       1.2396
     351       1.2639
     352       1.2886
     353       1.3047
     354       1.2309
     355       1.2454
     356       1.2044
     357       1.1749
     358       1.1557
     359       1.1396
     360       1.1477
     361       1.0957
     362       1.0838
     363       1.1916
     364       1.1483
     365       1.1774
     366       1.1395
     367       1.2249
     368       1.2084
     369       1.2309
     370       1.1544
     371       1.1378
     372       1.2150
     373       1.1696
     374       1.1258
     375       1.1165
     376       1.1250
     377       1.1449
     378       1.0867
     379       1.1380
     380       1.1423
     381       1.1830
     382       1.1731
     383       1.0333
     384       1.0994
     385       1.0545
     386       1.1003
     387       1.1245
     388       1.2321
     389       1.2111
     390       1.0965
     391       1.1398
     392       1.0963
     393       1.1441
     394       1.1518
     395       1.2172
     396       1.1922
     397       1.1748
     398       1.1229
     399       1.2054
     400       1.1753
     401       1.1719
     402       1.1654
     403       1.2358
     404       1.2155
     405       1.2150
     406       1.1964
     407       1.2271
     408       1.2506
     409       1.2590
     410       1.2580
     411       1.2475
     412       1.3461
     413       1.3166
     414       1.3231
     415       1.3198
     416       1.3727
     417       1.3110
     418       1.2745
     419       1.3113
     420       1.3046
     421       1.1583
     422       1.1306
     423       1.1392
     424       1.0195
     425       1.0510
     426       1.0636
     427       1.0824
     428       1.0844
     429       1.0330
     430       1.0538
     431       1.1008
     432       1.1360
     433       1.1176
     434       1.0534
     435       1.1008
     436       1.0456
     437       1.1096
     438       1.0803
     439       1.1189
     440       1.1270
     441       1.0983
     442       1.0997
     443       1.1051
     444       1.1484
     445       1.1198
     446       1.0772
     447       1.1744
     448       1.1688
     449       1.1427
     450       1.2015
     451       1.1877
     452       1.2259
     453       1.2266
     454       1.1696
     455       1.1164
     456       1.1653
     457       1.0835
     458       1.0282
     459       1.0252
     460       1.0328
     461       1.1070
     462       1.1102
     463       1.1029
     464       1.0883
     465       1.1364
     466       1.1440
     467       1.0944
     468       1.1572
     469       1.1213
     470       1.1283
     471       1.1406
     472       1.2739
     473       1.2740
     474       1.2333
     475       1.2342
     476       1.1908
     477       1.3246
     478       1.2870
     479       1.2319
     480       1.2613
     481       1.1500
     482       1.1154
     483       1.2880
     484       1.2460
     485       1.3106
     486       1.3002
     487       1.2255
     488       1.1603
     489       1.1641
     490       1.1906
     491       1.1164
     492       1.0785
     493       1.0600
     494       1.0538
     495       1.1220
     496       1.0372
     497       1.1373
     498       1.0671
     499       1.0903
     500       1.0145
     501       1.0457
     502       1.0383
     503       1.0107
     504       1.0852
     505       1.0721
     506       1.0944
     507       1.0712
     508       1.1231
     509       1.2059
     510       1.0963
     511       1.1290
     512       1.0801
     513       1.0936
     514       1.0683
     515       1.0369
     516       1.0516
     517       1.0412
     518       1.0270
     519       0.9985
     520       0.9859
     521       1.0576
     522       1.0253
     523       1.1098
     524       1.0863
     525       1.0672
     526       1.0247
     527       0.9787
     528       1.0177
     529       1.0917
     530       1.0949
     531       1.0541
     532       1.0075
     533       1.0361
     534       1.0711
     535       1.1056
     536       1.1350
     537       1.0695
     538       1.1300
     539       1.0748
     540       1.0970
     541       1.1129
     542       1.0910
     543       1.0904
     544       1.1157
     545       1.1596
     546       1.2008
     547       1.0271
     548       1.0473
     549       1.0533
     550       1.0781
     551       1.1345
     552       1.1228
     553       1.0717
     554       1.0797
     555       1.1162
     556       1.0933
     557       1.0564
     558       1.0754
     559       1.0351
     560       1.0492
     561       1.0382
     562       1.0664
     563       1.0509
     564       1.0816
     565       1.0944
     566       1.1465
     567       1.0790
     568       1.1267
     569       1.0929
     570       1.1290
     571       1.0311
     572       1.0371
     573       1.0498
     574       1.0709
     575       1.0446
     576       1.0355
     577       1.0822
     578       1.0754
     579       1.0890
     580       1.0305
     581       1.1263
     582       1.0651
     583       1.0388
     584       0.9830
     585       1.0326
     586       1.1096
     587       1.1254
     588       1.1308
     589       1.2415
     590       1.2336
     591       1.2429
     592       1.1906
     593       1.2482
     594       1.2343
     595       1.2455
     596       1.2171
     597       1.1975
     598       1.1973
     599       1.2426
     600       1.2583
     601       1.1623
     602       1.1483
     603       1.2674
     604       1.2659
     605       1.2790
     606       1.2715
     607       1.4061
     608       1.4086
     609       1.4203
     610       1.4048
     611       1.3029
     612       1.3356
     613       1.3441
     614       1.3610
     615       1.2922
     616       1.2869
     617       1.3030
     618       1.2851
     619       1.1759
     620       1.1605
     621       1.1476
     622       1.1710
     623       1.1919
     624       1.1702
     625       1.2022
     626       1.2464
     627       1.2806
     628       1.2942
     629       1.2659
     630       1.1656
     631       1.1168
     632       1.1943
     633       1.2132
     634       1.1299
     635       1.1718
     636       1.1216
     637       1.0795
     638       1.0669
     639       1.1339
     640       1.1029
     641       1.0431
     642       1.0616
     643       1.0233
     644       1.0544
     645       1.0947
     646       1.1414
     647       1.1185
     648       1.0873
     649       1.0602
     650       1.1077
     651       1.1190
     652       1.0827
     653       1.1432
     654       1.0912
     655       1.1649
     656       1.1270
     657       1.1024
     658       1.0782
     659       0.9950
     660       0.9760
     661       0.9727
     662       0.9727
     663       0.9966
     664       0.9767
     665       1.0071
     666       1.0813
     667       1.0965
     668       1.0265
     669       1.1019
     670       1.1140
     671       1.1133
     672       1.0837
     673       1.1014
     674       1.1465
     675       1.1358
     676       1.0819
     677       1.0171
     678       1.0598
     679       1.0849
     680       1.0906
     681       1.1797
     682       1.0698
     683       1.0328
     684       1.0643
     685       1.0543
     686       1.0684
     687       1.0880
     688       1.1173
     689       1.0664
     690       1.1112
     691       1.0806
     692       1.0192
     693       1.0707
     694       1.0826
     695       1.1030
     696       1.1503
     697       1.0672
     698       1.0500
     699       1.1154
     700       1.1327
     701       1.1896
     702       1.1261
     703       1.1144
     704       1.0713
     705       1.1104
     706       1.1371
     707       1.1174
     708       1.0777
     709       1.0683
     710       1.1015
     711       1.0159
     712       1.1064
     713       1.1000
     714       1.0537
     715       1.0702
     716       1.0152
     717       1.0337
     718       1.0884
     719       1.0842
     720       1.1152
     721       1.1714
     722       1.1037
     723       1.0709
     724       1.1291
     725       1.0909
     726       1.0607
     727       1.1159
     728       1.1265
     729       1.0827
     730       1.0760
     731       1.1218
     732       1.1817
     733       1.1446
     734       1.1445
     735       1.1223
     736       1.1739
     737       1.2065
     738       1.1164
     739       1.1754
     740       1.1873
     741       1.1470
     742       1.0908
     743       1.1288
     744       1.0981
     745       1.1193
     746       1.1619
     747       1.1278
     748       1.0984
     749       1.1414
     750       1.1658
     751       1.1472
     752       1.1415
     753       1.1005
     754       1.1408
     755       1.1427
     756       1.1570
     757       1.1576
     758       1.1115
     759       1.1490
     760       1.0611
     761       1.0907
     762       1.0480
     763       0.9923
     764       1.0351
     765       1.0480
     766       1.0838
     767       1.0492
     768       1.0956
     769       1.1086
     770       1.1521
     771       1.1743
     772       1.1567
     773       1.0668
     774       1.0835
     775       1.1248
     776       1.1528
     777       1.1835
     778       1.1600
     779       1.1646
     780       1.1060
     781       1.0998
     782       1.1021
     783       1.0964
     784       1.0692
     785       1.0997
     786       1.0879
     787       1.1096
     788       1.1095
     789       1.0557
     790       1.0675
     791       1.0342
     792       1.1453
     793       1.0419
     794       1.0913
     795       1.0417
     796       1.1204
     797       1.0667
     798       1.0791
     799       1.1702
     800       1.1831
     801       1.1521
     802       1.2216
     803       1.1843
     804       1.2066
     805       1.2082
     806       1.1772
     807       1.0881
     808       1.0564
     809       1.1528
     810       1.1359
     811       1.1653
     812       1.1846
     813       1.1391
     814       1.1579
     815       1.1780
     816       1.2031
     817       1.3006
     818       1.2619
     819       1.2848
     820       1.1886
     821       1.2114
     822       1.1696
     823       1.2645
     824       1.2305
     825       1.2876
     826       1.2840
     827       1.1900
     828       1.2081
     829       1.2513
     830       1.2330
     831       1.1398
     832       1.2761
     833       1.3078
     834       1.2330
     835       1.1916
     836       1.1759
     837       1.1325
     838       1.1342
     839       1.1452
     840       1.1679
     841       1.1348
     842       1.1800
     843       1.2097
     844       1.1988
     845       1.2466
     846       1.1584
     847       1.2418
     848       1.2148
     849       1.2670
     850       1.2619
     851       1.2097
     852       1.1488
     853       1.1501
     854       1.1722
     855       1.2083
     856       1.2220
     857       1.2733
     858       1.1776
     859       1.2683
     860       1.1935
     861       1.2129
     862       1.1308
     863       1.1927
     864       1.1650
     865       1.1770
     866       1.2247
     867       1.2247
     868       1.2125
     869       1.1817
     870       1.2302
     871       1.2220
     872       1.1567
     873       1.2228
     874       1.1966
     875       1.1629
     876       1.2542
     877       1.2428
     878       1.2671
     879       1.2471
     880       1.2063
     881       1.2249
     882       1.1819
     883       1.2412
     884       1.0818
     885       1.0507
     886       1.0821
     887       1.1133
     888       1.0936
     889       1.1068
     890       1.1092
     891       1.1622
     892       1.1242
     893       1.0983
     894       1.1491
     895       1.1201
     896       1.1861
     897       1.1821
     898       1.1575
     899       1.1070
     900       1.0781
     901       1.0908
     902       1.1178
     903       1.1226
     904       1.1944
     905       1.1844
     906       1.1989
     907       1.1403
     908       1.1293
     909       1.0465
     910       1.1484
     911       1.1962
     912       1.2843
     913       1.1503
     914       1.0975
     915       1.1379
     916       1.0427
     917       1.0299
     918       1.1200
     919       1.0671
     920       1.0220
     921       1.0767
     922       1.1055
     923       1.1755
     924       1.1366
     925       1.1119
     926       1.0553
     927       1.0847
     928       1.1481
     929       1.1142
     930       1.0649
     931       1.1396
     932       1.0967
     933       1.1276
     934       1.1392
     935       1.1304
     936       1.2149
     937       1.2053
     938       1.2128
     939       1.2688
     940       1.1869
     941       1.3301
     942       1.2802
     943       1.2140
     944       1.2278
     945       1.1525
     946       1.1028
     947       1.1509
     948       1.2404
     949       1.1838
     950       1.2610
     951       1.1754
     952       1.1836
     953       1.2055
     954       1.1736
     955       1.2155
     956       1.1600
     957       1.2283
     958       1.1920
     959       1.1753
     960       1.1197
     961       1.1021
     962       1.0256
     963       1.0551
     964       1.0836
     965       1.0472
     966       1.0577
     967       1.0794
     968       1.0957
     969       1.0487
     970       1.0536
     971       1.0489
     972       1.0495
     973       1.0770
     974       1.1427
     975       1.1295
     976       1.1502
     977       1.1452
     978       1.0550
     979       1.1608
     980       1.1549
     981       1.0903
     982       1.1318
     983       1.1945
     984       1.2156
     985       1.1754
     986       1.1837
     987       1.1479
     988       1.0921
     989       1.0812
     990       1.0786
     991       1.0694
     992       1.0831
     993       1.1402
     994       1.1220
     995       1.1539
     996       1.1435
     997       1.1607
     998       1.1597
     999       1.1361
    1000       1.1043
    1001       1.1247
    1002       1.1787
    1003       1.1399
    1004       1.2154
    1005       1.1847
    1006       1.1336
    1007       1.1311
    1008       1.1288
    1009       1.1281
    1010       1.1586
    1011       1.1125
    1012       1.1427
    1013       1.1442
    1014       1.1527
    1015       1.2231
    1016       1.1892
    1017       1.1542
    1018       1.1927
    1019       1.1206
    1020       1.1614
    1021       1.1336
    1022       1.1556
    1023       1.1077
    1024       1.1911
    1025       1.2102
    1026       1.1261
    1027       1.1347
    1028       1.2192
    1029       1.2057
    1030       1.2036
    1031       1.2486
    1032       1.2602
    1033       1.1866
    1034       1.1783
    1035       1.1526
    1036       1.1690
    1037       1.1735
    1038       1.2302
    1039       1.2420
    1040       1.2573
    1041       1.2198
    1042       1.2157
    1043       1.2267
    1044       1.2045
    1045       1.2257
    1046       1.2802
    1047       1.2426
    1048       1.2169
    1049       1.2228
    1050       1.1991
    1051       1.1700
    1052       1.1692
    1053       1.1764
    1054       1.1515
    1055       1.1289
    1056       1.1979
    1057       1.2533
    1058       1.2099
    1059       1.2345
    1060       1.1935
    1061       1.2211
    1062       1.1200
    1063       1.1802
    1064       1.1755
    1065       1.1539
    1066       1.1096
    1067       1.1701
    1068       1.1880
    1069       1.1732
    1070       1.2343
    1071       1.2181
    1072       1.1861
    1073       1.1803
    1074       1.1616
    1075       1.1622
    1076       1.2140
    1077       1.2629
    1078       1.2695
    1079       1.3076
    1080       1.2684
    1081       1.2519
    1082       1.1452
    1083       1.1955
    1084       1.1712
    1085       1.1494
    1086       1.1898
    1087       1.1098
    1088       1.1198
    1089       1.1218
    1090       1.1085
    1091       1.1614
    1092       1.1185
    1093       1.1414
    1094       1.1386
    1095       1.2315
    1096       1.2019
    1097       1.1979
    1098       1.2475
    1099       1.2256
    1100       1.2471
    1101       1.2421
    1102       1.1354
    1103       1.1786
    1104       1.2329
    1105       1.2751
    1106       1.2637
    1107       1.2369
    1108       1.1388
    1109       1.1729
    1110       1.1648
    1111       1.2031
    1112       1.2432
    1113       1.1469
    1114       1.1594
    1115       1.1461
    1116       1.1548
    1117       1.1182
    1118       1.1066
    1119       1.1011
    1120       1.1183
    1121       1.1152
    1122       1.0398
    1123       1.0936
    1124       1.1091
    1125       1.0877
    1126       1.0779
    1127       1.1674
    1128       1.1737
    1129       1.2074
    1130       1.1393
    1131       1.1542
    1132       1.1120
    1133       1.1541
    1134       1.2196
    1135       1.2395
    1136       1.1673
    1137       1.2448
    1138       1.1763
    1139       1.2324
    1140       1.2222
    1141       1.2455
    1142       1.1589
    1143       1.1545
    1144       1.1761
    1145       1.1258
    1146       1.1468
    1147       1.1384
    1148       1.1591
    1149       1.1590
    1150       1.1932
    1151       1.2165
    1152       1.2352
    1153       1.2182
    1154       1.2778
    1155       1.2397
    1156       1.2220
    1157       1.2575
    1158       1.2309
    1159       1.1779
    1160       1.2335
    1161       1.1949
    1162       1.2160
    1163       1.2154
    1164       1.1676
    1165       1.2219
    1166       1.2239
    1167       1.2514
    1168       1.2705
    1169       1.3086
    1170       1.3378
    1171       1.3558
    1172       1.3373
    1173       1.3379
    1174       1.4073
    1175       1.4536
    1176       1.4382
    1177       1.3795
    1178       1.3888
    1179       1.2876
    1180       1.3573
    1181       1.3145
    1182       1.3109
    1183       1.3264
    1184       1.3902
    1185       1.3875
    1186       1.4424
    1187       1.3768
    1188       1.3139
    1189       1.3155
    1190       1.3349
    1191       1.3337
    1192       1.2999
    1193       1.3671
    1194       1.3250
    1195       1.3004
    1196       1.2627
    1197       1.3150
    1198       1.3347
    1199       1.3212
    1200       1.2608
    1201       1.2557
    1202       1.2557
    1203       1.2606
    1204       1.2702
    1205       1.2453
    1206       1.2530
    1207       1.3036
    1208       1.3418
    1209       1.3279
    1210       1.2856
    1211       1.3453
    1212       1.2814
    1213       1.2939
    1214       1.2792
    1215       1.2208
    1216       1.2091
    1217       1.1863
    1218       1.2352
    1219       1.2046
    1220       1.2141
    1221       1.2269
    1222       1.1505
    1223       1.1584
    1224       1.1712
    1225       1.2501
    1226       1.2482
    1227       1.2472
    1228       1.1066
    1229       1.1109
    1230       1.1638
    1231       1.1116
    1232       1.1579
    1233       1.2085
    1234       1.3103
    1235       1.2116
    1236       1.2363
    1237       1.2106
    1238       1.1748
    1239       1.2663
    1240       1.2773
    1241       1.2751
    1242       1.4151
    1243       1.4158
    1244       1.3017
    1245       1.2704
    1246       1.2363
    1247       1.1817
    1248       1.2206
    1249       1.3195
    1250       1.2744
    1251       1.2795
    1252       1.2272
    1253       1.1875
    1254       1.2411
    1255       1.2631
    1256       1.1985
    1257       1.1833
    1258       1.1373
    1259       1.1735
    1260       1.1495
    1261       1.1349
    1262       1.0901
    1263       1.1411
    1264       1.1843
    1265       1.1607
    1266       1.1727
    1267       1.1484
    1268       1.1331
    1269       1.2006
    1270       1.1972
    1271       1.0887
    1272       1.1924
    1273       1.1497
    1274       1.1620
    1275       1.1807
    1276       1.2281
    1277       1.1811
    1278       1.2074
    1279       1.1835
    1280       1.1379
    1281       1.1730
    1282       1.1822
    1283       1.1635
    1284       1.1651
    1285       1.1618
    1286       1.2147
    1287       1.2603
    1288       1.2475
    1289       1.2486
    1290       1.1938
    1291       1.1619
    1292       1.1853
    1293       1.1672
    1294       1.1556
    1295       1.1750
    1296       1.2400
    1297       1.2617
    1298       1.2797
    1299       1.2809
    1300       1.2809
    1301       1.3597
    1302       1.2640
    1303       1.2375
    1304       1.2590
    1305       1.2705
    1306       1.2304
    1307       1.3159
    1308       1.2404
    1309       1.2064
    1310       1.1994
    1311       1.2763
    1312       1.2021
    1313       1.3029
    1314       1.3018
    1315       1.2998
    1316       1.2633
    1317       1.3259
    1318       1.2590
    1319       1.3083
    1320       1.3301
    1321       1.3333
    1322       1.3012
    1323       1.2496
    1324       1.3101
    1325       1.3029
    1326       1.2812
    1327       1.3009
    1328       1.3244
    1329       1.3521
    1330       1.3299
    1331       1.3477
    1332       1.3629
    1333       1.3804
    1334       1.3650
    1335       1.4599
    1336       1.3528
    1337       1.4368
    1338       1.2899
    1339       1.3795
    1340       1.4640
    1341       1.4098
    1342       1.4303
    1343       1.4095
    1344       1.3666
    1345       1.3941
    1346       1.3059
    1347       1.3097
    1348       1.3543
    1349       1.3308
    1350       1.3697
    1351       1.3214
    1352       1.3938
    1353       1.3894
    1354       1.4060
    1355       1.3447
    1356       1.3202
    1357       1.2246
    1358       1.2687
    1359       1.2473
    1360       1.2283
    1361       1.2683
    1362       1.2754
    1363       1.3266
    1364       1.3839
    1365       1.4179
    1366       1.4631
    1367       1.3971
    1368       1.4218
    1369       1.3774
    1370       1.4803
    1371       1.4022
    1372       1.3223
    1373       1.2599
    1374       1.2860
    1375       1.2676
    1376       1.1851
    1377       1.1810
    1378       1.1922
    1379       1.2166
    1380       1.2752
    1381       1.2326
    1382       1.2990
    1383       1.1966
    1384       1.1772
    1385       1.1998
    1386       1.1389
    1387       1.1866
    1388       1.1895
    1389       1.1536
    1390       1.1589
    1391       1.1930
    1392       1.2238
    1393       1.2478
    1394       1.2268
    1395       1.2372
    1396       1.2189
    1397       1.1958
    1398       1.2369
    1399       1.2425
    1400       1.2095
    1401       1.2683
    1402       1.1985
    1403       1.2244
    1404       1.1898
    1405       1.1654
    1406       1.1999
    1407       1.2705
    1408       1.3662
    1409       1.3043
    1410       1.2615
    1411       1.2434
    1412       1.3040
    1413       1.2568
    1414       1.3097
    1415       1.3079
    1416       1.2391
    1417       1.2778
    1418       1.3101
    1419       1.2786
    1420       1.3003
    1421       1.2318
    1422       1.2502
    1423       1.2817
    1424       1.2010
    1425       1.2482
    1426       1.2790
    1427       1.2894
    1428       1.1709
    1429       1.2444
    1430       1.2499
    1431       1.2075
    1432       1.1779
    1433       1.1837
    1434       1.1337
    1435       1.1513
    1436       1.2110
    1437       1.2168
    1438       1.2086
    1439       1.3280
    1440       1.2423
    1441       1.2790
    1442       1.2308
    1443       1.2608
    1444       1.1924
    1445       1.1873
    1446       1.2026
    1447       1.2989
    1448       1.3174
    1449       1.3182
    1450       1.2985
    1451       1.3484
    1452       1.3314
    1453       1.2567
    1454       1.2313
    1455       1.2415
    1456       1.2589
    1457       1.2710
    1458       1.2521
    1459       1.2622
    1460       1.3129
    1461       1.2217
    1462       1.2861
    1463       1.2364
    1464       1.2827
    1465       1.2521
    1466       1.3175
    1467       1.2765
    1468       1.2687
    1469       1.3605
    1470       1.3609
    1471       1.3856
    1472       1.3790
    1473       1.3706
    1474       1.3590
    1475       1.3622
    1476       1.4066
    1477       1.3803
    1478       1.3526
    1479       1.2672
    1480       1.3323
    1481       1.3300
    1482       1.3151
    1483       1.2793
    1484       1.3148
    1485       1.2700
    1486       1.2186
    1487       1.2288
    1488       1.1892
    1489       1.1768
    1490       1.1465
    1491       1.1716
    1492       1.0984
    1493       1.0744
    1494       1.1063
    1495       1.1209
    1496       1.0429
    1497       1.0066
    1498       1.1074
    1499       1.0830
    1500       1.0691
    1501       1.0100
    1502       1.1722
    1503       1.1356
    1504       1.1134
    1505       1.1500
    1506       1.2566
    1507       1.2519
    1508       1.1868
    1509       1.2096
    1510       1.2273
    1511       1.1714
    1512       1.1816
    1513       1.1381
    1514       1.2154
    1515       1.1988
    1516       1.2059
    1517       1.2380
    1518       1.1509
    1519       1.1187
    1520       1.1556
    1521       1.0975
    1522       1.1234
    1523       1.1271
    1524       1.1471
    1525       1.1463
    1526       1.2021
    1527       1.1422
    1528       1.1839
    1529       1.1678
    1530       1.1494
    1531       1.2493
    1532       1.3328
    1533       1.3085
    1534       1.2593
    1535       1.2296
    1536       1.2505
    1537       1.1621
    1538       1.2123
    1539       1.1901
    1540       1.1764
    1541       1.1822
    1542       1.2487
    1543       1.1733
    1544       1.1661
    1545       1.2030
    1546       1.1960
    1547       1.1924
    1548       1.1128
    1549       1.2157
    1550       1.2199
    1551       1.1873
    1552       1.1929
    1553       1.2496
    1554       1.2499
    1555       1.1972
    1556       1.2575
    1557       1.2921
    1558       1.3370
    1559       1.3143
    1560       1.2768
    1561       1.3048
    1562       1.3888
    1563       1.3037
    1564       1.2312
    1565       1.1903
    1566       1.2177
    1567       1.2121
    1568       1.2085
    1569       1.2543
    1570       1.1834
    1571       1.1842
    1572       1.1818
    1573       1.2193
    1574       1.1713
    1575       1.1537
    1576       1.1667
    1577       1.1624
    1578       1.2047
    1579       1.1675
    1580       1.2011
    1581       1.2012
    1582       1.1457
    1583       1.2300
    1584       1.1342
    1585       1.1912
    1586       1.1243
    1587       1.1986
    1588       1.1650
    1589       1.1467
    1590       1.1723
    1591       1.1678
    1592       1.2142
    1593       1.2374
    1594       1.2563
    1595       1.2518
    1596       1.3600
    1597       1.3693
    1598       1.4125
    1599       1.4728
    1600       1.4068
    1601       1.4185
    1602       1.4124
    1603       1.4730
    1604       1.4784
    1605       1.3805
    1606       1.3897
    1607       1.3042
    1608       1.3167
    1609       1.2481
    1610       1.3687
    1611       1.3232
    1612       1.3419
    1613       1.3747
    1614       1.4086
    1615       1.4186
    1616       1.5100
    1617       1.4802
    1618       1.3933
    1619       1.5677
    1620       1.4867
    1621       1.5694
    1622       1.5839
    1623       1.6246
    1624       1.4969
    1625       1.4551
    1626       1.5031
    1627       1.5358
    1628       1.4981
    1629       1.5468
    1630       1.5607
    1631       1.5140
    1632       1.5110
    1633       1.5009
    1634       1.5037
    1635       1.5166
    1636       1.5708
    1637       1.6110
    1638       1.6132
    1639       1.5637
    1640       1.4420
    1641       1.4584
    1642       1.4644
    1643       1.3858
    1644       1.3210
    1645       1.3928
    1646       1.3276
    1647       1.4534
    1648       1.4496
    1649       1.4181
    1650       1.4098
    1651       1.4324
    1652       1.3639
    1653       1.3407
    1654       1.4195
    1655       1.3920
    1656       1.3477
    1657       1.2703
    1658       1.2426
    1659       1.2067
    1660       1.1792
    1661       1.1965
    1662       1.2168
    1663       1.2141
    1664       1.3164
    1665       1.2280
    1666       1.3145
    1667       1.2914
    1668       1.2092
    1669       1.2127
    1670       1.1994
    1671       1.1940
    1672       1.2275
    1673       1.1915
    1674       1.1700
    1675       1.2130
    1676       1.2943
    1677       1.1992
    1678       1.2226
    1679       1.1564
    1680       1.2505
    1681       1.2260
    1682       1.2291
    1683       1.3268
    1684       1.2396
    1685       1.1922
    1686       1.1917
    1687       1.2085
    1688       1.2394
    1689       1.1942
    1690       1.1791
    1691       1.2480
    1692       1.1926
    1693       1.1495
    1694       1.1836
    1695       1.1692
    1696       1.1176
    1697       1.2649
    1698       1.1937
    1699       1.1685
    1700       1.1909
    1701       1.2424
    1702       1.1688
    1703       1.2122
    1704       1.3146
    1705       1.2486
    1706       1.2491
    1707       1.2677
    1708       1.2593
    1709       1.1928
    1710       1.1723
    1711       1.1656
    1712       1.1312
    1713       1.1819
    1714       1.1929
    1715       1.2340
    1716       1.2363
    1717       1.2284
    1718       1.3212
    1719       1.3660
    1720       1.3500
    1721       1.3785
    1722       1.3468
    1723       1.3906
    1724       1.3928
    1725       1.3427
    1726       1.3316
    1727       1.3598
    1728       1.3241
    1729       1.3362
    1730       1.3344
    1731       1.3177
    1732       1.4441
    1733       1.4177
    1734       1.3932
    1735       1.4001
    1736       1.4015
    1737       1.4495
    1738       1.3763
    1739       1.3888
    1740       1.2957
    1741       1.2305
    1742       1.2824
    1743       1.2114
    1744       1.2367
    1745       1.3137
    1746       1.3313
    1747       1.2768
    1748       1.3268
    1749       1.3242
    1750       1.3671
    1751       1.3305
    1752       1.3132
    1753       1.3272
    1754       1.3510
    1755       1.3173
    1756       1.2830
    1757       1.2780
    1758       1.2704
    1759       1.2838
    1760       1.3137
    1761       1.3006
    1762       1.3191
    1763       1.3407
    1764       1.3295
    1765       1.3640
    1766       1.4147
    1767       1.4153
    1768       1.3544
    1769       1.4345
    1770       1.4245
    1771       1.4290
    1772       1.5418
    1773       1.4869
    1774       1.4937
    1775       1.4659
    1776       1.5354
    1777       1.5318
    1778       1.5196
    1779       1.5334
    1780       1.4951
    1781       1.5180
    1782       1.4857
    1783       1.4414
    1784       1.4217
    1785       1.4199
    1786       1.3884
    1787       1.3795
    1788       1.3975
    1789       1.3723
    1790       1.2760
    1791       1.2650
    1792       1.2907
    1793       1.2695
    1794       1.3197
    1795       1.2646
    1796       1.2292
    1797       1.2923
    1798       1.3248
    1799       1.4137
    1800       1.4504
    1801       1.4699
    1802       1.4090
    1803       1.4091
    1804       1.4474
    1805       1.4255
    1806       1.2819
    1807       1.3480
    1808       1.3416
    1809       1.3112
    1810       1.2912
    1811       1.3384
    1812       1.3326
    1813       1.4055
    1814       1.2997
    1815       1.3872
    1816       1.4099
    1817       1.3615
    1818       1.3867
    1819       1.4124
    1820       1.4002
    1821       1.3175
    1822       1.3426
    1823       1.3466
    1824       1.2731
    1825       1.3900
    1826       1.3198
    1827       1.2877
    1828       1.3400
    1829       1.3420
    1830       1.3382
    1831       1.3830
    1832       1.3668
    1833       1.4083
    1834       1.3576
    1835       1.3548
    1836       1.3933
    1837       1.3122
    1838       1.2857
    1839       1.2752
    1840       1.2711
    1841       1.2596
    1842       1.2795
    1843       1.2760
    1844       1.2585
    1845       1.3662
    1846       1.3221
    1847       1.2605
    1848       1.2986
    1849       1.3855
    1850       1.3661
    1851       1.3600
    1852       1.3080
    1853       1.4194
    1854       1.4606
    1855       1.4550
    1856       1.5123
    1857       1.4802
    1858       1.5408
    1859       1.4612
    1860       1.4537
    1861       1.3744
    1862       1.5299
    1863       1.5182
    1864       1.4743
    1865       1.4812
    1866       1.3824
    1867       1.3283
    1868       1.2733
    1869       1.2854
    1870       1.2473
    1871       1.3114
    1872       1.3311
    1873       1.3272
    1874       1.3384
    1875       1.2418
    1876       1.2332
    1877       1.2869
    1878       1.3221
    1879       1.3602
    1880       1.4094
    1881       1.4205
    1882       1.4432
    1883       1.4029
    1884       1.4446
    1885       1.4465
    1886       1.5285
    1887       1.4393
    1888       1.4980
    1889       1.5160
    1890       1.4714
    1891       1.4520
    1892       1.3994
    1893       1.3688
    1894       1.3355
    1895       1.3221
    1896       1.3574
    1897       1.4124
    1898       1.3414
    1899       1.3159
    1900       1.3564
    1901       1.3603
    1902       1.3742
    1903       1.3565
    1904       1.2762
    1905       1.3503
    1906       1.3260
    1907       1.2366
    1908       1.2742
    1909       1.2183
    1910       1.2458
    1911       1.2429
    1912       1.2925
    1913       1.3492
    1914       1.3109
    1915       1.3614
    1916       1.3697
    1917       1.3797
    1918       1.3354
    1919       1.3037
    1920       1.3190
    1921       1.3219
    1922       1.3616
    1923       1.4099
    1924       1.4290
    1925       1.4508
    1926       1.4102
    1927       1.4475
    1928       1.4674
    1929       1.4023
    1930       1.4973
    1931       1.5109
    1932       1.4796
    1933       1.5323
    1934       1.5328
    1935       1.4642
    1936       1.4389
    1937       1.4134
    1938       1.4200
    1939       1.4494
    1940       1.4615
    1941       1.4285
    1942       1.4498
    1943       1.3418
    1944       1.3573
    1945       1.4535
    1946       1.4538
    1947       1.4014
    1948       1.3962
    1949       1.3799
    1950       1.4106
    1951       1.3799
    1952       1.3395
    1953       1.3860
    1954       1.4371
    1955       1.3557
    1956       1.3842
    1957       1.3852
    1958       1.3732
    1959       1.3927
    1960       1.3868
    1961       1.3564
    1962       1.4112
    1963       1.4691
    1964       1.3748
    1965       1.4166
    1966       1.4549
    1967       1.3996
    1968       1.3360
    1969       1.4178
    1970       1.4423
    1971       1.4253
    1972       1.4122
    1973       1.3444
    1974       1.3696
    1975       1.3436
    1976       1.3733
    1977       1.4035
    1978       1.4291
    1979       1.3743
    1980       1.3833
    1981       1.3345
    1982       1.3744
    1983       1.4013
    1984       1.3978
    1985       1.3479
    1986       1.3864
    1987       1.4311
    1988       1.4225
    1989       1.4702
    1990       1.4129
    1991       1.3596
    1992       1.4013
    1993       1.3560
    1994       1.3353
    1995       1.3634
    1996       1.3548
    1997       1.3235
    1998       1.3571
    1999       1.3588
    2000       1.3056
    2001       1.3473
    2002       1.3385
    2003       1.3365
    2004       1.3721
    2005       1.2942
    2006       1.2851
    2007       1.2841
    2008       1.3477
    2009       1.3261
    2010       1.2602
    2011       1.3669
    2012       1.3213
    2013       1.3215
    2014       1.3706
    2015       1.3737
    2016       1.3048
    2017       1.3701
    2018       1.3513
    2019       1.3041
    2020       1.3645
    2021       1.4091
    2022       1.4022
    2023       1.4281
    2024       1.4085
    2025       1.4675
    2026       1.4318
    2027       1.3163
    2028       1.4052
    2029       1.4077
    2030       1.3977
    2031       1.3981
    2032       1.3844
    2033       1.3652
    2034       1.4239
    2035       1.4165
    2036       1.4261
    2037       1.4035
    2038       1.3993
    2039       1.3877
    2040       1.3538
    2041       1.3560
    2042       1.4184
    2043       1.3149
    2044       1.4042
    2045       1.3937
    2046       1.3692
    2047       1.3993
    2048       1.4209
    2049       1.4707
    2050       1.4445
    2051       1.3900
    2052       1.3334
    2053       1.4682
    2054       1.3649
    2055       1.4493
    2056       1.4323
    2057       1.4102
    2058       1.3132
    2059       1.2917
    2060       1.2511
    2061       1.2941
    2062       1.3552
    2063       1.3438
    2064       1.3308
    2065       1.3920
    2066       1.2837
    2067       1.2786
    2068       1.3074
    2069       1.3692
    2070       1.2824
    2071       1.3217
    2072       1.3289
    2073       1.2751
    2074       1.3914
    2075       1.3873
    2076       1.3682
    2077       1.4083
    2078       1.4841
    2079       1.3493
    2080       1.3680
    2081       1.3956
    2082       1.3839
    2083       1.4606
    2084       1.4115
    2085       1.4163
    2086       1.3838
    2087       1.4146
    2088       1.3639
    2089       1.3845
    2090       1.3520
    2091       1.3211
    2092       1.2966
    2093       1.4119
    2094       1.3787
    2095       1.3213
    2096       1.4151
    2097       1.4108
    2098       1.4417
    2099       1.3842
    2100       1.3152
    2101       1.4191
    2102       1.3424
    2103       1.3723
    2104       1.4283
    2105       1.3486
    2106       1.3758
    2107       1.3073
    2108       1.3244
    2109       1.2727
    2110       1.2858
    2111       1.2794
    2112       1.4020
    2113       1.3554
    2114       1.3650
    2115       1.3110
    2116       1.3351
    2117       1.3562
    2118       1.3721
    2119       1.3564
    2120       1.4351
    2121       1.4156
    2122       1.4531
    2123       1.4526
    2124       1.4079
    2125       1.4389
    2126       1.4099
    2127       1.4535
    2128       1.4940
    2129       1.4563
    2130       1.5433
    2131       1.4919
    2132       1.4087
    2133       1.4153
    2134       1.3714
    2135       1.5236
    2136       1.5688
    2137       1.5531
    2138       1.6021
    2139       1.5498
    2140       1.4556
    2141       1.3436
    2142       1.3341
    2143       1.3093
    2144       1.3434
    2145       1.3638
    2146       1.4314
    2147       1.3990
    2148       1.4125
    2149       1.3398
    2150       1.3027
    2151       1.4166
    2152       1.3863
    2153       1.4055
    2154       1.3802
    2155       1.3576
    2156       1.3851
    2157       1.4458
    2158       1.4245
    2159       1.4178
    2160       1.2360
    2161       1.2678
    2162       1.3244
    2163       1.4454
    2164       1.3971
    2165       1.3454
    2166       1.3646
    2167       1.3061
    2168       1.3105
    2169       1.2754
    2170       1.3270
    2171       1.3387
    2172       1.3104
    2173       1.2230
    2174       1.3025
    2175       1.2335
    2176       1.2865
    2177       1.3096
    2178       1.3523
    2179       1.3441
    2180       1.3310
    2181       1.3664
    2182       1.3533
    2183       1.2949
    2184       1.2498
    2185       1.2878
    2186       1.3402
    2187       1.3632
    2188       1.3757
    2189       1.3922
    2190       1.3096
    2191       1.2621
    2192       1.3221
    2193       1.3973
    2194       1.3351
    2195       1.4059
    2196       1.3767
    2197       1.3669
    2198       1.3295
    2199       1.2894
    2200       1.2999
    2201       1.3126
    2202       1.3394
    2203       1.3452
    2204       1.3027
    2205       1.3081
    2206       1.2551
    2207       1.2913
    2208       1.2895
    2209       1.2686
    2210       1.3123
    2211       1.3284
    2212       1.3123
    2213       1.2650
    2214       1.3343
    2215       1.3308
    2216       1.3531
    2217       1.3162
    2218       1.3564
    2219       1.2427
    2220       1.3405
    2221       1.3327
    2222       1.2779
    2223       1.3959
    2224       1.3820
    2225       1.3872
    2226       1.3986
    2227       1.4455
    2228       1.4028
    2229       1.4006
    2230       1.3565
    2231       1.3069
    2232       1.3036
    2233       1.2893
    2234       1.3361
    2235       1.4551
    2236       1.3730
    2237       1.3311
    2238       1.3266
    2239       1.2881
    2240       1.2570
    2241       1.2970
    2242       1.3076
    2243       1.3108
    2244       1.2952
    2245       1.3362
    2246       1.2637
    2247       1.3557
    2248       1.3702
    2249       1.3320
    2250       1.3894
    2251       1.4015
    2252       1.3908
    2253       1.3191
    2254       1.3535
    2255       1.4848
    2256       1.4449
    2257       1.3868
    2258       1.4159
    2259       1.3233
    2260       1.3731
    2261       1.3436
    2262       1.4455
    2263       1.4206
    2264       1.4236
    2265       1.4189
    2266       1.4072
    2267       1.4223
    2268       1.4062
    2269       1.4033
    2270       1.4324
    2271       1.4101
    2272       1.4411
    2273       1.3380
    2274       1.3420
    2275       1.4519
    2276       1.4732
    2277       1.4375
    2278       1.4219
    2279       1.4664
    2280       1.4059
    2281       1.3987
    2282       1.3401
    2283       1.3829
    2284       1.3952
    2285       1.4662
    2286       1.4916
    2287       1.4517
    2288       1.4874
    2289       1.5641
    2290       1.5766
    2291       1.5809
    2292       1.4725
    2293       1.4761
    2294       1.5311
    2295       1.5181
    2296       1.4931
    2297       1.5779
    2298       1.6181
    2299       1.5445
    2300       1.4977
    2301       1.5649
    2302       1.5936
    2303       1.6284
    2304       1.6063
    2305       1.6093
    2306       1.5100
    2307       1.5665
    2308       1.5355
    2309       1.5803
    2310       1.6623
    2311       1.5782
    2312       1.5776
    2313       1.5188
    2314       1.5494
    2315       1.5998
    2316       1.5235
    2317       1.5379
    2318       1.6322
    2319       1.6519
    2320       1.5428
    2321       1.5189
    2322       1.4560
    2323       1.4756
    2324       1.4910
    2325       1.4918
    2326       1.4386
    2327       1.4534
    2328       1.3956
    2329       1.3639
    2330       1.4114
    2331       1.4426
    2332       1.4756
    2333       1.4578
    2334       1.4788
    2335       1.4146
    2336       1.4741
    2337       1.4435
    2338       1.5625
    2339       1.6439
    2340       1.6227
    2341       1.5372
    2342       1.6149
    2343       1.5323
    2344       1.4802
    2345       1.6124
    2346       1.4677
    2347       1.4896
    2348       1.5068
    2349       1.5572
    2350       1.6629
    2351       1.7314
    2352       1.6647
    2353       1.7655
    2354       1.7513
    2355       1.7352
    2356       1.7420
    2357       1.6631
    2358       1.6622
    2359       1.6795
    2360       1.6003
    2361       1.6213
    2362       1.5734
    2363       1.5935
    2364       1.5330
    2365       1.4615
    2366       1.5475
    2367       1.4985
    2368       1.5018
    2369       1.4900
    2370       1.4378
    2371       1.4645
    2372       1.4488
    2373       1.4398
    2374       1.5089
    2375       1.5084
    2376       1.5384
    2377       1.5054
    2378       1.4489
    2379       1.4951
    2380       1.6042
    2381       1.5331
    2382       1.4694
    2383       1.4580
    2384       1.4212
    2385       1.4562
    2386       1.4656
    2387       1.5518
    2388       1.4560
    2389       1.4461
    2390       1.4781
    2391       1.4888
    2392       1.4695
    2393       1.5845
    2394       1.5411
    2395       1.5634
    2396       1.6314
    2397       1.6276
    2398       1.6757
    2399       1.5959
    2400       1.5507
    2401       1.6508
    2402       1.5582
    2403       1.6680
    2404       1.5331
    2405       1.5530
    2406       1.5169
    2407       1.5338
    2408       1.5355
    2409       1.6089
    2410       1.5594
    2411       1.5608
    2412       1.5442
    2413       1.5578
    2414       1.5397
    2415       1.5941
    2416       1.5280
    2417       1.4023
    2418       1.3971
    2419       1.5218
    2420       1.5938
    2421       1.7250
    2422       1.6591
    2423       1.6133
    2424       1.6566
    2425       1.7044
    2426       1.6756
    2427       1.6425
    2428       1.6951
    2429       1.7121
    2430       1.7118
    2431       1.7846
    2432       1.7246
    2433       1.6836
    2434       1.6558
    2435       1.6997
    2436       1.5845
    2437       1.5450
    2438       1.5488
    2439       1.6223
    2440       1.5258
    2441       1.5660
    2442       1.5233
    2443       1.5656
    2444       1.6339
    2445       1.5598
    2446       1.6344
    2447       1.6066
    2448       1.5868
    2449       1.5940
    2450       1.5887
    2451       1.5616
    2452       1.5797
    2453       1.5252
    2454       1.5127
    2455       1.5614
    2456       1.6855
    2457       1.6883
    2458       1.6727
    2459       1.6564
    2460       1.7167
    2461       1.7008
    2462       1.7100
    2463       1.6475
    2464       1.6425
    2465       1.5579
    2466       1.5164
    2467       1.5513
    2468       1.6572
    2469       1.5528
    2470       1.5697
    2471       1.6123
    2472       1.6662
    2473       1.6927
    2474       1.7384
    2475       1.6966
    2476       1.6495
    2477       1.6386
    2478       1.6178
    2479       1.5886
    2480       1.6301
    2481       1.6312
    2482       1.6601
    2483       1.6390
    2484       1.6298
    2485       1.5919
    2486       1.5580
    2487       1.6199
    2488       1.6050
    2489       1.5760
    2490       1.6117
    2491       1.6547
    2492       1.6086
    2493       1.5554
    2494       1.5759
    2495       1.5720
    2496       1.5348
    2497       1.5629
    2498       1.5990
    2499       1.5477
    2500       1.6039
    2501       1.5891
    2502       1.6564
    2503       1.6250
    2504       1.6156
    2505       1.6376
    2506       1.5903
    2507       1.6208
    2508       1.5685
    2509       1.6024
    2510       1.6885
    2511       1.6397
    2512       1.6408
    2513       1.6735
    2514       1.6129
    2515       1.5668
    2516       1.5554
    2517       1.5113
    2518       1.5422
    2519       1.5490
    2520       1.6222
    2521       1.6291
    2522       1.6511
    2523       1.6177
    2524       1.6113
    2525       1.5155
    2526       1.5795
    2527       1.5736
    2528       1.5888
    2529       1.5882
    2530       1.5642
    2531       1.5621
    2532       1.6478
    2533       1.6607
    2534       1.6278
    2535       1.5545
    2536       1.5772
    2537       1.6045
    2538       1.5441
    2539       1.5597
    2540       1.6107
    2541       1.5649
    2542       1.5359
    2543       1.4654
    2544       1.5759
    2545       1.5750
    2546       1.6124
    2547       1.5995
    2548       1.5910
    2549       1.6164
    2550       1.6286
    2551       1.6078
    2552       1.6047
    2553       1.6395
    2554       1.5246
    2555       1.4938
    2556       1.6095
    2557       1.6031
    2558       1.6312
    2559       1.6323
    2560       1.6012
    2561       1.6354
    2562       1.5517
    2563       1.5655
    2564       1.5525
    2565       1.5415
    2566       1.5259
    2567       1.5143
    2568       1.7018
    2569       1.6317
    2570       1.6190
    2571       1.6800
    2572       1.6118
    2573       1.4680
    2574       1.4508
    2575       1.5054
    2576       1.5833
    2577       1.5052
    2578       1.5240
    2579       1.5152
    2580       1.6516
    2581       1.5995
    2582       1.7248
    2583       1.6833
    2584       1.5864
    2585       1.7099
    2586       1.5867
    2587       1.5494
    2588       1.6018
    2589       1.6128
    2590       1.5418
    2591       1.4794
    2592       1.5889
    2593       1.5732
    2594       1.5303
    2595       1.5618
    2596       1.5001
    2597       1.5536
    2598       1.6836
    2599       1.7093
    2600       1.7810
    2601       1.6876
    2602       1.7672
    2603       1.8409
    2604       1.8021
    2605       1.8202
    2606       1.9010
    2607       1.8652
    2608       1.7563
    2609       1.6939
    2610       1.6795
    2611       1.6288
    2612       1.6071
    2613       1.6438
    2614       1.7085
    2615       1.7079
    2616       1.6213
    2617       1.6311
    2618       1.5789
    2619       1.5684
    2620       1.6405
    2621       1.6370
    2622       1.6218
    2623       1.5870
    2624       1.6320
    2625       1.6281
    2626       1.6169
    2627       1.5815
    2628       1.6371
    2629       1.6189
    2630       1.6775
    2631       1.6690
    2632       1.7299
    2633       1.6405
    2634       1.6801
    2635       1.6743
    2636       1.7294
    2637       1.6869
    2638       1.7083
    2639       1.6118
    2640       1.5278
    2641       1.6017
    2642       1.6056
    2643       1.6338
    2644       1.6827
    2645       1.6972
    2646       1.6057
    2647       1.6271
    2648       1.6692
    2649       1.6146
    2650       1.6553
    2651       1.6387
    2652       1.7190
    2653       1.7595
    2654       1.7870
    2655       1.7530
    2656       1.8350
    2657       1.7563
    2658       1.7728
    2659       1.8543
    2660       1.8721
    2661       1.8007
    2662       1.7754
    2663       1.7444
    2664       1.7721
    2665       1.7619
    2666       1.8402
    2667       1.8739
    2668       1.8884
    2669       1.9676
    2670       1.9711
    2671       1.8989
    2672       1.9094
    2673       1.8931
    2674       1.8512
    2675       1.7790
    2676       1.7358
    2677       1.6561
    2678       1.5886
    2679       1.5862
    2680       1.6158
    2681       1.6381
    2682       1.5259
    2683       1.5751
    2684       1.5680
    2685       1.6788
    2686       1.6934
    2687       1.6449
    2688       1.7327
    2689       1.7003
    2690       1.6704
    2691       1.6705
    2692       1.7284
    2693       1.7075
    2694       1.7690
    2695       1.8074
    2696       1.7638
    2697       1.7874
    2698       1.8064
    2699       1.7833
    2700       1.8141
    2701       1.7449
    2702       1.7678
    2703       1.8324
    2704       1.8394
    2705       1.7604
    2706       1.7182
    2707       1.7358
    2708       1.7940
    2709       1.7163
    2710       1.8103
    2711       1.7222
    2712       1.7823
    2713       1.7224
    2714       1.7910
    2715       1.7655
    2716       1.7129
    2717       1.6677
    2718       1.7093
    2719       1.7537
    2720       1.7537
    2721       1.7449
    2722       1.7393
    2723       1.7127
    2724       1.6956
    2725       1.6466
    2726       1.6515
    2727       1.7066
    2728       1.7269
    2729       1.7280
    2730       1.6194
    2731       1.6151
    2732       1.7190
    2733       1.6882
    2734       1.6790
    2735       1.6331
    2736       1.5594
    2737       1.6525
    2738       1.7153
    2739       1.6637
    2740       1.6049
    2741       1.6316
    2742       1.6671
    2743       1.6956
    2744       1.6086
    2745       1.5609
    2746       1.5890
    2747       1.6017
    2748       1.5715
    2749       1.5688
    2750       1.6123
    2751       1.6032
    2752       1.5271
    2753       1.4918
    2754       1.5630
    2755       1.6026
    2756       1.6177
    2757       1.5385
    2758       1.4918
    2759       1.5474
    2760       1.5641
    2761       1.4945
    2762       1.5038
    2763       1.5235
    2764       1.5186
    2765       1.4960
    2766       1.5915
    2767       1.4985
    2768       1.5266
    2769       1.6088
    2770       1.5798
    2771       1.6506
    2772       1.6447
    2773       1.6346
    2774       1.5619
    2775       1.5357
    2776       1.5088
    2777       1.4812
    2778       1.5105
    2779       1.4559
    2780       1.4914
    2781       1.5029
    2782       1.4861
    2783       1.5208
    2784       1.5771
    2785       1.6143
    2786       1.6132
    2787       1.5757
    2788       1.5844
    2789       1.5755
    2790       1.5118
    2791       1.5809
    2792       1.5857
    2793       1.5249
    2794       1.5295
    2795       1.4866
    2796       1.5348
    2797       1.4854
    2798       1.5041
    2799       1.4659
    2800       1.4455
    2801       1.4055
    2802       1.4280
    2803       1.3896
    2804       1.4125
    2805       1.4061
    2806       1.4230
    2807       1.4495
    2808       1.4598
    2809       1.5501
    2810       1.5338
    2811       1.4506
    2812       1.4481
    2813       1.4638
    2814       1.4065
    2815       1.4426
    2816       1.4109
    2817       1.3872
    2818       1.4521
    2819       1.3983
    2820       1.4039
    2821       1.4601
    2822       1.4770
    2823       1.5053
    2824       1.4283
    2825       1.5069
    2826       1.4978
    2827       1.5276
    2828       1.5093
    2829       1.5414
    2830       1.5564
    2831       1.5402
    2832       1.4955
    2833       1.5276
    2834       1.5100
    2835       1.4900
    2836       1.4858
    2837       1.5024
    2838       1.5362
    2839       1.5749
    2840       1.5024
    2841       1.4709
    2842       1.4630
    2843       1.4880
    2844       1.5422
    2845       1.5316
    2846       1.4964
    2847       1.4933
    2848       1.4364
    2849       1.3747
    2850       1.4114
    2851       1.4527
    2852       1.4365
    2853       1.4764
    2854       1.4780
    2855       1.4598
    2856       1.4660
    2857       1.4657
    2858       1.5867
    2859       1.5646
    2860       1.5120
    2861       1.4930
    2862       1.5350
    2863       1.4597
    2864       1.4259
    2865       1.3826
    2866       1.4624
    2867       1.4434
    2868       1.4320
    2869       1.4778
    2870       1.4670
    2871       1.4437
    2872       1.4665
    2873       1.3958
    2874       1.4437
    2875       1.4478
    2876       1.4786
    2877       1.4541
    2878       1.4077
    2879       1.3807
    2880       1.3776
    2881       1.4164
    2882       1.4209
    2883       1.5483
    2884       1.4983
    2885       1.5133
    2886       1.5438
    2887       1.5402
    2888       1.5178
    2889       1.5366
    2890       1.4661
    2891       1.5240
    2892       1.4996
    2893       1.5726
    2894       1.5957
    2895       1.5908
    2896       1.5657
    2897       1.6061
    2898       1.6115
    2899       1.5281
    2900       1.5694
    2901       1.5205
    2902       1.5983
    2903       1.6369
    2904       1.5295
    2905       1.5351
    2906       1.5503
    2907       1.6239
    2908       1.6231
    2909       1.5607
    2910       1.5435
    2911       1.4955
    2912       1.5113
    2913       1.4516
    2914       1.5522
    2915       1.6340
    2916       1.5776
    2917       1.5066
    2918       1.4577
    2919       1.5320
    2920       1.4472
    2921       1.5008
    2922       1.5563
    2923       1.5095
    2924       1.5907
    2925       1.6054
    2926       1.5984
    2927       1.6512
    2928       1.6255
    2929       1.6028
    2930       1.5812
    2931       1.5985
    2932       1.6561
    2933       1.6454
    2934       1.5694
    2935       1.6627
    2936       1.6998
    2937       1.6557
    2938       1.6577
    2939       1.6902
    2940       1.7361
    2941       1.7941
    2942       1.7652
    2943       1.7118
    2944       1.6709
    2945       1.6650
    2946       1.5770
    2947       1.6137
    2948       1.6149
    2949       1.5556
    2950       1.6459
    2951       1.6384
    2952       1.5487
    2953       1.5353
    2954       1.5028
    2955       1.5368
    2956       1.4801
    2957       1.5401
    2958       1.5063
    2959       1.5185
    2960       1.5487
    2961       1.6017
    2962       1.5955
    2963       1.5918
    2964       1.5958
    2965       1.5948
    2966       1.5774
    2967       1.5738
    2968       1.6051
    2969       1.5646
    2970       1.6179
    2971       1.5504
    2972       1.5901
    2973       1.5675
    2974       1.6120
    2975       1.5708
    2976       1.5419
    2977       1.5280
    2978       1.4959
    2979       1.4747
    2980       1.5244
    2981       1.5582
    2982       1.4972
    2983       1.5075
    2984       1.4751
    2985       1.4943
    2986       1.4639
    2987       1.4960
    2988       1.5052
    2989       1.5742
    2990       1.5575
    2991       1.4956
    2992       1.5133
    2993       1.5378
    2994       1.4591
    2995       1.4703
    2996       1.4476
    2997       1.4360
    2998       1.5232
    2999       1.5271
    3000       1.5223
    3001       1.4564
    3002       1.4442
    3003       1.5310
    3004       1.5426
    3005       1.5336
    3006       1.6111
    3007       1.6489
    3008       1.5609
    3009       1.5624
    3010       1.6035
    3011       1.6167
    3012       1.5799
    3013       1.5627
    3014       1.5199
    3015       1.5277
    3016       1.5599
    3017       1.5301
    3018       1.5151
    3019       1.5826
    3020       1.5743
    3021       1.6636
    3022       1.6624
    3023       1.5888
    3024       1.6363
    3025       1.5970
    3026       1.6562
    3027       1.6287
    3028       1.5575
    3029       1.5619
    3030       1.5853
    3031       1.4867
    3032       1.4979
    3033       1.5331
    3034       1.4937
    3035       1.6220
    3036       1.6356
    3037       1.6722
    3038       1.6832
    3039       1.5872
    3040       1.5824
    3041       1.5783
    3042       1.6615
    3043       1.7543
    3044       1.6589
    3045       1.7733
    3046       1.7520
    3047       1.7249
    3048       1.7812
    3049       1.7586
    3050       1.7792
    3051       1.7974
    3052       1.7811
    3053       1.7500
    3054       1.7182
    3055       1.6778
    3056       1.6201
    3057       1.6330
    3058       1.6930
    3059       1.6953
    3060       1.6190
    3061       1.6342
    3062       1.6634
    3063       1.7429
    3064       1.6753
    3065       1.6226
    3066       1.6182
    3067       1.6939
    3068       1.8567
    3069       1.7449
    3070       1.7766
    3071       1.7012
    3072       1.5715
    3073       1.5983
    3074       1.6607
    3075       1.7057
    3076       1.6920
    3077       1.6910
    3078       1.6446
    3079       1.6285
    3080       1.6292
    3081       1.6021
    3082       1.6300
    3083       1.6773
    3084       1.6781
    3085       1.6123
    3086       1.6560
    3087       1.5736
    3088       1.6036
    3089       1.6169
    3090       1.5755
    3091       1.5175
    3092       1.4773
    3093       1.5033
    3094       1.5475
    3095       1.5184
    3096       1.5336
    3097       1.4437
    3098       1.4499
    3099       1.4610
    3100       1.4989
    3101       1.5422
    3102       1.4752
    3103       1.5381
    3104       1.4680
    3105       1.5112
    3106       1.5176
    3107       1.4028
    3108       1.4758
    3109       1.4992
    3110       1.5107
    3111       1.4799
    3112       1.4323
    3113       1.4555
    3114       1.3826
    3115       1.3482
    3116       1.4610
    3117       1.4814
    3118       1.4728
    3119       1.4711
    3120       1.4990
    3121       1.6026
    3122       1.5708
    3123       1.5603
    3124       1.5696
    3125       1.5451
