#Frame     RMSD_00001
       1       0.0000
       2       0.6574
       3       0.7396
       4       0.8619
       5       0.8369
       6       0.8593
       7       0.7970
       8       0.7990
       9       0.8665
      10       0.9490
      11       0.9360
      12       0.9153
      13       0.8821
      14       0.8987
      15       0.9266
      16       0.9780
      17       1.0295
      18       1.1100
      19       1.0780
      20       1.2247
      21       1.0670
      22       1.1718
      23       1.0824
      24       1.1716
      25       1.1218
      26       1.1764
      27       1.1461
      28       1.1388
      29       1.1131
      30       1.1243
      31       1.1801
      32       1.1994
      33       1.1280
      34       1.1313
      35       1.1330
      36       1.1004
      37       1.0145
      38       1.0098
      39       1.0702
      40       1.1666
      41       1.1536
      42       1.0823
      43       1.0239
      44       0.9837
      45       1.0459
      46       1.1413
      47       1.1823
      48       1.2281
      49       1.1926
      50       1.2734
      51       1.3182
      52       1.2608
      53       1.3084
      54       1.3075
      55       1.3108
      56       1.3327
      57       1.3459
      58       1.1984
      59       1.1953
      60       1.2257
      61       1.2025
      62       1.1922
      63       1.1691
      64       1.2568
      65       1.1978
      66       1.2067
      67       1.1683
      68       1.1009
      69       1.0711
      70       1.1379
      71       1.1612
      72       1.1669
      73       1.1229
      74       1.1685
      75       1.0865
      76       1.1294
      77       1.1265
      78       1.1306
      79       1.1424
      80       1.1312
      81       1.1602
      82       1.1163
      83       1.1208
      84       1.0872
      85       1.0823
      86       1.0802
      87       1.0837
      88       1.0682
      89       1.1091
      90       1.0842
      91       1.1004
      92       1.1228
      93       1.0784
      94       1.1333
      95       1.1644
      96       1.2721
      97       1.1402
      98       1.1417
      99       1.2628
     100       1.1869
     101       1.1877
     102       1.1095
     103       1.0845
     104       1.0648
     105       1.0797
     106       1.1301
     107       1.1507
     108       1.1867
     109       1.1490
     110       1.1204
     111       1.0827
     112       1.1078
     113       1.1386
     114       1.1551
     115       1.0714
     116       0.9836
     117       1.1475
     118       1.1313
     119       1.1899
     120       1.1243
     121       1.0434
     122       1.1419
     123       1.1670
     124       1.1832
     125       1.2123
     126       1.1792
     127       1.2212
     128       1.3071
     129       1.1818
     130       1.2148
     131       1.1274
     132       1.1518
     133       1.1232
     134       1.0786
     135       1.0997
     136       1.1607
     137       1.1691
     138       1.1913
     139       1.2589
     140       1.2873
     141       1.2732
     142       1.4539
     143       1.4193
     144       1.4511
     145       1.2573
     146       1.3511
     147       1.3034
     148       1.2746
     149       1.2844
     150       1.3357
     151       1.2942
     152       1.1911
     153       1.2303
     154       1.2606
     155       1.3155
     156       1.2818
     157       1.2518
     158       1.1980
     159       1.2150
     160       1.2271
     161       1.2689
     162       1.2125
     163       1.2368
     164       1.1154
     165       1.2477
     166       1.1734
     167       1.2598
     168       1.2139
     169       1.1665
     170       1.1421
     171       1.2669
     172       1.2316
     173       1.2599
     174       1.2693
     175       1.1626
     176       1.1006
     177       1.1450
     178       1.1059
     179       1.1256
     180       1.1911
     181       1.2901
     182       1.2338
     183       1.2644
     184       1.3545
     185       1.2866
     186       1.4827
     187       1.3959
     188       1.3614
     189       1.3882
     190       1.3169
     191       1.2558
     192       1.2904
     193       1.2258
     194       1.3323
     195       1.4036
     196       1.3932
     197       1.4433
     198       1.3975
     199       1.4179
     200       1.3171
     201       1.3049
     202       1.3440
     203       1.2656
     204       1.2904
     205       1.3688
     206       1.3488
     207       1.3739
     208       1.4019
     209       1.3721
     210       1.3124
     211       1.3628
     212       1.3835
     213       1.2904
     214       1.2444
     215       1.2308
     216       1.2169
     217       1.2900
     218       1.2552
     219       1.2863
     220       1.3157
     221       1.2997
     222       1.2626
     223       1.2347
     224       1.2079
     225       1.1629
     226       1.2714
     227       1.1697
     228       1.1400
     229       1.0220
     230       1.1249
     231       1.1176
     232       1.1355
     233       1.1125
     234       1.1422
     235       1.0705
     236       1.1248
     237       1.1611
     238       1.0741
     239       1.1252
     240       1.1850
     241       1.1915
     242       1.2896
     243       1.2902
     244       1.1896
     245       1.1747
     246       1.1687
     247       1.1527
     248       1.1747
     249       1.1766
     250       1.1168
     251       1.0852
     252       1.1327
     253       1.1449
     254       1.2043
     255       1.2127
     256       1.2457
     257       1.1574
     258       1.0849
     259       1.0363
     260       1.0683
     261       1.0202
     262       1.0069
     263       0.9722
     264       0.9278
     265       1.0012
     266       1.0077
     267       1.0602
     268       1.0295
     269       1.0422
     270       1.0766
     271       1.0174
     272       1.0414
     273       1.2088
     274       1.1224
     275       1.1813
     276       1.2185
     277       1.3380
     278       1.2421
     279       1.2577
     280       1.3179
     281       1.2893
     282       1.2647
     283       1.3528
     284       1.4064
     285       1.2843
     286       1.2675
     287       1.3131
     288       1.3069
     289       1.3629
     290       1.3937
     291       1.4716
     292       1.5013
     293       1.3371
     294       1.4131
     295       1.3761
     296       1.3204
     297       1.3685
     298       1.3855
     299       1.4514
     300       1.3410
     301       1.3329
     302       1.3987
     303       1.4028
     304       1.3555
     305       1.3548
     306       1.2906
     307       1.2700
     308       1.3348
     309       1.3571
     310       1.3802
     311       1.2494
     312       1.3147
     313       1.3700
     314       1.4107
     315       1.3180
     316       1.4442
     317       1.3850
     318       1.3965
     319       1.2900
     320       1.3132
     321       1.2480
     322       1.3820
     323       1.3284
     324       1.2993
     325       1.3140
     326       1.3266
     327       1.3908
     328       1.3250
     329       1.3033
     330       1.3475
     331       1.2198
     332       1.1689
     333       1.2128
     334       1.2574
     335       1.2818
     336       1.3395
     337       1.3388
     338       1.3407
     339       1.3331
     340       1.3593
     341       1.3486
     342       1.5024
     343       1.4699
     344       1.4550
     345       1.4287
     346       1.4750
     347       1.4054
     348       1.4116
     349       1.4175
     350       1.4306
     351       1.3849
     352       1.4261
     353       1.4103
     354       1.3570
     355       1.3477
     356       1.3194
     357       1.3895
     358       1.4745
     359       1.3896
     360       1.3818
     361       1.4077
     362       1.4474
     363       1.4276
     364       1.3891
     365       1.4678
     366       1.4188
     367       1.4924
     368       1.4912
     369       1.4423
     370       1.4239
     371       1.4835
     372       1.3464
     373       1.2526
     374       1.2296
     375       1.2143
     376       1.2949
     377       1.2589
     378       1.2421
     379       1.2923
     380       1.2424
     381       1.2484
     382       1.2037
     383       1.2411
     384       1.3215
     385       1.2496
     386       1.2075
     387       1.2210
     388       1.2524
     389       1.2339
     390       1.2629
     391       1.3277
     392       1.3595
     393       1.4063
     394       1.4379
     395       1.4098
     396       1.4647
     397       1.3768
     398       1.3922
     399       1.2327
     400       1.3132
     401       1.3128
     402       1.2166
     403       1.2108
     404       1.2079
     405       1.2130
     406       1.2015
     407       1.2096
     408       1.2797
     409       1.2599
     410       1.3260
     411       1.3553
     412       1.3313
     413       1.2455
     414       1.3322
     415       1.3286
     416       1.2793
     417       1.2989
     418       1.3434
     419       1.3405
     420       1.3705
     421       1.3769
     422       1.4134
     423       1.3635
     424       1.3043
     425       1.3421
     426       1.2642
     427       1.2789
     428       1.2514
     429       1.2084
     430       1.2141
     431       1.2685
     432       1.2985
     433       1.2118
     434       1.2342
     435       1.1985
     436       1.2498
     437       1.1841
     438       1.1756
     439       1.1837
     440       1.2473
     441       1.2865
     442       1.2348
     443       1.2034
     444       1.2084
     445       1.2417
     446       1.2676
     447       1.3129
     448       1.3189
     449       1.2931
     450       1.2735
     451       1.3241
     452       1.3556
     453       1.4335
     454       1.5365
     455       1.5156
     456       1.4918
     457       1.4606
     458       1.4350
     459       1.4008
     460       1.4125
     461       1.4385
     462       1.3873
     463       1.3345
     464       1.3456
     465       1.2617
     466       1.2613
     467       1.2827
     468       1.4029
     469       1.2729
     470       1.2654
     471       1.2246
     472       1.2915
     473       1.2291
     474       1.1893
     475       1.2289
     476       1.2522
     477       1.2704
     478       1.2989
     479       1.2480
     480       1.1964
     481       1.1954
     482       1.2260
     483       1.1671
     484       1.2770
     485       1.2636
     486       1.3057
     487       1.2201
     488       1.2278
     489       1.2312
     490       1.2001
     491       1.3634
     492       1.3889
     493       1.3872
     494       1.3773
     495       1.4136
     496       1.3967
     497       1.3386
     498       1.3533
     499       1.4154
     500       1.4802
     501       1.4375
     502       1.4186
     503       1.3728
     504       1.3876
     505       1.3806
     506       1.4112
     507       1.3472
     508       1.4272
     509       1.4271
     510       1.4670
     511       1.4125
     512       1.3618
     513       1.2805
     514       1.3050
     515       1.2644
     516       1.3137
     517       1.3405
     518       1.3468
     519       1.3770
     520       1.4173
     521       1.4747
     522       1.4509
     523       1.3828
     524       1.3819
     525       1.3844
     526       1.3766
     527       1.4226
     528       1.3072
     529       1.3573
     530       1.3463
     531       1.3973
     532       1.3513
     533       1.3701
     534       1.3465
     535       1.3283
     536       1.2800
     537       1.3857
     538       1.3601
     539       1.3709
     540       1.2945
     541       1.2824
     542       1.2464
     543       1.3312
     544       1.2899
     545       1.3093
     546       1.3418
     547       1.3486
     548       1.4101
     549       1.5138
     550       1.4412
     551       1.4463
     552       1.5022
     553       1.4747
     554       1.4832
     555       1.4692
     556       1.5358
     557       1.6511
     558       1.6434
     559       1.6394
     560       1.7244
     561       1.6642
     562       1.6728
     563       1.7148
     564       1.7157
     565       1.6237
     566       1.5946
     567       1.4981
     568       1.5893
     569       1.5788
     570       1.6304
     571       1.5770
     572       1.5306
     573       1.5462
     574       1.6048
     575       1.6176
     576       1.6163
     577       1.6204
     578       1.6804
     579       1.6628
     580       1.7468
     581       1.7944
     582       1.7950
     583       1.7994
     584       1.7221
     585       1.6649
     586       1.6152
     587       1.6182
     588       1.7093
     589       1.6278
     590       1.6996
     591       1.5725
     592       1.7085
     593       1.5614
     594       1.5741
     595       1.5931
     596       1.5634
     597       1.5109
     598       1.5863
     599       1.5401
     600       1.5602
     601       1.5420
     602       1.4435
     603       1.5462
     604       1.5462
     605       1.5633
     606       1.5492
     607       1.4968
     608       1.5020
     609       1.5425
     610       1.6649
     611       1.5874
     612       1.5839
     613       1.7141
     614       1.6492
     615       1.6520
     616       1.6338
     617       1.5880
     618       1.5600
     619       1.5458
     620       1.5992
     621       1.6193
     622       1.6589
     623       1.5676
     624       1.6399
     625       1.5296
     626       1.5483
     627       1.6033
     628       1.5955
     629       1.6514
     630       1.6573
     631       1.6941
     632       1.5690
     633       1.6227
     634       1.5105
     635       1.4930
     636       1.4497
     637       1.5044
     638       1.4867
     639       1.4476
     640       1.4879
     641       1.4745
     642       1.5603
     643       1.4687
     644       1.4494
     645       1.4380
     646       1.4802
     647       1.3504
     648       1.4352
     649       1.3862
     650       1.4450
     651       1.3574
     652       1.3535
     653       1.4576
     654       1.4639
     655       1.4110
     656       1.4976
     657       1.5314
     658       1.4776
     659       1.4891
     660       1.5258
     661       1.6464
     662       1.5243
     663       1.5373
     664       1.5361
     665       1.5607
     666       1.5489
     667       1.5752
     668       1.4039
     669       1.4034
     670       1.5242
     671       1.4536
     672       1.4412
     673       1.4049
     674       1.3567
     675       1.4456
     676       1.5748
     677       1.6012
     678       1.5834
     679       1.4908
     680       1.4024
     681       1.4768
     682       1.5277
     683       1.5316
     684       1.5291
     685       1.4951
     686       1.5064
     687       1.4428
     688       1.5154
     689       1.4652
     690       1.4855
     691       1.4466
     692       1.4762
     693       1.4604
     694       1.4379
     695       1.4818
     696       1.5484
     697       1.5043
     698       1.4976
     699       1.4732
     700       1.4487
     701       1.5562
     702       1.5392
     703       1.4102
     704       1.3801
     705       1.4404
     706       1.5127
     707       1.6351
     708       1.6737
     709       1.7154
     710       1.7032
     711       1.6287
     712       1.6510
     713       1.5722
     714       1.4019
     715       1.4478
     716       1.4949
     717       1.5809
     718       1.5889
     719       1.3817
     720       1.4320
     721       1.4502
     722       1.4554
     723       1.4822
     724       1.5783
     725       1.4557
     726       1.5534
     727       1.4953
     728       1.5491
     729       1.5602
     730       1.5909
     731       1.6269
     732       1.6979
     733       1.6551
     734       1.6098
     735       1.5616
     736       1.5775
     737       1.5509
     738       1.5817
     739       1.6203
     740       1.6435
     741       1.6033
     742       1.5197
     743       1.5512
     744       1.5012
     745       1.4733
     746       1.5396
     747       1.5883
     748       1.4947
     749       1.4746
     750       1.4139
     751       1.3707
     752       1.4720
     753       1.5044
     754       1.4217
     755       1.4180
     756       1.4216
     757       1.3618
     758       1.3795
     759       1.3944
     760       1.4186
     761       1.3928
     762       1.4193
     763       1.4717
     764       1.4718
     765       1.5209
     766       1.5167
     767       1.5046
     768       1.5448
     769       1.4832
     770       1.4974
     771       1.4661
     772       1.4355
     773       1.3987
     774       1.4122
     775       1.3451
     776       1.3348
     777       1.3532
     778       1.3747
     779       1.2883
     780       1.3818
     781       1.3052
     782       1.3432
     783       1.3659
     784       1.3558
     785       1.3671
     786       1.4005
     787       1.3230
     788       1.3772
     789       1.4207
     790       1.3568
     791       1.4176
     792       1.4158
     793       1.4316
     794       1.5013
     795       1.5599
     796       1.4164
     797       1.4382
     798       1.4107
     799       1.4905
     800       1.5055
     801       1.5864
     802       1.5567
     803       1.5006
     804       1.6154
     805       1.6357
     806       1.5979
     807       1.6462
     808       1.6851
     809       1.6615
     810       1.6679
     811       1.6197
     812       1.6322
     813       1.6328
     814       1.5976
     815       1.6389
     816       1.5967
     817       1.6150
     818       1.6445
     819       1.5910
     820       1.6438
     821       1.6213
     822       1.5372
     823       1.5224
     824       1.5364
     825       1.5352
     826       1.5804
     827       1.5710
     828       1.5796
     829       1.6952
     830       1.6842
     831       1.7227
     832       1.7056
     833       1.7503
     834       1.7484
     835       1.7400
     836       1.7046
     837       1.6847
     838       1.6073
     839       1.5883
     840       1.6913
     841       1.7763
     842       1.8484
     843       1.9073
     844       1.9050
     845       1.8623
     846       1.7986
     847       1.7820
     848       1.7054
     849       1.6053
     850       1.5706
     851       1.5272
     852       1.5438
     853       1.5388
     854       1.4105
     855       1.5229
     856       1.4557
     857       1.5290
     858       1.4911
     859       1.4363
     860       1.4729
     861       1.5208
     862       1.5389
     863       1.5479
     864       1.4833
     865       1.5744
     866       1.5158
     867       1.5542
     868       1.4859
     869       1.4834
     870       1.5762
     871       1.5636
     872       1.5509
     873       1.5257
     874       1.4481
     875       1.4216
     876       1.5210
     877       1.5343
     878       1.4634
     879       1.4027
     880       1.4168
     881       1.4562
     882       1.4249
     883       1.4134
     884       1.4235
     885       1.4132
     886       1.5042
     887       1.4943
     888       1.5254
     889       1.5592
     890       1.4994
     891       1.5952
     892       1.5316
     893       1.4653
     894       1.4710
     895       1.4161
     896       1.3703
     897       1.3668
     898       1.4135
     899       1.3899
     900       1.3169
     901       1.2554
     902       1.3123
     903       1.2864
     904       1.3550
     905       1.3858
     906       1.3401
     907       1.3557
     908       1.3374
     909       1.3576
     910       1.3757
     911       1.3982
     912       1.3918
     913       1.4034
     914       1.4809
     915       1.4513
     916       1.4301
     917       1.4227
     918       1.4510
     919       1.3618
     920       1.3041
     921       1.3935
     922       1.4954
     923       1.5238
     924       1.5200
     925       1.3554
     926       1.4290
     927       1.4505
     928       1.5875
     929       1.5424
     930       1.5470
     931       1.4485
     932       1.4154
     933       1.4295
     934       1.4228
     935       1.3396
     936       1.4229
     937       1.3955
     938       1.3760
     939       1.4177
     940       1.3425
     941       1.3582
     942       1.4091
     943       1.4212
     944       1.3059
     945       1.3627
     946       1.3544
     947       1.3114
     948       1.3428
     949       1.3331
     950       1.3271
     951       1.3293
     952       1.4241
     953       1.3618
     954       1.3194
     955       1.3266
     956       1.3356
     957       1.3631
     958       1.4777
     959       1.4636
     960       1.3590
     961       1.3506
     962       1.4165
     963       1.4528
     964       1.5124
     965       1.4953
     966       1.5171
     967       1.6412
     968       1.5998
     969       1.5761
     970       1.5546
     971       1.5435
     972       1.5031
     973       1.5568
     974       1.6663
     975       1.6565
     976       1.6685
     977       1.5691
     978       1.5099
     979       1.4405
     980       1.4668
     981       1.4636
     982       1.4606
     983       1.4879
     984       1.4529
     985       1.4742
     986       1.5177
     987       1.4499
     988       1.4579
     989       1.3739
     990       1.3838
     991       1.3548
     992       1.4237
     993       1.3847
     994       1.3925
     995       1.3765
     996       1.4827
     997       1.5122
     998       1.4665
     999       1.4699
    1000       1.3581
    1001       1.4417
    1002       1.4968
    1003       1.3989
    1004       1.4621
    1005       1.4393
    1006       1.3594
    1007       1.4325
    1008       1.3811
    1009       1.3967
    1010       1.4322
    1011       1.4333
    1012       1.4274
    1013       1.5115
    1014       1.4180
    1015       1.4031
    1016       1.5352
    1017       1.5578
    1018       1.5882
    1019       1.5733
    1020       1.5794
    1021       1.5388
    1022       1.4733
    1023       1.5179
    1024       1.5934
    1025       1.5921
    1026       1.4654
    1027       1.4916
    1028       1.4484
    1029       1.4541
    1030       1.4247
    1031       1.2861
    1032       1.3390
    1033       1.4379
    1034       1.4732
    1035       1.5096
    1036       1.5879
    1037       1.4859
    1038       1.4555
    1039       1.4137
    1040       1.4603
    1041       1.5149
    1042       1.6320
    1043       1.5816
    1044       1.4803
    1045       1.3963
    1046       1.4328
    1047       1.5715
    1048       1.5068
    1049       1.4252
    1050       1.4833
    1051       1.4624
    1052       1.4623
    1053       1.4240
    1054       1.3822
    1055       1.4076
    1056       1.4686
    1057       1.4456
    1058       1.4121
    1059       1.4659
    1060       1.4430
    1061       1.4080
    1062       1.4481
    1063       1.3933
    1064       1.4500
    1065       1.4560
    1066       1.4852
    1067       1.4625
    1068       1.4953
    1069       1.4598
    1070       1.4229
    1071       1.4252
    1072       1.4730
    1073       1.4360
    1074       1.4797
    1075       1.5127
    1076       1.5471
    1077       1.5132
    1078       1.4545
    1079       1.5754
    1080       1.6042
    1081       1.5612
    1082       1.6972
    1083       1.7187
    1084       1.6928
    1085       1.6536
    1086       1.6807
    1087       1.7596
    1088       1.6160
    1089       1.6245
    1090       1.6260
    1091       1.7650
    1092       1.7256
    1093       1.6735
    1094       1.6530
    1095       1.5745
    1096       1.5937
    1097       1.5283
    1098       1.5452
    1099       1.6136
    1100       1.7248
    1101       1.7668
    1102       1.6351
    1103       1.6612
    1104       1.7178
    1105       1.7256
    1106       1.8410
    1107       1.8543
    1108       1.7987
    1109       1.7977
    1110       1.7697
    1111       1.7603
    1112       1.7747
    1113       1.6098
    1114       1.5836
    1115       1.5329
    1116       1.5176
    1117       1.5278
    1118       1.4736
    1119       1.4891
    1120       1.4464
    1121       1.3915
    1122       1.4298
    1123       1.5118
    1124       1.4642
    1125       1.4372
    1126       1.4776
    1127       1.5487
    1128       1.4769
    1129       1.4260
    1130       1.4331
    1131       1.4666
    1132       1.4672
    1133       1.4534
    1134       1.4062
    1135       1.3827
    1136       1.3674
    1137       1.3244
    1138       1.3185
    1139       1.3599
    1140       1.3521
    1141       1.4349
    1142       1.3572
    1143       1.4066
    1144       1.4810
    1145       1.4116
    1146       1.3626
    1147       1.3736
    1148       1.4726
    1149       1.4685
    1150       1.4804
    1151       1.5057
    1152       1.4760
    1153       1.4389
    1154       1.5834
    1155       1.5435
    1156       1.5411
    1157       1.6135
    1158       1.6381
    1159       1.7022
    1160       1.6242
    1161       1.6599
    1162       1.7193
    1163       1.7517
    1164       1.7821
    1165       1.7256
    1166       1.6369
    1167       1.5416
    1168       1.6342
    1169       1.5269
    1170       1.5114
    1171       1.5520
    1172       1.5165
    1173       1.4906
    1174       1.5310
    1175       1.5547
    1176       1.4836
    1177       1.5015
    1178       1.4027
    1179       1.4764
    1180       1.5718
    1181       1.6415
    1182       1.5514
    1183       1.5557
    1184       1.5489
    1185       1.6282
    1186       1.4914
    1187       1.4458
    1188       1.4509
    1189       1.4358
    1190       1.5275
    1191       1.5083
    1192       1.4554
    1193       1.4222
    1194       1.4911
    1195       1.5073
    1196       1.5482
    1197       1.5534
    1198       1.4813
    1199       1.4721
    1200       1.5063
    1201       1.6004
    1202       1.6498
    1203       1.6451
    1204       1.6036
    1205       1.6084
    1206       1.6445
    1207       1.6184
    1208       1.5615
    1209       1.5776
    1210       1.5784
    1211       1.5381
    1212       1.6033
    1213       1.5490
    1214       1.5192
    1215       1.5747
    1216       1.5419
    1217       1.5540
    1218       1.6018
    1219       1.5946
    1220       1.5560
    1221       1.6022
    1222       1.5348
    1223       1.5877
    1224       1.5343
    1225       1.5179
    1226       1.5304
    1227       1.5450
    1228       1.5060
    1229       1.5909
    1230       1.4868
    1231       1.5053
    1232       1.5578
    1233       1.6605
    1234       1.6769
    1235       1.6292
    1236       1.6738
    1237       1.6425
    1238       1.5749
    1239       1.5369
    1240       1.4734
    1241       1.4561
    1242       1.4960
    1243       1.4329
    1244       1.3915
    1245       1.3838
    1246       1.4166
    1247       1.4970
    1248       1.4476
    1249       1.4907
    1250       1.3752
    1251       1.4134
    1252       1.3840
    1253       1.4697
    1254       1.5455
    1255       1.5173
    1256       1.5211
    1257       1.3869
    1258       1.3551
    1259       1.3871
    1260       1.3974
    1261       1.3632
    1262       1.4085
    1263       1.4329
    1264       1.4168
    1265       1.3701
    1266       1.4576
    1267       1.4402
    1268       1.4101
    1269       1.3925
    1270       1.4275
    1271       1.4584
    1272       1.5219
    1273       1.4447
    1274       1.5032
    1275       1.6533
    1276       1.6954
    1277       1.6501
    1278       1.6582
    1279       1.6011
    1280       1.5349
    1281       1.5397
    1282       1.4513
    1283       1.5606
    1284       1.4721
    1285       1.4801
    1286       1.4011
    1287       1.3784
    1288       1.4030
    1289       1.4201
    1290       1.4014
    1291       1.4124
    1292       1.4298
    1293       1.4057
    1294       1.4084
    1295       1.4290
    1296       1.4843
    1297       1.4946
    1298       1.4436
    1299       1.4714
    1300       1.4151
    1301       1.4440
    1302       1.4907
    1303       1.4281
    1304       1.3931
    1305       1.4569
    1306       1.5504
    1307       1.4581
    1308       1.3857
    1309       1.4812
    1310       1.4660
    1311       1.4799
    1312       1.4725
    1313       1.4669
    1314       1.4449
    1315       1.4023
    1316       1.4098
    1317       1.4693
    1318       1.4262
    1319       1.5467
    1320       1.6120
    1321       1.6133
    1322       1.5233
    1323       1.5045
    1324       1.5567
    1325       1.4963
    1326       1.4722
    1327       1.4505
    1328       1.4486
    1329       1.3848
    1330       1.4219
    1331       1.5105
    1332       1.5038
    1333       1.4435
    1334       1.5409
    1335       1.4568
    1336       1.5030
    1337       1.4166
    1338       1.4431
    1339       1.4645
    1340       1.3946
    1341       1.3458
    1342       1.4707
    1343       1.4279
    1344       1.4444
    1345       1.3495
    1346       1.4329
    1347       1.4711
    1348       1.4844
    1349       1.4728
    1350       1.4757
    1351       1.4438
    1352       1.5145
    1353       1.4657
    1354       1.5519
    1355       1.4730
    1356       1.4701
    1357       1.4714
    1358       1.3868
    1359       1.3910
    1360       1.4249
    1361       1.3853
    1362       1.3268
    1363       1.3781
    1364       1.3101
    1365       1.3283
    1366       1.3580
    1367       1.2168
    1368       1.3020
    1369       1.3273
    1370       1.3210
    1371       1.2864
    1372       1.2870
    1373       1.3372
    1374       1.3064
    1375       1.3296
    1376       1.3594
    1377       1.3356
    1378       1.3638
    1379       1.3065
    1380       1.3417
    1381       1.3467
    1382       1.3847
    1383       1.3207
    1384       1.3543
    1385       1.4139
    1386       1.3816
    1387       1.3340
    1388       1.3286
    1389       1.4034
    1390       1.3670
    1391       1.3781
    1392       1.3352
    1393       1.4031
    1394       1.4562
    1395       1.4307
    1396       1.4047
    1397       1.4110
    1398       1.4835
    1399       1.4309
    1400       1.4911
    1401       1.4562
    1402       1.3829
    1403       1.4233
    1404       1.4490
    1405       1.5085
    1406       1.5799
    1407       1.5184
    1408       1.4798
    1409       1.4828
    1410       1.5410
    1411       1.4431
    1412       1.3672
    1413       1.4425
    1414       1.4475
    1415       1.3971
    1416       1.4276
    1417       1.3718
    1418       1.4187
    1419       1.4147
    1420       1.4563
    1421       1.4637
    1422       1.5095
    1423       1.4555
    1424       1.5194
    1425       1.4939
    1426       1.5061
    1427       1.3778
    1428       1.3805
    1429       1.4287
    1430       1.5080
    1431       1.4077
    1432       1.4160
    1433       1.4149
    1434       1.4638
    1435       1.4446
    1436       1.4917
    1437       1.5594
    1438       1.4867
    1439       1.4844
    1440       1.5232
    1441       1.5206
    1442       1.5185
    1443       1.5040
    1444       1.5112
    1445       1.5268
    1446       1.5080
    1447       1.5352
    1448       1.5347
    1449       1.4773
    1450       1.4629
    1451       1.4625
    1452       1.4392
    1453       1.4220
    1454       1.5235
    1455       1.5055
    1456       1.4758
    1457       1.5181
    1458       1.4951
    1459       1.5014
    1460       1.4691
    1461       1.4300
    1462       1.4720
    1463       1.4676
    1464       1.4112
    1465       1.4663
    1466       1.4313
    1467       1.4692
    1468       1.4678
    1469       1.4213
    1470       1.3823
    1471       1.4204
    1472       1.4542
    1473       1.4825
    1474       1.4146
    1475       1.4302
    1476       1.4917
    1477       1.5078
    1478       1.5315
    1479       1.4933
    1480       1.5674
    1481       1.5657
    1482       1.5718
    1483       1.5811
    1484       1.5487
    1485       1.5336
    1486       1.5690
    1487       1.5752
    1488       1.5436
    1489       1.5130
    1490       1.4982
    1491       1.4980
    1492       1.5047
    1493       1.4112
    1494       1.4483
    1495       1.4952
    1496       1.4684
    1497       1.5068
    1498       1.5390
    1499       1.5306
    1500       1.4795
    1501       1.4711
    1502       1.5238
    1503       1.5000
    1504       1.4385
    1505       1.4356
    1506       1.4221
    1507       1.4247
    1508       1.4707
    1509       1.4787
    1510       1.4787
    1511       1.4517
    1512       1.4420
    1513       1.5316
    1514       1.5034
    1515       1.5582
    1516       1.5500
    1517       1.5447
    1518       1.5357
    1519       1.5089
    1520       1.5714
    1521       1.5409
    1522       1.5236
    1523       1.5706
    1524       1.5878
    1525       1.5531
    1526       1.4425
    1527       1.4315
    1528       1.4468
    1529       1.4188
    1530       1.5168
    1531       1.4704
    1532       1.4513
    1533       1.4351
    1534       1.3919
    1535       1.4358
    1536       1.5702
    1537       1.4156
    1538       1.4443
    1539       1.4813
    1540       1.5859
    1541       1.4888
    1542       1.4375
    1543       1.4818
    1544       1.5684
    1545       1.7062
    1546       1.6895
    1547       1.7024
    1548       1.6331
    1549       1.6350
    1550       1.6082
    1551       1.6093
    1552       1.6479
    1553       1.6017
    1554       1.6062
    1555       1.6016
    1556       1.4852
    1557       1.5642
    1558       1.4077
    1559       1.4320
    1560       1.5250
    1561       1.5240
    1562       1.5533
    1563       1.4691
    1564       1.5117
    1565       1.5121
    1566       1.4945
    1567       1.4925
    1568       1.4994
    1569       1.5080
    1570       1.4792
    1571       1.4905
    1572       1.5089
    1573       1.4330
    1574       1.4361
    1575       1.3436
    1576       1.3894
    1577       1.4185
    1578       1.4153
    1579       1.4918
    1580       1.4312
    1581       1.5351
    1582       1.6311
    1583       1.6695
    1584       1.5711
    1585       1.5548
    1586       1.5659
    1587       1.5883
    1588       1.5245
    1589       1.5692
    1590       1.4529
    1591       1.4448
    1592       1.4637
    1593       1.3494
    1594       1.3392
    1595       1.3536
    1596       1.3366
    1597       1.3592
    1598       1.3539
    1599       1.4155
    1600       1.3795
    1601       1.4030
    1602       1.3236
    1603       1.3420
    1604       1.3251
    1605       1.3759
    1606       1.4251
    1607       1.5354
    1608       1.4384
    1609       1.3697
    1610       1.3263
    1611       1.3638
    1612       1.4805
    1613       1.4950
    1614       1.5319
    1615       1.4929
    1616       1.5047
    1617       1.5391
    1618       1.4510
    1619       1.5615
    1620       1.4827
    1621       1.5063
    1622       1.4770
    1623       1.4128
    1624       1.3585
    1625       1.3840
    1626       1.3651
    1627       1.3626
    1628       1.4119
    1629       1.3678
    1630       1.4622
    1631       1.3951
    1632       1.4697
    1633       1.4720
    1634       1.4177
    1635       1.5075
    1636       1.4395
    1637       1.4081
    1638       1.5096
    1639       1.4842
    1640       1.4763
    1641       1.5362
    1642       1.4249
    1643       1.4256
    1644       1.3879
    1645       1.3879
    1646       1.3944
    1647       1.3904
    1648       1.4354
    1649       1.3690
    1650       1.4043
    1651       1.4338
    1652       1.4204
    1653       1.5095
    1654       1.4484
    1655       1.4461
    1656       1.4945
    1657       1.5904
    1658       1.5879
    1659       1.5358
    1660       1.4932
    1661       1.4658
    1662       1.4445
    1663       1.4572
    1664       1.4914
    1665       1.4575
    1666       1.4536
    1667       1.4678
    1668       1.4940
    1669       1.4579
    1670       1.4959
    1671       1.4754
    1672       1.5192
    1673       1.4160
    1674       1.4422
    1675       1.4302
    1676       1.4123
    1677       1.3443
    1678       1.3436
    1679       1.4326
    1680       1.4388
    1681       1.4385
    1682       1.4952
    1683       1.5209
    1684       1.3916
    1685       1.4155
    1686       1.3621
    1687       1.3994
    1688       1.4246
    1689       1.4350
    1690       1.6009
    1691       1.5372
    1692       1.5662
    1693       1.5810
    1694       1.5894
    1695       1.4491
    1696       1.4477
    1697       1.4963
    1698       1.4443
    1699       1.5027
    1700       1.4930
    1701       1.4413
    1702       1.4875
    1703       1.4857
    1704       1.4404
    1705       1.4044
    1706       1.4113
    1707       1.5672
    1708       1.6924
    1709       1.6330
    1710       1.5925
    1711       1.5727
    1712       1.5549
    1713       1.5952
    1714       1.5357
    1715       1.5453
    1716       1.4957
    1717       1.6288
    1718       1.5967
    1719       1.5230
    1720       1.5975
    1721       1.5501
    1722       1.5955
    1723       1.5751
    1724       1.5240
    1725       1.5424
    1726       1.5298
    1727       1.5926
    1728       1.5608
    1729       1.5919
    1730       1.6823
    1731       1.6929
    1732       1.7364
    1733       1.7614
    1734       1.8535
    1735       1.8730
    1736       1.8545
    1737       1.8096
    1738       1.8223
    1739       1.8146
    1740       1.8975
    1741       1.9551
    1742       1.8451
    1743       1.7238
    1744       1.6931
    1745       1.6473
    1746       1.6629
    1747       1.6870
    1748       1.7748
    1749       1.7383
    1750       1.7132
    1751       1.8195
    1752       1.8022
    1753       1.8162
    1754       1.7515
    1755       1.6834
    1756       1.6788
    1757       1.5728
    1758       1.5930
    1759       1.6582
    1760       1.6287
    1761       1.5872
    1762       1.6140
    1763       1.5899
    1764       1.5896
    1765       1.5424
    1766       1.4231
    1767       1.4689
    1768       1.5110
    1769       1.5703
    1770       1.6367
    1771       1.5918
    1772       1.5081
    1773       1.5714
    1774       1.5514
    1775       1.5414
    1776       1.5801
    1777       1.5986
    1778       1.5653
    1779       1.5801
    1780       1.5687
    1781       1.5926
    1782       1.6222
    1783       1.6673
    1784       1.6710
    1785       1.6765
    1786       1.5921
    1787       1.6042
    1788       1.5611
    1789       1.5856
    1790       1.5021
    1791       1.4978
    1792       1.4576
    1793       1.4722
    1794       1.5025
    1795       1.5781
    1796       1.5737
    1797       1.6737
    1798       1.6331
    1799       1.6258
    1800       1.6091
    1801       1.5241
    1802       1.5789
    1803       1.6286
    1804       1.5755
    1805       1.4962
    1806       1.5520
    1807       1.5342
    1808       1.4880
    1809       1.4252
    1810       1.4264
    1811       1.4288
    1812       1.5072
    1813       1.4509
    1814       1.4367
    1815       1.4401
    1816       1.3708
    1817       1.3547
    1818       1.3739
    1819       1.3832
    1820       1.3576
    1821       1.2761
    1822       1.3486
    1823       1.2980
    1824       1.3994
    1825       1.3701
    1826       1.2871
    1827       1.3763
    1828       1.3269
    1829       1.4098
    1830       1.4081
    1831       1.4217
    1832       1.3286
    1833       1.4219
    1834       1.3587
    1835       1.3391
    1836       1.3884
    1837       1.4033
    1838       1.3294
    1839       1.3987
    1840       1.3419
    1841       1.3869
    1842       1.3836
    1843       1.4067
    1844       1.3332
    1845       1.4184
    1846       1.4646
    1847       1.3744
    1848       1.3620
    1849       1.2172
    1850       1.3591
    1851       1.4217
    1852       1.2448
    1853       1.2586
    1854       1.2913
    1855       1.3797
    1856       1.3837
    1857       1.3962
    1858       1.4037
    1859       1.2800
    1860       1.2568
    1861       1.2083
    1862       1.1829
    1863       1.2530
    1864       1.3195
    1865       1.3805
    1866       1.3658
    1867       1.2676
    1868       1.2718
    1869       1.3447
    1870       1.3385
    1871       1.4024
    1872       1.4300
    1873       1.3336
    1874       1.3109
    1875       1.3181
    1876       1.3170
    1877       1.3853
    1878       1.3385
    1879       1.4355
    1880       1.2972
    1881       1.4001
    1882       1.4491
    1883       1.3563
    1884       1.3010
    1885       1.3434
    1886       1.3730
    1887       1.4085
    1888       1.3781
    1889       1.3696
    1890       1.3643
    1891       1.4513
    1892       1.4131
    1893       1.5110
    1894       1.4111
    1895       1.5046
    1896       1.5153
    1897       1.4821
    1898       1.4504
    1899       1.4295
    1900       1.4164
    1901       1.5451
    1902       1.4634
    1903       1.5156
    1904       1.3955
    1905       1.4317
    1906       1.4261
    1907       1.5098
    1908       1.4458
    1909       1.3776
    1910       1.3458
    1911       1.4179
    1912       1.4790
    1913       1.4649
    1914       1.4257
    1915       1.4958
    1916       1.5168
    1917       1.4896
    1918       1.4809
    1919       1.4546
    1920       1.4299
    1921       1.4172
    1922       1.3506
    1923       1.4303
    1924       1.4556
    1925       1.5599
    1926       1.4087
    1927       1.3776
    1928       1.4462
    1929       1.3956
    1930       1.4169
    1931       1.3845
    1932       1.4231
    1933       1.3875
    1934       1.3856
    1935       1.3383
    1936       1.3658
    1937       1.3358
    1938       1.3848
    1939       1.3501
    1940       1.3737
    1941       1.4315
    1942       1.3992
    1943       1.4305
    1944       1.3791
    1945       1.3618
    1946       1.3747
    1947       1.3874
    1948       1.4391
    1949       1.3322
    1950       1.4324
    1951       1.4270
    1952       1.4987
    1953       1.5197
    1954       1.5806
    1955       1.4105
    1956       1.3635
    1957       1.3505
    1958       1.3138
    1959       1.4199
    1960       1.3915
    1961       1.3772
    1962       1.4045
    1963       1.5018
    1964       1.5351
    1965       1.4926
    1966       1.4562
    1967       1.4261
    1968       1.4626
    1969       1.4219
    1970       1.3791
    1971       1.3660
    1972       1.4490
    1973       1.4868
    1974       1.4374
    1975       1.3974
    1976       1.4744
    1977       1.3932
    1978       1.3099
    1979       1.3154
    1980       1.2639
    1981       1.2959
    1982       1.3313
    1983       1.3499
    1984       1.3368
    1985       1.3717
    1986       1.4495
    1987       1.4917
    1988       1.4559
    1989       1.4918
    1990       1.4645
    1991       1.4969
    1992       1.4279
    1993       1.3860
    1994       1.3381
    1995       1.3240
    1996       1.3636
    1997       1.2923
    1998       1.3528
    1999       1.4027
    2000       1.3357
    2001       1.2765
    2002       1.3090
    2003       1.3114
    2004       1.3378
    2005       1.3085
    2006       1.3071
    2007       1.2862
    2008       1.3411
    2009       1.3257
    2010       1.3875
    2011       1.3352
    2012       1.3050
    2013       1.3232
    2014       1.3481
    2015       1.3383
    2016       1.3539
    2017       1.3232
    2018       1.2283
    2019       1.2616
    2020       1.2813
    2021       1.3008
    2022       1.3457
    2023       1.3501
    2024       1.4172
    2025       1.3810
    2026       1.2772
    2027       1.3143
    2028       1.3285
    2029       1.1747
    2030       1.2220
    2031       1.2534
    2032       1.2814
    2033       1.2654
    2034       1.3193
    2035       1.3862
    2036       1.3751
    2037       1.4058
    2038       1.5562
    2039       1.5431
    2040       1.4420
    2041       1.3881
    2042       1.4749
    2043       1.3906
    2044       1.4408
    2045       1.4600
    2046       1.4589
    2047       1.3623
    2048       1.3045
    2049       1.3080
    2050       1.2853
    2051       1.2266
    2052       1.2220
    2053       1.2292
    2054       1.3312
    2055       1.4049
    2056       1.4626
    2057       1.4432
    2058       1.3828
    2059       1.3640
    2060       1.2995
    2061       1.3646
    2062       1.2821
    2063       1.3005
    2064       1.2604
    2065       1.3010
    2066       1.3139
    2067       1.2895
    2068       1.3133
    2069       1.3374
    2070       1.2636
    2071       1.3528
    2072       1.3584
    2073       1.3507
    2074       1.3789
    2075       1.3731
    2076       1.4104
    2077       1.3393
    2078       1.3102
    2079       1.2754
    2080       1.2878
    2081       1.1961
    2082       1.2648
    2083       1.1985
    2084       1.2028
    2085       1.2582
    2086       1.2415
    2087       1.2736
    2088       1.2811
    2089       1.3710
    2090       1.3946
    2091       1.4396
    2092       1.3953
    2093       1.3264
    2094       1.3330
    2095       1.3713
    2096       1.4029
    2097       1.2719
    2098       1.3671
    2099       1.3943
    2100       1.3674
    2101       1.3083
    2102       1.3264
    2103       1.3152
    2104       1.3209
    2105       1.3065
    2106       1.3237
    2107       1.4137
    2108       1.4758
    2109       1.4105
    2110       1.3789
    2111       1.4027
    2112       1.3734
    2113       1.4127
    2114       1.3465
    2115       1.3086
    2116       1.3325
    2117       1.3029
    2118       1.2380
    2119       1.2874
    2120       1.3075
    2121       1.3627
    2122       1.2917
    2123       1.2431
    2124       1.2464
    2125       1.3036
    2126       1.2760
    2127       1.2818
    2128       1.2587
    2129       1.3657
    2130       1.3541
    2131       1.3220
    2132       1.3440
    2133       1.3209
    2134       1.3347
    2135       1.3152
    2136       1.4285
    2137       1.3080
    2138       1.2554
    2139       1.2240
    2140       1.2003
    2141       1.2417
    2142       1.2357
    2143       1.3434
    2144       1.3907
    2145       1.3625
    2146       1.2960
    2147       1.2951
    2148       1.4268
    2149       1.2924
    2150       1.3238
    2151       1.4606
    2152       1.4273
    2153       1.3839
    2154       1.2847
    2155       1.3378
    2156       1.3749
    2157       1.3286
    2158       1.3855
    2159       1.3209
    2160       1.3369
    2161       1.2803
    2162       1.2983
    2163       1.2579
    2164       1.2116
    2165       1.2341
    2166       1.3009
    2167       1.2891
    2168       1.2703
    2169       1.3100
    2170       1.3011
    2171       1.3311
    2172       1.2877
    2173       1.2090
    2174       1.2431
    2175       1.2689
    2176       1.2364
    2177       1.1935
    2178       1.2087
    2179       1.2195
    2180       1.2474
    2181       1.2449
    2182       1.2560
    2183       1.2858
    2184       1.2842
    2185       1.2612
    2186       1.3154
    2187       1.2846
    2188       1.3214
    2189       1.2694
    2190       1.2907
    2191       1.2791
    2192       1.2737
    2193       1.2797
    2194       1.3314
    2195       1.2735
    2196       1.2958
    2197       1.2642
    2198       1.2830
    2199       1.2117
    2200       1.1960
    2201       1.1487
    2202       1.2740
    2203       1.2543
    2204       1.2490
    2205       1.2391
    2206       1.2690
    2207       1.3172
    2208       1.4254
    2209       1.3604
    2210       1.3951
    2211       1.3147
    2212       1.2644
    2213       1.2854
    2214       1.2227
    2215       1.2531
    2216       1.3003
    2217       1.2862
    2218       1.3079
    2219       1.2545
    2220       1.2704
    2221       1.3178
    2222       1.2631
    2223       1.2628
    2224       1.2557
    2225       1.2784
    2226       1.2615
    2227       1.2366
    2228       1.2299
    2229       1.2685
    2230       1.2376
    2231       1.2971
    2232       1.2476
    2233       1.2655
    2234       1.2275
    2235       1.2289
    2236       1.2239
    2237       1.2858
    2238       1.2492
    2239       1.2191
    2240       1.2942
    2241       1.3486
    2242       1.3191
    2243       1.3320
    2244       1.3099
    2245       1.3267
    2246       1.2328
    2247       1.2192
    2248       1.2082
    2249       1.1844
    2250       1.1908
    2251       1.1856
    2252       1.2198
    2253       1.2395
    2254       1.2907
    2255       1.3532
    2256       1.4061
    2257       1.3114
    2258       1.3778
    2259       1.3108
    2260       1.2051
    2261       1.2114
    2262       1.2205
    2263       1.2312
    2264       1.2715
    2265       1.2126
    2266       1.2593
    2267       1.2890
    2268       1.2038
    2269       1.2185
    2270       1.2266
    2271       1.2399
    2272       1.2170
    2273       1.1741
    2274       1.2477
    2275       1.2638
    2276       1.2580
    2277       1.3379
    2278       1.2665
    2279       1.2640
    2280       1.2736
    2281       1.2542
    2282       1.2273
    2283       1.2423
    2284       1.2841
    2285       1.2079
    2286       1.2633
    2287       1.2116
    2288       1.1700
    2289       1.1919
    2290       1.2089
    2291       1.2793
    2292       1.2879
    2293       1.2461
    2294       1.2745
    2295       1.1943
    2296       1.3169
    2297       1.4128
    2298       1.3723
    2299       1.3707
    2300       1.2899
    2301       1.2977
    2302       1.3502
    2303       1.3248
    2304       1.3714
    2305       1.3141
    2306       1.3203
    2307       1.2858
    2308       1.2592
    2309       1.2527
    2310       1.2773
    2311       1.3247
    2312       1.2729
    2313       1.2280
    2314       1.2642
    2315       1.2753
    2316       1.2718
    2317       1.2439
    2318       1.2922
    2319       1.2644
    2320       1.2948
    2321       1.3851
    2322       1.3516
    2323       1.3262
    2324       1.2502
    2325       1.3415
    2326       1.2709
    2327       1.3502
    2328       1.3382
    2329       1.2893
    2330       1.2710
    2331       1.3517
    2332       1.3162
    2333       1.3896
    2334       1.4229
    2335       1.4373
    2336       1.5049
    2337       1.4274
    2338       1.4273
    2339       1.4048
    2340       1.3462
    2341       1.3218
    2342       1.3611
    2343       1.4866
    2344       1.3967
    2345       1.3235
    2346       1.3695
    2347       1.3627
    2348       1.3873
    2349       1.2724
    2350       1.2280
    2351       1.2147
    2352       1.1872
    2353       1.1891
    2354       1.1997
    2355       1.2012
    2356       1.2354
    2357       1.2803
    2358       1.3337
    2359       1.3275
    2360       1.2840
    2361       1.2539
    2362       1.3319
    2363       1.2811
    2364       1.3241
    2365       1.3511
    2366       1.3047
    2367       1.3431
    2368       1.3021
    2369       1.2261
    2370       1.2860
    2371       1.3187
    2372       1.2817
    2373       1.2608
    2374       1.2641
    2375       1.2980
    2376       1.2932
    2377       1.3470
    2378       1.3134
    2379       1.3414
    2380       1.3818
    2381       1.4475
    2382       1.4761
    2383       1.4262
    2384       1.4117
    2385       1.3778
    2386       1.3921
    2387       1.4050
    2388       1.3937
    2389       1.3731
    2390       1.3173
    2391       1.3748
    2392       1.3600
    2393       1.3830
    2394       1.4757
    2395       1.4380
    2396       1.4312
    2397       1.3853
    2398       1.3696
    2399       1.3550
    2400       1.2599
    2401       1.2629
    2402       1.3053
    2403       1.2905
    2404       1.2860
    2405       1.2749
    2406       1.3164
    2407       1.3276
    2408       1.2788
    2409       1.2436
    2410       1.1869
    2411       1.1538
    2412       1.3000
    2413       1.2809
    2414       1.1685
    2415       1.2604
    2416       1.2382
    2417       1.2755
    2418       1.2495
    2419       1.2812
    2420       1.3392
    2421       1.3079
    2422       1.2498
    2423       1.2452
    2424       1.2922
    2425       1.3136
    2426       1.3678
    2427       1.3798
    2428       1.5025
    2429       1.4131
    2430       1.3592
    2431       1.2533
    2432       1.2679
    2433       1.2936
    2434       1.2851
    2435       1.1922
    2436       1.2313
    2437       1.2246
    2438       1.2060
    2439       1.1820
    2440       1.2097
    2441       1.2092
    2442       1.1873
    2443       1.2683
    2444       1.3236
    2445       1.2853
    2446       1.1950
    2447       1.2270
    2448       1.2422
    2449       1.1991
    2450       1.2380
    2451       1.2157
    2452       1.1924
    2453       1.2242
    2454       1.2381
    2455       1.2168
    2456       1.2055
    2457       1.1486
    2458       1.1693
    2459       1.2468
    2460       1.2180
    2461       1.3025
    2462       1.1812
    2463       1.2158
    2464       1.1532
    2465       1.1630
    2466       1.2136
    2467       1.2446
    2468       1.2279
    2469       1.2461
    2470       1.2246
    2471       1.2316
    2472       1.2801
    2473       1.2835
    2474       1.3007
    2475       1.2371
    2476       1.2267
    2477       1.2288
    2478       1.2364
    2479       1.1834
    2480       1.3157
    2481       1.3402
    2482       1.2807
    2483       1.3547
    2484       1.3366
    2485       1.2563
    2486       1.3618
    2487       1.3258
    2488       1.4418
    2489       1.2922
    2490       1.3161
    2491       1.2399
    2492       1.2467
    2493       1.2505
    2494       1.2987
    2495       1.3054
    2496       1.3360
    2497       1.3005
    2498       1.3419
    2499       1.2926
    2500       1.2728
    2501       1.2999
    2502       1.3723
    2503       1.4506
    2504       1.4831
    2505       1.2793
    2506       1.3426
    2507       1.3790
    2508       1.4041
    2509       1.3518
    2510       1.4377
    2511       1.3746
    2512       1.3586
    2513       1.3815
    2514       1.4046
    2515       1.3309
    2516       1.3548
    2517       1.4727
    2518       1.3583
    2519       1.3229
    2520       1.4664
    2521       1.5384
    2522       1.5815
    2523       1.5211
    2524       1.4863
    2525       1.4632
    2526       1.5797
    2527       1.4899
    2528       1.5666
    2529       1.3585
    2530       1.2725
    2531       1.3070
    2532       1.2897
    2533       1.2226
    2534       1.2478
    2535       1.2494
    2536       1.3165
    2537       1.2201
    2538       1.2710
    2539       1.3343
    2540       1.4020
    2541       1.4096
    2542       1.5049
    2543       1.5413
    2544       1.4499
    2545       1.3475
    2546       1.3509
    2547       1.2677
    2548       1.3155
    2549       1.2761
    2550       1.3651
    2551       1.3391
    2552       1.2335
    2553       1.2920
    2554       1.2689
    2555       1.3552
    2556       1.2734
    2557       1.3155
    2558       1.3193
    2559       1.3145
    2560       1.3508
    2561       1.3391
    2562       1.3541
    2563       1.3248
    2564       1.3507
    2565       1.3199
    2566       1.2682
    2567       1.2785
    2568       1.3213
    2569       1.2851
    2570       1.3201
    2571       1.3155
    2572       1.2975
    2573       1.3405
    2574       1.4050
    2575       1.4449
    2576       1.3715
    2577       1.4090
    2578       1.4051
    2579       1.4429
    2580       1.4184
    2581       1.4957
    2582       1.3204
    2583       1.4889
    2584       1.4164
    2585       1.4246
    2586       1.3738
    2587       1.3494
    2588       1.4202
    2589       1.4610
    2590       1.5193
    2591       1.5263
    2592       1.4430
    2593       1.4140
    2594       1.4316
    2595       1.4366
    2596       1.3704
    2597       1.4044
    2598       1.3570
    2599       1.3858
    2600       1.3446
    2601       1.3611
    2602       1.3884
    2603       1.4573
    2604       1.3683
    2605       1.3413
    2606       1.3427
    2607       1.4178
    2608       1.3936
    2609       1.4417
    2610       1.3995
    2611       1.3705
    2612       1.3241
    2613       1.3745
    2614       1.3074
    2615       1.2303
    2616       1.2439
    2617       1.3286
    2618       1.3213
    2619       1.2744
    2620       1.2723
    2621       1.2680
    2622       1.3378
    2623       1.3798
    2624       1.3917
    2625       1.4164
    2626       1.3435
    2627       1.3689
    2628       1.3158
    2629       1.3342
    2630       1.2927
    2631       1.3102
    2632       1.3839
    2633       1.3214
    2634       1.3291
    2635       1.3608
    2636       1.3610
    2637       1.4064
    2638       1.3538
    2639       1.2927
    2640       1.3267
    2641       1.3483
    2642       1.2462
    2643       1.3153
    2644       1.3340
    2645       1.3215
    2646       1.3946
    2647       1.3576
    2648       1.3051
    2649       1.3515
    2650       1.3006
    2651       1.3190
    2652       1.3888
    2653       1.4245
    2654       1.3569
    2655       1.3611
    2656       1.2681
    2657       1.3034
    2658       1.2804
    2659       1.3464
    2660       1.3351
    2661       1.2940
    2662       1.3788
    2663       1.3365
    2664       1.3293
    2665       1.2763
    2666       1.2613
    2667       1.2922
    2668       1.3503
    2669       1.3718
    2670       1.2384
    2671       1.2514
    2672       1.3432
    2673       1.3354
    2674       1.3197
    2675       1.3605
    2676       1.2743
    2677       1.2652
    2678       1.2654
    2679       1.2397
    2680       1.2964
    2681       1.3686
    2682       1.3584
    2683       1.3367
    2684       1.3909
    2685       1.4324
    2686       1.4015
    2687       1.3800
    2688       1.3006
    2689       1.3770
    2690       1.2144
    2691       1.2372
    2692       1.2437
    2693       1.2569
    2694       1.2064
    2695       1.2252
    2696       1.2332
    2697       1.2881
    2698       1.2909
    2699       1.3116
    2700       1.4421
    2701       1.2995
    2702       1.3777
    2703       1.3296
    2704       1.3344
    2705       1.3355
    2706       1.3948
    2707       1.3941
    2708       1.4044
    2709       1.4113
    2710       1.3604
    2711       1.4165
    2712       1.4259
    2713       1.3110
    2714       1.3112
    2715       1.4318
    2716       1.4509
    2717       1.3580
    2718       1.3346
    2719       1.3265
    2720       1.3312
    2721       1.2807
    2722       1.2821
    2723       1.3406
    2724       1.4130
    2725       1.3397
    2726       1.3365
    2727       1.3481
    2728       1.3109
    2729       1.3152
    2730       1.2190
    2731       1.2517
    2732       1.2491
    2733       1.2866
    2734       1.3825
    2735       1.3832
    2736       1.3460
    2737       1.3767
    2738       1.3098
    2739       1.3393
    2740       1.4191
    2741       1.3742
    2742       1.4310
    2743       1.4120
    2744       1.4385
    2745       1.2957
    2746       1.3164
    2747       1.3607
    2748       1.3523
    2749       1.4590
    2750       1.5412
    2751       1.4881
    2752       1.5080
    2753       1.4758
    2754       1.4485
    2755       1.4723
    2756       1.3864
    2757       1.3999
    2758       1.3489
    2759       1.4336
    2760       1.4414
    2761       1.3726
    2762       1.3384
    2763       1.3532
    2764       1.3729
    2765       1.3760
    2766       1.4133
    2767       1.3439
    2768       1.3774
    2769       1.4057
    2770       1.3868
    2771       1.4233
    2772       1.3795
    2773       1.3047
    2774       1.3991
    2775       1.3273
    2776       1.3499
    2777       1.3891
    2778       1.3251
    2779       1.2716
    2780       1.3548
    2781       1.3831
    2782       1.4277
    2783       1.4791
    2784       1.4379
    2785       1.4231
    2786       1.3971
    2787       1.4373
    2788       1.4628
    2789       1.4354
    2790       1.4335
    2791       1.3789
    2792       1.3280
    2793       1.3451
    2794       1.3449
    2795       1.4356
    2796       1.3782
    2797       1.3713
    2798       1.3933
    2799       1.3149
    2800       1.2510
    2801       1.2791
    2802       1.3133
    2803       1.2791
    2804       1.2114
    2805       1.2424
    2806       1.2419
    2807       1.3053
    2808       1.3376
    2809       1.2973
    2810       1.2803
    2811       1.3042
    2812       1.2775
    2813       1.3157
    2814       1.3299
    2815       1.2731
    2816       1.3022
    2817       1.2749
    2818       1.3449
    2819       1.3832
    2820       1.4179
    2821       1.3420
    2822       1.3597
    2823       1.3095
    2824       1.2331
    2825       1.2873
    2826       1.2875
    2827       1.3676
    2828       1.3434
    2829       1.3752
    2830       1.3360
    2831       1.3732
    2832       1.3739
    2833       1.3494
    2834       1.3734
    2835       1.4214
    2836       1.4524
    2837       1.4008
    2838       1.4370
    2839       1.3624
    2840       1.4096
    2841       1.3956
    2842       1.5338
    2843       1.5985
    2844       1.4035
    2845       1.4002
    2846       1.4258
    2847       1.4553
    2848       1.4744
    2849       1.5100
    2850       1.4121
    2851       1.3757
    2852       1.3337
    2853       1.3935
    2854       1.4475
    2855       1.3770
    2856       1.3650
    2857       1.4273
    2858       1.4541
    2859       1.4378
    2860       1.3555
    2861       1.2871
    2862       1.2807
    2863       1.3064
    2864       1.3368
    2865       1.3468
    2866       1.2998
    2867       1.2213
    2868       1.2965
    2869       1.2854
    2870       1.3238
    2871       1.3603
    2872       1.3737
    2873       1.4000
    2874       1.4575
    2875       1.4642
    2876       1.4601
    2877       1.4666
    2878       1.4483
    2879       1.3934
    2880       1.3813
    2881       1.3173
    2882       1.3338
    2883       1.3159
    2884       1.4062
    2885       1.4015
    2886       1.4793
    2887       1.4621
    2888       1.4744
    2889       1.3931
    2890       1.4877
    2891       1.5601
    2892       1.4133
    2893       1.4527
    2894       1.4619
    2895       1.4467
    2896       1.4270
    2897       1.4349
    2898       1.4292
    2899       1.5442
    2900       1.4579
    2901       1.4331
    2902       1.4565
    2903       1.3941
    2904       1.3726
    2905       1.3966
    2906       1.4091
    2907       1.3644
    2908       1.4171
    2909       1.3358
    2910       1.3914
    2911       1.4236
    2912       1.3978
    2913       1.3542
    2914       1.3672
    2915       1.3108
    2916       1.3389
    2917       1.3354
    2918       1.3249
    2919       1.2913
    2920       1.3030
    2921       1.3566
    2922       1.3080
    2923       1.3801
    2924       1.3262
    2925       1.3278
    2926       1.2727
    2927       1.2843
    2928       1.2386
    2929       1.3103
    2930       1.3432
    2931       1.3453
    2932       1.3302
    2933       1.3507
    2934       1.4074
    2935       1.4021
    2936       1.5457
    2937       1.4868
    2938       1.4423
    2939       1.3788
    2940       1.4219
    2941       1.5109
    2942       1.4432
    2943       1.4297
    2944       1.4003
    2945       1.3974
    2946       1.3727
    2947       1.3968
    2948       1.4338
    2949       1.4403
    2950       1.4384
    2951       1.5307
    2952       1.3906
    2953       1.4518
    2954       1.4796
    2955       1.4701
    2956       1.5685
    2957       1.4844
    2958       1.4534
    2959       1.5055
    2960       1.4906
    2961       1.4851
    2962       1.4664
    2963       1.4816
    2964       1.4403
    2965       1.3530
    2966       1.3921
    2967       1.4162
    2968       1.4160
    2969       1.4685
    2970       1.5289
    2971       1.4858
    2972       1.4417
    2973       1.3920
    2974       1.4553
    2975       1.4107
    2976       1.5080
    2977       1.5161
    2978       1.4672
    2979       1.4791
    2980       1.5698
    2981       1.4729
    2982       1.3743
    2983       1.4541
    2984       1.5086
    2985       1.5003
    2986       1.5293
    2987       1.4623
    2988       1.4398
    2989       1.4876
    2990       1.4310
    2991       1.4438
    2992       1.4940
    2993       1.4222
    2994       1.4807
    2995       1.5477
    2996       1.5003
    2997       1.4595
    2998       1.3741
    2999       1.4042
    3000       1.4719
    3001       1.3679
    3002       1.4148
    3003       1.4189
    3004       1.3839
    3005       1.4313
    3006       1.3580
    3007       1.3857
    3008       1.4028
    3009       1.3443
    3010       1.3934
    3011       1.4835
    3012       1.5333
    3013       1.5012
    3014       1.5464
    3015       1.5080
    3016       1.5047
    3017       1.4581
    3018       1.4532
    3019       1.4570
    3020       1.5540
    3021       1.5130
    3022       1.4498
    3023       1.4540
    3024       1.4234
    3025       1.5045
    3026       1.5683
    3027       1.5345
    3028       1.4860
    3029       1.5561
    3030       1.6654
    3031       1.7119
    3032       1.5884
    3033       1.6611
    3034       1.6512
    3035       1.6795
    3036       1.5615
    3037       1.5302
    3038       1.4540
    3039       1.5419
    3040       1.5722
    3041       1.4162
    3042       1.4561
    3043       1.5368
    3044       1.5699
    3045       1.4918
    3046       1.5419
    3047       1.4879
    3048       1.4933
    3049       1.5350
    3050       1.5404
    3051       1.5626
    3052       1.4912
    3053       1.5472
    3054       1.4578
    3055       1.4525
    3056       1.4886
    3057       1.4234
    3058       1.4060
    3059       1.3604
    3060       1.4551
    3061       1.4530
    3062       1.4823
    3063       1.3976
    3064       1.4539
    3065       1.4447
    3066       1.4383
    3067       1.4432
    3068       1.4063
    3069       1.3856
    3070       1.3065
    3071       1.4149
    3072       1.4408
    3073       1.3980
    3074       1.3781
    3075       1.4010
    3076       1.3849
    3077       1.4254
    3078       1.4129
    3079       1.3516
    3080       1.4065
    3081       1.3912
    3082       1.4059
    3083       1.4578
    3084       1.4353
    3085       1.4252
    3086       1.4079
    3087       1.3101
    3088       1.4093
    3089       1.3943
    3090       1.3737
    3091       1.3687
    3092       1.3770
    3093       1.3842
    3094       1.3877
    3095       1.3529
    3096       1.3624
    3097       1.3364
    3098       1.4627
    3099       1.3815
    3100       1.3874
    3101       1.3978
    3102       1.4135
    3103       1.4043
    3104       1.3673
    3105       1.4739
    3106       1.3782
    3107       1.3695
    3108       1.2928
    3109       1.3742
    3110       1.3651
    3111       1.5121
    3112       1.4381
    3113       1.4756
    3114       1.5370
    3115       1.4670
    3116       1.5278
    3117       1.5326
    3118       1.5659
    3119       1.5897
    3120       1.4547
    3121       1.5235
    3122       1.5407
    3123       1.6060
    3124       1.5790
    3125       1.4243
