#Frame     RMSD_00001
       1       0.0000
       2       0.6518
       3       0.7163
       4       0.7068
       5       0.8358
       6       0.9305
       7       0.8716
       8       0.7885
       9       0.8696
      10       0.9267
      11       0.8508
      12       0.8448
      13       0.9479
      14       0.8865
      15       0.9699
      16       1.0694
      17       1.1036
      18       1.0803
      19       0.9278
      20       0.8929
      21       0.9515
      22       0.9567
      23       1.0282
      24       0.8682
      25       1.0021
      26       0.9340
      27       0.9669
      28       0.8952
      29       0.8815
      30       0.9058
      31       0.8858
      32       0.8265
      33       0.8781
      34       0.9592
      35       0.9278
      36       0.8443
      37       0.9004
      38       0.8644
      39       0.8595
      40       0.9021
      41       1.0051
      42       0.9599
      43       1.0548
      44       0.9841
      45       1.0955
      46       1.0699
      47       1.0088
      48       0.9619
      49       1.0900
      50       1.0318
      51       1.0194
      52       0.9757
      53       1.0360
      54       1.1365
      55       1.0472
      56       1.1961
      57       1.1247
      58       1.1741
      59       1.1311
      60       1.0685
      61       1.0596
      62       1.0815
      63       1.0637
      64       1.0371
      65       0.9880
      66       0.9439
      67       0.9141
      68       0.8763
      69       0.9672
      70       0.9302
      71       0.8507
      72       0.9653
      73       0.9194
      74       0.9623
      75       0.9254
      76       1.0576
      77       0.9221
      78       0.8512
      79       0.8122
      80       0.8419
      81       0.8896
      82       0.9185
      83       0.9333
      84       0.8979
      85       0.9186
      86       0.8898
      87       0.9873
      88       1.0549
      89       1.0258
      90       1.0135
      91       0.9937
      92       1.0115
      93       1.0667
      94       1.0508
      95       1.1111
      96       1.1569
      97       1.1488
      98       1.1448
      99       1.1260
     100       1.1270
     101       1.1563
     102       1.1727
     103       1.1191
     104       1.0404
     105       1.0686
     106       1.1021
     107       1.1322
     108       1.0551
     109       1.0270
     110       1.0338
     111       1.0276
     112       1.0799
     113       1.0913
     114       1.1140
     115       1.2090
     116       1.3290
     117       1.3756
     118       1.2949
     119       1.1769
     120       1.1276
     121       1.2366
     122       1.2052
     123       1.2436
     124       1.1362
     125       1.2006
     126       1.1972
     127       1.1740
     128       1.2609
     129       1.2579
     130       1.2365
     131       1.2664
     132       1.2371
     133       1.3284
     134       1.2537
     135       1.1125
     136       1.1550
     137       1.0566
     138       0.9419
     139       0.9856
     140       1.0495
     141       1.0779
     142       1.0483
     143       1.0922
     144       1.0285
     145       1.0155
     146       0.9935
     147       1.0545
     148       1.0959
     149       1.0416
     150       1.0378
     151       1.0603
     152       1.0895
     153       1.0445
     154       1.1095
     155       1.1098
     156       1.1348
     157       1.2045
     158       1.1907
     159       1.4128
     160       1.4364
     161       1.2659
     162       1.3071
     163       1.1362
     164       1.1865
     165       1.2443
     166       1.2279
     167       1.2076
     168       1.2382
     169       1.2754
     170       1.1879
     171       1.2586
     172       1.2820
     173       1.1951
     174       1.0848
     175       1.1644
     176       1.0552
     177       1.0883
     178       1.0771
     179       1.0841
     180       1.0954
     181       1.1704
     182       1.2057
     183       1.1889
     184       1.1423
     185       1.2023
     186       1.1423
     187       1.1651
     188       1.2149
     189       1.1395
     190       1.1731
     191       1.2089
     192       1.2523
     193       1.0230
     194       1.1298
     195       1.0452
     196       1.0885
     197       1.1593
     198       1.1524
     199       1.1776
     200       1.1928
     201       1.1503
     202       1.2037
     203       1.1806
     204       1.1320
     205       1.1545
     206       1.1766
     207       1.1786
     208       1.1679
     209       1.1974
     210       1.1112
     211       1.1974
     212       1.1538
     213       1.0854
     214       1.2428
     215       1.1938
     216       1.2348
     217       1.2272
     218       1.2890
     219       1.2096
     220       1.1476
     221       1.2408
     222       1.1897
     223       1.2329
     224       1.1993
     225       1.1683
     226       1.2402
     227       1.2469
     228       1.2203
     229       1.1985
     230       1.2025
     231       1.2347
     232       1.2839
     233       1.2015
     234       1.2740
     235       1.2611
     236       1.4167
     237       1.2983
     238       1.2731
     239       1.2627
     240       1.3796
     241       1.4751
     242       1.3759
     243       1.3671
     244       1.3446
     245       1.3257
     246       1.3027
     247       1.3447
     248       1.4032
     249       1.3750
     250       1.4394
     251       1.3479
     252       1.3223
     253       1.3343
     254       1.2497
     255       1.3130
     256       1.2971
     257       1.3114
     258       1.2486
     259       1.2203
     260       1.2077
     261       1.1583
     262       1.1448
     263       1.1195
     264       1.1693
     265       1.1738
     266       1.0583
     267       1.1616
     268       1.2299
     269       1.1617
     270       1.0600
     271       1.0751
     272       1.0708
     273       1.1005
     274       1.0836
     275       1.0208
     276       1.0902
     277       1.0337
     278       1.0107
     279       0.9356
     280       0.9349
     281       0.9866
     282       1.0633
     283       0.9995
     284       1.0491
     285       1.0240
     286       0.9828
     287       0.9994
     288       0.9816
     289       1.0292
     290       1.1418
     291       1.1486
     292       1.2250
     293       1.2610
     294       1.3370
     295       1.2708
     296       1.0941
     297       1.0429
     298       1.2001
     299       1.2333
     300       1.0573
     301       1.1120
     302       1.2057
     303       1.0473
     304       1.1308
     305       1.2404
     306       1.2410
     307       1.3124
     308       1.3141
     309       1.3156
     310       1.2027
     311       1.1795
     312       1.2179
     313       1.2829
     314       1.2867
     315       1.2787
     316       1.2420
     317       1.2229
     318       1.2640
     319       1.2886
     320       1.3433
     321       1.2726
     322       1.2449
     323       1.1420
     324       1.1205
     325       1.1398
     326       1.1117
     327       1.2277
     328       1.1267
     329       1.1510
     330       1.2180
     331       1.1810
     332       1.2173
     333       1.1789
     334       1.2439
     335       1.1463
     336       1.1899
     337       1.1735
     338       1.2060
     339       1.2753
     340       1.2159
     341       1.2512
     342       1.2542
     343       1.3085
     344       1.2934
     345       1.1958
     346       1.2251
     347       1.2029
     348       1.2926
     349       1.3699
     350       1.3869
     351       1.3056
     352       1.1712
     353       1.2824
     354       1.3313
     355       1.3416
     356       1.3000
     357       1.3117
     358       1.4149
     359       1.5373
     360       1.4934
     361       1.4008
     362       1.4142
     363       1.3825
     364       1.4551
     365       1.5714
     366       1.6816
     367       1.5475
     368       1.5798
     369       1.5186
     370       1.3231
     371       1.3571
     372       1.4908
     373       1.3397
     374       1.2959
     375       1.1842
     376       1.2309
     377       1.2464
     378       1.2944
     379       1.3125
     380       1.2181
     381       1.3120
     382       1.2607
     383       1.3156
     384       1.4001
     385       1.3251
     386       1.2869
     387       1.3379
     388       1.2191
     389       1.1918
     390       1.2230
     391       1.2973
     392       1.2326
     393       1.2462
     394       1.1416
     395       1.1839
     396       1.2772
     397       1.2696
     398       1.1496
     399       1.1681
     400       1.0733
     401       1.0727
     402       1.1446
     403       1.1036
     404       1.1019
     405       0.9946
     406       0.9980
     407       1.0619
     408       1.1306
     409       1.1212
     410       1.0840
     411       1.1140
     412       1.0398
     413       1.0321
     414       1.0679
     415       1.0605
     416       1.0512
     417       1.0765
     418       1.1435
     419       1.1703
     420       1.0931
     421       1.1834
     422       1.1000
     423       1.1080
     424       1.0386
     425       1.0179
     426       1.0336
     427       1.0912
     428       1.1088
     429       1.0869
     430       1.0967
     431       1.1086
     432       1.1016
     433       1.0338
     434       1.0952
     435       1.0592
     436       1.0410
     437       1.0264
     438       1.0776
     439       1.0063
     440       1.0479
     441       1.0264
     442       1.0328
     443       0.9954
     444       0.9886
     445       0.9268
     446       0.9283
     447       0.9492
     448       0.9684
     449       0.9772
     450       0.9446
     451       1.0357
     452       1.0693
     453       1.0856
     454       1.0723
     455       1.0041
     456       1.0017
     457       1.0024
     458       1.0289
     459       1.0785
     460       1.1035
     461       1.0600
     462       1.0288
     463       0.9437
     464       1.0273
     465       1.1062
     466       0.9971
     467       0.9686
     468       1.0225
     469       1.0079
     470       0.9977
     471       0.9791
     472       1.0035
     473       0.9646
     474       0.9612
     475       0.9529
     476       1.0442
     477       1.0030
     478       0.9963
     479       1.0700
     480       1.0486
     481       0.9991
     482       0.9777
     483       0.9890
     484       1.0080
     485       0.9426
     486       0.9687
     487       0.9306
     488       0.8829
     489       0.9770
     490       0.9138
     491       0.8796
     492       0.9262
     493       0.9015
     494       0.9455
     495       1.0019
     496       0.9831
     497       1.0302
     498       1.0496
     499       1.1063
     500       1.1945
     501       1.0919
     502       1.1193
     503       1.0688
     504       1.1139
     505       1.1088
     506       1.1321
     507       1.0838
     508       1.1437
     509       1.1723
     510       1.1785
     511       1.1059
     512       1.0695
     513       1.0165
     514       1.0397
     515       0.9492
     516       0.9796
     517       0.9884
     518       1.0126
     519       1.0388
     520       1.0338
     521       1.0697
     522       1.0192
     523       0.9759
     524       1.0294
     525       1.0368
     526       0.9642
     527       0.9747
     528       0.9768
     529       1.0174
     530       1.1779
     531       1.1967
     532       1.2121
     533       1.2354
     534       1.2480
     535       1.2460
     536       1.2128
     537       1.2172
     538       1.2654
     539       1.2084
     540       1.2220
     541       1.2582
     542       1.3215
     543       1.2107
     544       1.1961
     545       1.2357
     546       1.2727
     547       1.2248
     548       1.3152
     549       1.3003
     550       1.2322
     551       1.1190
     552       1.1105
     553       1.1883
     554       1.1838
     555       1.1820
     556       1.1510
     557       1.1498
     558       1.1448
     559       1.1542
     560       1.2209
     561       1.2642
     562       1.3312
     563       1.3421
     564       1.4452
     565       1.4178
     566       1.3616
     567       1.3580
     568       1.4584
     569       1.4163
     570       1.3650
     571       1.4632
     572       1.3703
     573       1.2952
     574       1.3200
     575       1.3842
     576       1.4038
     577       1.3797
     578       1.2484
     579       1.2479
     580       1.2869
     581       1.2539
     582       1.3125
     583       1.4526
     584       1.4212
     585       1.5005
     586       1.4044
     587       1.4410
     588       1.4733
     589       1.3750
     590       1.4060
     591       1.4171
     592       1.5311
     593       1.5191
     594       1.5798
     595       1.5079
     596       1.5878
     597       1.4896
     598       1.4812
     599       1.5023
     600       1.5794
     601       1.5982
     602       1.6514
     603       1.4872
     604       1.3267
     605       1.3976
     606       1.4437
     607       1.4629
     608       1.4803
     609       1.5316
     610       1.4636
     611       1.5357
     612       1.6050
     613       1.5181
     614       1.4708
     615       1.5435
     616       1.4619
     617       1.4110
     618       1.3408
     619       1.3465
     620       1.2671
     621       1.2313
     622       1.3917
     623       1.4453
     624       1.3651
     625       1.4126
     626       1.3703
     627       1.4052
     628       1.3944
     629       1.5394
     630       1.4795
     631       1.4783
     632       1.4741
     633       1.3619
     634       1.3408
     635       1.3927
     636       1.3545
     637       1.5054
     638       1.5093
     639       1.4703
     640       1.4517
     641       1.3836
     642       1.3645
     643       1.5547
     644       1.4069
     645       1.4024
     646       1.4110
     647       1.5271
     648       1.6566
     649       1.5152
     650       1.3887
     651       1.3227
     652       1.3218
     653       1.2228
     654       1.2222
     655       1.2596
     656       1.2745
     657       1.3017
     658       1.2431
     659       1.2939
     660       1.3099
     661       1.3209
     662       1.3107
     663       1.3411
     664       1.3486
     665       1.3889
     666       1.3890
     667       1.3827
     668       1.4076
     669       1.3779
     670       1.2904
     671       1.3082
     672       1.2923
     673       1.3059
     674       1.3990
     675       1.3833
     676       1.3957
     677       1.3189
     678       1.3428
     679       1.2802
     680       1.3237
     681       1.2572
     682       1.3125
     683       1.3845
     684       1.4164
     685       1.2855
     686       1.3009
     687       1.2398
     688       1.2509
     689       1.2941
     690       1.3566
     691       1.3399
     692       1.3464
     693       1.3313
     694       1.3765
     695       1.4343
     696       1.4613
     697       1.2843
     698       1.2272
     699       1.1410
     700       1.1506
     701       1.1685
     702       1.2139
     703       1.1738
     704       1.1659
     705       1.1699
     706       1.1222
     707       1.1079
     708       1.0774
     709       1.1912
     710       1.2502
     711       1.1767
     712       1.1766
     713       1.1897
     714       1.2738
     715       1.2415
     716       1.2217
     717       1.1950
     718       1.2435
     719       1.2166
     720       1.2267
     721       1.1890
     722       1.3117
     723       1.3370
     724       1.3357
     725       1.2254
     726       1.2347
     727       1.2881
     728       1.2202
     729       1.2592
     730       1.2739
     731       1.4251
     732       1.4565
     733       1.4834
     734       1.4615
     735       1.4700
     736       1.4428
     737       1.4898
     738       1.6165
     739       1.6900
     740       1.6519
     741       1.6384
     742       1.6147
     743       1.5139
     744       1.3410
     745       1.4726
     746       1.4220
     747       1.4000
     748       1.4156
     749       1.4286
     750       1.4435
     751       1.4247
     752       1.4121
     753       1.3625
     754       1.2645
     755       1.2440
     756       1.2125
     757       1.2219
     758       1.2539
     759       1.3235
     760       1.3036
     761       1.2516
     762       1.1961
     763       1.2198
     764       1.2745
     765       1.2778
     766       1.1402
     767       1.2119
     768       1.2308
     769       1.2344
     770       1.2227
     771       1.1564
     772       1.1636
     773       1.2126
     774       1.1868
     775       1.2197
     776       1.2346
     777       1.2363
     778       1.2473
     779       1.2134
     780       1.2860
     781       1.2757
     782       1.2907
     783       1.2497
     784       1.3048
     785       1.3400
     786       1.3384
     787       1.2520
     788       1.2511
     789       1.1848
     790       1.1567
     791       1.1401
     792       1.1127
     793       1.1178
     794       1.0616
     795       1.0777
     796       1.1590
     797       1.1603
     798       1.1515
     799       1.1732
     800       1.1563
     801       1.1514
     802       1.1106
     803       1.0891
     804       1.1068
     805       1.0379
     806       1.0681
     807       1.0834
     808       0.9995
     809       0.9477
     810       0.9632
     811       1.0084
     812       0.9944
     813       0.9184
     814       1.0246
     815       0.9965
     816       1.0254
     817       1.1205
     818       1.1248
     819       1.1319
     820       1.2059
     821       1.1437
     822       1.1583
     823       1.2481
     824       1.2842
     825       1.2512
     826       1.2738
     827       1.2811
     828       1.2127
     829       1.2666
     830       1.2567
     831       1.2343
     832       1.3249
     833       1.1899
     834       1.1155
     835       1.1332
     836       1.0450
     837       1.1130
     838       1.0411
     839       1.1569
     840       1.1883
     841       1.1540
     842       1.1584
     843       1.1966
     844       1.2103
     845       1.1525
     846       1.1435
     847       1.3260
     848       1.2449
     849       1.2772
     850       1.2562
     851       1.2214
     852       1.1415
     853       1.0877
     854       1.0390
     855       1.0914
     856       1.0877
     857       1.1211
     858       1.0837
     859       1.1052
     860       1.2115
     861       1.3398
     862       1.1986
     863       1.1901
     864       1.0882
     865       1.1579
     866       1.1802
     867       1.1302
     868       1.1511
     869       1.0640
     870       1.0266
     871       1.1370
     872       1.1180
     873       1.1225
     874       1.1027
     875       1.1184
     876       1.2565
     877       1.1674
     878       1.1466
     879       1.2136
     880       1.1396
     881       1.2760
     882       1.2326
     883       1.2167
     884       1.2269
     885       1.3002
     886       1.2406
     887       1.2057
     888       1.2346
     889       1.2293
     890       1.2731
     891       1.2718
     892       1.2896
     893       1.3098
     894       1.3811
     895       1.3292
     896       1.3932
     897       1.4280
     898       1.3270
     899       1.3578
     900       1.3653
     901       1.3054
     902       1.2907
     903       1.3943
     904       1.4939
     905       1.5041
     906       1.4992
     907       1.5983
     908       1.4711
     909       1.4404
     910       1.4343
     911       1.4421
     912       1.3654
     913       1.2963
     914       1.2027
     915       1.1399
     916       1.2201
     917       1.2279
     918       1.1607
     919       1.1662
     920       1.1146
     921       1.1177
     922       1.1766
     923       1.1570
     924       1.0732
     925       1.0968
     926       1.1095
     927       1.1192
     928       1.1590
     929       1.1394
     930       1.1200
     931       1.1744
     932       1.2200
     933       1.2551
     934       1.2491
     935       1.3120
     936       1.4258
     937       1.2991
     938       1.2527
     939       1.2052
     940       1.1593
     941       1.1752
     942       1.2355
     943       1.2454
     944       1.2833
     945       1.2994
     946       1.3164
     947       1.2415
     948       1.3184
     949       1.3284
     950       1.3553
     951       1.3334
     952       1.2520
     953       1.2630
     954       1.3383
     955       1.2168
     956       1.1396
     957       1.1471
     958       1.1734
     959       1.1885
     960       1.2589
     961       1.2119
     962       1.2213
     963       1.3104
     964       1.3426
     965       1.1766
     966       1.1689
     967       1.1329
     968       1.2181
     969       1.2855
     970       1.2777
     971       1.3060
     972       1.2771
     973       1.3729
     974       1.4205
     975       1.3455
     976       1.2914
     977       1.2608
     978       1.1893
     979       1.2634
     980       1.3045
     981       1.2910
     982       1.2589
     983       1.2592
     984       1.1990
     985       1.2662
     986       1.3342
     987       1.2318
     988       1.2444
     989       1.2353
     990       1.2756
     991       1.2698
     992       1.1353
     993       1.1596
     994       1.2300
     995       1.2305
     996       1.2120
     997       1.1744
     998       1.2497
     999       1.2967
    1000       1.2444
    1001       1.2224
    1002       1.2300
    1003       1.1711
    1004       1.2224
    1005       1.2809
    1006       1.2607
    1007       1.2161
    1008       1.2125
    1009       1.2814
    1010       1.2564
    1011       1.2227
    1012       1.2305
    1013       1.3478
    1014       1.3320
    1015       1.3347
    1016       1.3409
    1017       1.3802
    1018       1.4597
    1019       1.3897
    1020       1.3977
    1021       1.3334
    1022       1.3234
    1023       1.3019
    1024       1.3299
    1025       1.3343
    1026       1.2635
    1027       1.3134
    1028       1.3382
    1029       1.3137
    1030       1.3440
    1031       1.3277
    1032       1.4101
    1033       1.4535
    1034       1.3860
    1035       1.2383
    1036       1.2042
    1037       1.2329
    1038       1.2716
    1039       1.2945
    1040       1.2575
    1041       1.2555
    1042       1.2121
    1043       1.2148
    1044       1.2774
    1045       1.2229
    1046       1.2033
    1047       1.2182
    1048       1.2632
    1049       1.2522
    1050       1.2905
    1051       1.2891
    1052       1.1975
    1053       1.2105
    1054       1.2300
    1055       1.3148
    1056       1.2420
    1057       1.3496
    1058       1.3180
    1059       1.4479
    1060       1.4365
    1061       1.3947
    1062       1.4796
    1063       1.5253
    1064       1.5306
    1065       1.4655
    1066       1.5140
    1067       1.5391
    1068       1.4303
    1069       1.3638
    1070       1.4441
    1071       1.4505
    1072       1.4348
    1073       1.3285
    1074       1.4035
    1075       1.3602
    1076       1.3753
    1077       1.4041
    1078       1.3006
    1079       1.3890
    1080       1.2533
    1081       1.2449
    1082       1.2346
    1083       1.1658
    1084       1.1050
    1085       1.1267
    1086       1.1286
    1087       1.1435
    1088       1.0989
    1089       1.2528
    1090       1.3073
    1091       1.2603
    1092       1.2801
    1093       1.3042
    1094       1.3455
    1095       1.2996
    1096       1.1960
    1097       1.2485
    1098       1.2812
    1099       1.2475
    1100       1.3682
    1101       1.2892
    1102       1.3193
    1103       1.2960
    1104       1.2604
    1105       1.3103
    1106       1.2695
    1107       1.2633
    1108       1.2144
    1109       1.2973
    1110       1.2375
    1111       1.2732
    1112       1.2753
    1113       1.2844
    1114       1.2582
    1115       1.2308
    1116       1.2588
    1117       1.2953
    1118       1.3741
    1119       1.3097
    1120       1.4341
    1121       1.4692
    1122       1.5344
    1123       1.5106
    1124       1.4176
    1125       1.3983
    1126       1.4439
    1127       1.4393
    1128       1.3676
    1129       1.4068
    1130       1.3885
    1131       1.4169
    1132       1.5579
    1133       1.4891
    1134       1.3477
    1135       1.3328
    1136       1.3129
    1137       1.3945
    1138       1.3668
    1139       1.3987
    1140       1.3705
    1141       1.3601
    1142       1.3413
    1143       1.4376
    1144       1.4870
    1145       1.3496
    1146       1.3124
    1147       1.3531
    1148       1.3175
    1149       1.2380
    1150       1.1669
    1151       1.1937
    1152       1.2190
    1153       1.1537
    1154       1.1777
    1155       1.1511
    1156       1.1440
    1157       1.0912
    1158       1.1161
    1159       1.1253
    1160       1.0825
    1161       1.1805
    1162       1.1630
    1163       1.1804
    1164       1.2190
    1165       1.1380
    1166       1.2207
    1167       1.2767
    1168       1.2898
    1169       1.2825
    1170       1.3416
    1171       1.4535
    1172       1.4603
    1173       1.3903
    1174       1.3799
    1175       1.4731
    1176       1.4037
    1177       1.3699
    1178       1.4122
    1179       1.3691
    1180       1.3806
    1181       1.3508
    1182       1.2796
    1183       1.1922
    1184       1.1999
    1185       1.1561
    1186       1.1453
    1187       1.2042
    1188       1.2743
    1189       1.3412
    1190       1.3462
    1191       1.3284
    1192       1.3691
    1193       1.3115
    1194       1.2800
    1195       1.2536
    1196       1.2778
    1197       1.3392
    1198       1.3233
    1199       1.4794
    1200       1.4580
    1201       1.4872
    1202       1.4915
    1203       1.3924
    1204       1.3356
    1205       1.3128
    1206       1.3509
    1207       1.4121
    1208       1.4333
    1209       1.4555
    1210       1.4857
    1211       1.3990
    1212       1.3811
    1213       1.3158
    1214       1.2980
    1215       1.2112
    1216       1.2826
    1217       1.2573
    1218       1.2510
    1219       1.2641
    1220       1.2739
    1221       1.2783
    1222       1.4086
    1223       1.3993
    1224       1.3582
    1225       1.3838
    1226       1.4558
    1227       1.3266
    1228       1.3412
    1229       1.3133
    1230       1.3464
    1231       1.3523
    1232       1.2307
    1233       1.2818
    1234       1.3341
    1235       1.3874
    1236       1.4066
    1237       1.3447
    1238       1.4015
    1239       1.4846
    1240       1.3882
    1241       1.2833
    1242       1.3320
    1243       1.2199
    1244       1.1376
    1245       1.1296
    1246       1.1809
    1247       1.2506
    1248       1.2312
    1249       1.2126
    1250       1.3141
    1251       1.3027
    1252       1.3134
    1253       1.2782
    1254       1.2192
    1255       1.2594
    1256       1.2397
    1257       1.2433
    1258       1.2706
    1259       1.3347
    1260       1.3689
    1261       1.4102
    1262       1.2918
    1263       1.3509
    1264       1.3567
    1265       1.3307
    1266       1.4979
    1267       1.4414
    1268       1.4876
    1269       1.4166
    1270       1.3387
    1271       1.3407
    1272       1.3213
    1273       1.3261
    1274       1.3804
    1275       1.4029
    1276       1.3478
    1277       1.2812
    1278       1.3165
    1279       1.2415
    1280       1.2900
    1281       1.2910
    1282       1.3824
    1283       1.3636
    1284       1.3894
    1285       1.3000
    1286       1.2752
    1287       1.2994
    1288       1.2736
    1289       1.2529
    1290       1.2636
    1291       1.2757
    1292       1.2724
    1293       1.2697
    1294       1.2991
    1295       1.2883
    1296       1.3857
    1297       1.2743
    1298       1.3187
    1299       1.3075
    1300       1.2989
    1301       1.3691
    1302       1.2803
    1303       1.2426
    1304       1.2122
    1305       1.2457
    1306       1.2795
    1307       1.2046
    1308       1.2942
    1309       1.2867
    1310       1.2925
    1311       1.2015
    1312       1.2022
    1313       1.2272
    1314       1.3113
    1315       1.2766
    1316       1.3595
    1317       1.2822
    1318       1.3153
    1319       1.2568
    1320       1.2043
    1321       1.2462
    1322       1.2324
    1323       1.2764
    1324       1.2006
    1325       1.2133
    1326       1.2308
    1327       1.2630
    1328       1.2139
    1329       1.2369
    1330       1.2386
    1331       1.2628
    1332       1.2408
    1333       1.3004
    1334       1.3398
    1335       1.4001
    1336       1.3782
    1337       1.3770
    1338       1.3329
    1339       1.3289
    1340       1.5328
    1341       1.4891
    1342       1.3897
    1343       1.3580
    1344       1.4561
    1345       1.3513
    1346       1.3139
    1347       1.3069
    1348       1.3435
    1349       1.2928
    1350       1.3940
    1351       1.3918
    1352       1.4283
    1353       1.3992
    1354       1.4548
    1355       1.5156
    1356       1.5159
    1357       1.4675
    1358       1.3889
    1359       1.4729
    1360       1.4706
    1361       1.4374
    1362       1.4568
    1363       1.5172
    1364       1.5229
    1365       1.4608
    1366       1.5884
    1367       1.5403
    1368       1.5800
    1369       1.5639
    1370       1.5661
    1371       1.5395
    1372       1.5458
    1373       1.5160
    1374       1.5051
    1375       1.5239
    1376       1.4636
    1377       1.5272
    1378       1.5853
    1379       1.5236
    1380       1.5699
    1381       1.6012
    1382       1.5879
    1383       1.5844
    1384       1.4978
    1385       1.5621
    1386       1.5036
    1387       1.4596
    1388       1.4914
    1389       1.4874
    1390       1.4484
    1391       1.4813
    1392       1.4754
    1393       1.5205
    1394       1.6291
    1395       1.7277
    1396       1.6412
    1397       1.5992
    1398       1.6569
    1399       1.5642
    1400       1.5992
    1401       1.6514
    1402       1.5134
    1403       1.5315
    1404       1.5158
    1405       1.4207
    1406       1.4829
    1407       1.4349
    1408       1.4896
    1409       1.5764
    1410       1.5331
    1411       1.5740
    1412       1.5412
    1413       1.5759
    1414       1.5224
    1415       1.5187
    1416       1.4755
    1417       1.4924
    1418       1.4878
    1419       1.5649
    1420       1.5160
    1421       1.4423
    1422       1.4780
    1423       1.4967
    1424       1.4621
    1425       1.4661
    1426       1.4775
    1427       1.4921
    1428       1.4663
    1429       1.4564
    1430       1.4753
    1431       1.4674
    1432       1.4652
    1433       1.4672
    1434       1.5101
    1435       1.4249
    1436       1.4529
    1437       1.4225
    1438       1.4913
    1439       1.5209
    1440       1.5606
    1441       1.5437
    1442       1.5352
    1443       1.5388
    1444       1.5260
    1445       1.4905
    1446       1.4534
    1447       1.4521
    1448       1.4504
    1449       1.4920
    1450       1.5136
    1451       1.5189
    1452       1.4726
    1453       1.4730
    1454       1.5568
    1455       1.4849
    1456       1.5131
    1457       1.5300
    1458       1.4828
    1459       1.4809
    1460       1.4873
    1461       1.4901
    1462       1.4902
    1463       1.4309
    1464       1.4702
    1465       1.4126
    1466       1.4017
    1467       1.4794
    1468       1.4944
    1469       1.4837
    1470       1.5153
    1471       1.4569
    1472       1.4973
    1473       1.4824
    1474       1.4241
    1475       1.4432
    1476       1.4948
    1477       1.3942
    1478       1.4564
    1479       1.4544
    1480       1.3962
    1481       1.4551
    1482       1.4311
    1483       1.4683
    1484       1.5127
    1485       1.5081
    1486       1.5028
    1487       1.5483
    1488       1.5214
    1489       1.5340
    1490       1.5447
    1491       1.5494
    1492       1.5803
    1493       1.5229
    1494       1.4956
    1495       1.5412
    1496       1.5709
    1497       1.6476
    1498       1.5667
    1499       1.5600
    1500       1.5299
    1501       1.5325
    1502       1.4293
    1503       1.4655
    1504       1.4676
    1505       1.4415
    1506       1.4920
    1507       1.4204
    1508       1.4398
    1509       1.3906
    1510       1.4716
    1511       1.4529
    1512       1.5015
    1513       1.5113
    1514       1.4270
    1515       1.4524
    1516       1.4144
    1517       1.4674
    1518       1.4893
    1519       1.4360
    1520       1.4108
    1521       1.4158
    1522       1.4008
    1523       1.4115
    1524       1.4469
    1525       1.4972
    1526       1.4637
    1527       1.4551
    1528       1.5034
    1529       1.5080
    1530       1.5304
    1531       1.5146
    1532       1.5216
    1533       1.5286
    1534       1.5760
    1535       1.5228
    1536       1.5332
    1537       1.4916
    1538       1.4883
    1539       1.4925
    1540       1.4241
    1541       1.5067
    1542       1.5783
    1543       1.5558
    1544       1.5043
    1545       1.4737
    1546       1.4925
    1547       1.5102
    1548       1.5359
    1549       1.3866
    1550       1.5335
    1551       1.5444
    1552       1.5671
    1553       1.5117
    1554       1.4978
    1555       1.5198
    1556       1.5364
    1557       1.6018
    1558       1.5638
    1559       1.5338
    1560       1.5259
    1561       1.4508
    1562       1.5379
    1563       1.4977
    1564       1.4709
    1565       1.3858
    1566       1.4080
    1567       1.3875
    1568       1.4741
    1569       1.4348
    1570       1.4032
    1571       1.4384
    1572       1.4150
    1573       1.4858
    1574       1.4966
    1575       1.5479
    1576       1.5025
    1577       1.5110
    1578       1.4909
    1579       1.5856
    1580       1.5198
    1581       1.5060
    1582       1.5235
    1583       1.4074
    1584       1.4633
    1585       1.4515
    1586       1.4708
    1587       1.4731
    1588       1.4212
    1589       1.3669
    1590       1.3718
    1591       1.3514
    1592       1.2699
    1593       1.2988
    1594       1.3690
    1595       1.2768
    1596       1.3145
    1597       1.3513
    1598       1.3924
    1599       1.2759
    1600       1.3004
    1601       1.2307
    1602       1.2792
    1603       1.3089
    1604       1.2190
    1605       1.2554
    1606       1.3367
    1607       1.3373
    1608       1.3457
    1609       1.3343
    1610       1.3979
    1611       1.5512
    1612       1.4129
    1613       1.4114
    1614       1.2733
    1615       1.2982
    1616       1.3071
    1617       1.3170
    1618       1.2602
    1619       1.2668
    1620       1.2476
    1621       1.2990
    1622       1.4003
    1623       1.3902
    1624       1.3068
    1625       1.2804
    1626       1.2396
    1627       1.2934
    1628       1.2237
    1629       1.2610
    1630       1.2294
    1631       1.2967
    1632       1.2061
    1633       1.2576
    1634       1.2708
    1635       1.2700
    1636       1.2768
    1637       1.2746
    1638       1.3120
    1639       1.3631
    1640       1.3453
    1641       1.2568
    1642       1.2214
    1643       1.2445
    1644       1.2548
    1645       1.2006
    1646       1.2631
    1647       1.2425
    1648       1.2440
    1649       1.2780
    1650       1.2631
    1651       1.2356
    1652       1.2467
    1653       1.2187
    1654       1.2284
    1655       1.2267
    1656       1.2246
    1657       1.2090
    1658       1.1542
    1659       1.2015
    1660       1.2555
    1661       1.2494
    1662       1.2542
    1663       1.2370
    1664       1.2119
    1665       1.1303
    1666       1.2143
    1667       1.2203
    1668       1.1809
    1669       1.2195
    1670       1.2329
    1671       1.2539
    1672       1.2556
    1673       1.2907
    1674       1.2813
    1675       1.3321
    1676       1.2938
    1677       1.2900
    1678       1.2645
    1679       1.2825
    1680       1.2160
    1681       1.2258
    1682       1.1918
    1683       1.1928
    1684       1.1800
    1685       1.1995
    1686       1.2731
    1687       1.2072
    1688       1.2007
    1689       1.1950
    1690       1.2188
    1691       1.1508
    1692       1.1609
    1693       1.1655
    1694       1.1645
    1695       1.1729
    1696       1.0948
    1697       1.2062
    1698       1.1987
    1699       1.2307
    1700       1.1951
    1701       1.2267
    1702       1.2440
    1703       1.2217
    1704       1.2434
    1705       1.2106
    1706       1.2341
    1707       1.2940
    1708       1.3139
    1709       1.1832
    1710       1.2210
    1711       1.1662
    1712       1.1658
    1713       1.1546
    1714       1.1686
    1715       1.1611
    1716       1.1780
    1717       1.2320
    1718       1.2014
    1719       1.2282
    1720       1.2603
    1721       1.2864
    1722       1.2606
    1723       1.2975
    1724       1.2612
    1725       1.2464
    1726       1.3015
    1727       1.3516
    1728       1.3558
    1729       1.3845
    1730       1.3816
    1731       1.3291
    1732       1.3151
    1733       1.3899
    1734       1.4313
    1735       1.3217
    1736       1.2724
    1737       1.3505
    1738       1.2899
    1739       1.3702
    1740       1.4094
    1741       1.3791
    1742       1.2938
    1743       1.3699
    1744       1.4288
    1745       1.3839
    1746       1.4404
    1747       1.4754
    1748       1.3453
    1749       1.3658
    1750       1.3326
    1751       1.3097
    1752       1.3996
    1753       1.4286
    1754       1.3745
    1755       1.3882
    1756       1.3633
    1757       1.4094
    1758       1.4591
    1759       1.3549
    1760       1.3173
    1761       1.3126
    1762       1.2646
    1763       1.3312
    1764       1.3391
    1765       1.3115
    1766       1.2540
    1767       1.4038
    1768       1.4368
    1769       1.3245
    1770       1.3321
    1771       1.3457
    1772       1.3523
    1773       1.3611
    1774       1.2951
    1775       1.2533
    1776       1.2561
    1777       1.2418
    1778       1.2176
    1779       1.1992
    1780       1.2695
    1781       1.2127
    1782       1.2529
    1783       1.3260
    1784       1.2967
    1785       1.3288
    1786       1.3089
    1787       1.3048
    1788       1.3184
    1789       1.3310
    1790       1.2663
    1791       1.3703
    1792       1.3020
    1793       1.3534
    1794       1.4256
    1795       1.3542
    1796       1.4300
    1797       1.3323
    1798       1.3618
    1799       1.3306
    1800       1.2797
    1801       1.2217
    1802       1.2103
    1803       1.2288
    1804       1.2274
    1805       1.2237
    1806       1.2866
    1807       1.2285
    1808       1.2001
    1809       1.2397
    1810       1.2770
    1811       1.3002
    1812       1.3174
    1813       1.3010
    1814       1.2280
    1815       1.1843
    1816       1.2028
    1817       1.2415
    1818       1.2836
    1819       1.3043
    1820       1.3361
    1821       1.3720
    1822       1.3017
    1823       1.3373
    1824       1.2927
    1825       1.2783
    1826       1.2530
    1827       1.2454
    1828       1.1985
    1829       1.2002
    1830       1.2587
    1831       1.2699
    1832       1.2195
    1833       1.2983
    1834       1.2024
    1835       1.1865
    1836       1.1852
    1837       1.1712
    1838       1.2469
    1839       1.2643
    1840       1.1599
    1841       1.1951
    1842       1.2481
    1843       1.2495
    1844       1.2399
    1845       1.2565
    1846       1.2880
    1847       1.2798
    1848       1.2577
    1849       1.3448
    1850       1.4115
    1851       1.3187
    1852       1.3556
    1853       1.3656
    1854       1.3457
    1855       1.2914
    1856       1.2321
    1857       1.3014
    1858       1.2507
    1859       1.3085
    1860       1.2726
    1861       1.2567
    1862       1.2282
    1863       1.1772
    1864       1.1888
    1865       1.2223
    1866       1.2130
    1867       1.2157
    1868       1.2721
    1869       1.1820
    1870       1.2183
    1871       1.2356
    1872       1.2810
    1873       1.3030
    1874       1.2783
    1875       1.1745
    1876       1.2483
    1877       1.3100
    1878       1.2726
    1879       1.3274
    1880       1.3094
    1881       1.3010
    1882       1.2512
    1883       1.3122
    1884       1.2747
    1885       1.2991
    1886       1.3555
    1887       1.3309
    1888       1.3063
    1889       1.2816
    1890       1.3532
    1891       1.2282
    1892       1.2598
    1893       1.2132
    1894       1.1753
    1895       1.1795
    1896       1.2138
    1897       1.1739
    1898       1.2111
    1899       1.2314
    1900       1.2080
    1901       1.2983
    1902       1.3583
    1903       1.3105
    1904       1.3220
    1905       1.2930
    1906       1.2763
    1907       1.3246
    1908       1.3211
    1909       1.2448
    1910       1.2913
    1911       1.1932
    1912       1.1962
    1913       1.2237
    1914       1.2608
    1915       1.2033
    1916       1.2316
    1917       1.1944
    1918       1.2076
    1919       1.2360
    1920       1.2882
    1921       1.3425
    1922       1.3067
    1923       1.2571
    1924       1.3272
    1925       1.3659
    1926       1.3771
    1927       1.2521
    1928       1.3147
    1929       1.3266
    1930       1.3176
    1931       1.2340
    1932       1.3112
    1933       1.3010
    1934       1.2963
    1935       1.2517
    1936       1.2807
    1937       1.3388
    1938       1.3179
    1939       1.3741
    1940       1.4201
    1941       1.3876
    1942       1.2846
    1943       1.2489
    1944       1.2695
    1945       1.2697
    1946       1.3204
    1947       1.3237
    1948       1.3728
    1949       1.3799
    1950       1.3492
    1951       1.3652
    1952       1.2626
    1953       1.1906
    1954       1.1970
    1955       1.2291
    1956       1.2263
    1957       1.2019
    1958       1.1918
    1959       1.1947
    1960       1.2130
    1961       1.2278
    1962       1.1722
    1963       1.1497
    1964       1.1792
    1965       1.2046
    1966       1.2058
    1967       1.1983
    1968       1.2256
    1969       1.1977
    1970       1.2262
    1971       1.2449
    1972       1.2837
    1973       1.2357
    1974       1.2384
    1975       1.2475
    1976       1.2829
    1977       1.2531
    1978       1.2175
    1979       1.2087
    1980       1.2516
    1981       1.1767
    1982       1.2477
    1983       1.2440
    1984       1.2083
    1985       1.2719
    1986       1.3225
    1987       1.2985
    1988       1.2657
    1989       1.2703
    1990       1.3471
    1991       1.3181
    1992       1.3174
    1993       1.2974
    1994       1.3086
    1995       1.3137
    1996       1.2975
    1997       1.3353
    1998       1.3040
    1999       1.2607
    2000       1.2377
    2001       1.2083
    2002       1.1822
    2003       1.1735
    2004       1.1498
    2005       1.1946
    2006       1.2315
    2007       1.2315
    2008       1.2460
    2009       1.3149
    2010       1.3474
    2011       1.2519
    2012       1.2815
    2013       1.3797
    2014       1.4001
    2015       1.5061
    2016       1.5003
    2017       1.4676
    2018       1.4493
    2019       1.3746
    2020       1.4067
    2021       1.4468
    2022       1.3773
    2023       1.4001
    2024       1.4392
    2025       1.3872
    2026       1.3419
    2027       1.2334
    2028       1.2067
    2029       1.2579
    2030       1.2531
    2031       1.4206
    2032       1.4056
    2033       1.4733
    2034       1.4287
    2035       1.4188
    2036       1.4525
    2037       1.3975
    2038       1.3767
    2039       1.3722
    2040       1.3636
    2041       1.3657
    2042       1.3397
    2043       1.2913
    2044       1.4078
    2045       1.3653
    2046       1.3029
    2047       1.2999
    2048       1.3297
    2049       1.3268
    2050       1.3879
    2051       1.4012
    2052       1.4378
    2053       1.3384
    2054       1.3920
    2055       1.4078
    2056       1.4417
    2057       1.3719
    2058       1.3397
    2059       1.3440
    2060       1.4021
    2061       1.3953
    2062       1.4313
    2063       1.3711
    2064       1.3865
    2065       1.3603
    2066       1.3302
    2067       1.3453
    2068       1.3449
    2069       1.3931
    2070       1.3591
    2071       1.4369
    2072       1.3634
    2073       1.3860
    2074       1.4614
    2075       1.3950
    2076       1.3567
    2077       1.3808
    2078       1.3301
    2079       1.3854
    2080       1.3722
    2081       1.3389
    2082       1.3268
    2083       1.3605
    2084       1.3350
    2085       1.3094
    2086       1.3734
    2087       1.2932
    2088       1.2962
    2089       1.3281
    2090       1.2478
    2091       1.3285
    2092       1.3133
    2093       1.3099
    2094       1.3019
    2095       1.2951
    2096       1.3093
    2097       1.3108
    2098       1.2997
    2099       1.3104
    2100       1.3436
    2101       1.3389
    2102       1.3243
    2103       1.3094
    2104       1.3207
    2105       1.3348
    2106       1.3481
    2107       1.2839
    2108       1.2904
    2109       1.2829
    2110       1.3173
    2111       1.2997
    2112       1.2390
    2113       1.2674
    2114       1.2762
    2115       1.2556
    2116       1.2107
    2117       1.1516
    2118       1.2033
    2119       1.2140
    2120       1.1497
    2121       1.1643
    2122       1.2232
    2123       1.2197
    2124       1.2959
    2125       1.2758
    2126       1.2767
    2127       1.2778
    2128       1.3839
    2129       1.3429
    2130       1.3431
    2131       1.3451
    2132       1.3452
    2133       1.3569
    2134       1.3548
    2135       1.3692
    2136       1.3636
    2137       1.3739
    2138       1.4310
    2139       1.4754
    2140       1.5086
    2141       1.4461
    2142       1.3927
    2143       1.4021
    2144       1.4283
    2145       1.4512
    2146       1.5109
    2147       1.4507
    2148       1.4899
    2149       1.4754
    2150       1.3777
    2151       1.4053
    2152       1.4583
    2153       1.4588
    2154       1.3980
    2155       1.4850
    2156       1.4506
    2157       1.4292
    2158       1.4583
    2159       1.4249
    2160       1.4378
    2161       1.3886
    2162       1.4447
    2163       1.4114
    2164       1.4707
    2165       1.5645
    2166       1.4740
    2167       1.4897
    2168       1.5162
    2169       1.5327
    2170       1.5017
    2171       1.4807
    2172       1.4252
    2173       1.4512
    2174       1.4332
    2175       1.4062
    2176       1.4435
    2177       1.4678
    2178       1.4074
    2179       1.4730
    2180       1.4700
    2181       1.4839
    2182       1.4620
    2183       1.3857
    2184       1.3447
    2185       1.3885
    2186       1.3459
    2187       1.3724
    2188       1.3687
    2189       1.3144
    2190       1.3169
    2191       1.4331
    2192       1.4440
    2193       1.4176
    2194       1.4460
    2195       1.4557
    2196       1.4654
    2197       1.5374
    2198       1.4423
    2199       1.5195
    2200       1.5274
    2201       1.5077
    2202       1.4478
    2203       1.4469
    2204       1.5016
    2205       1.4586
    2206       1.4550
    2207       1.4151
    2208       1.4300
    2209       1.3239
    2210       1.3919
    2211       1.3690
    2212       1.3430
    2213       1.4166
    2214       1.3637
    2215       1.4132
    2216       1.4229
    2217       1.4333
    2218       1.4373
    2219       1.4467
    2220       1.4860
    2221       1.4744
    2222       1.4760
    2223       1.4592
    2224       1.4114
    2225       1.3568
    2226       1.4194
    2227       1.4079
    2228       1.3342
    2229       1.3841
    2230       1.3330
    2231       1.3603
    2232       1.4425
    2233       1.5154
    2234       1.4602
    2235       1.4510
    2236       1.4464
    2237       1.4025
    2238       1.4042
    2239       1.4004
    2240       1.4733
    2241       1.4181
    2242       1.3701
    2243       1.3843
    2244       1.3344
    2245       1.3374
    2246       1.2871
    2247       1.3353
    2248       1.3848
    2249       1.3937
    2250       1.4697
    2251       1.4856
    2252       1.3921
    2253       1.4481
    2254       1.5276
    2255       1.3933
    2256       1.4944
    2257       1.4819
    2258       1.5330
    2259       1.5865
    2260       1.6046
    2261       1.5572
    2262       1.5752
    2263       1.5044
    2264       1.4748
    2265       1.4122
    2266       1.4087
    2267       1.4381
    2268       1.5751
    2269       1.5149
    2270       1.5011
    2271       1.4733
    2272       1.4847
    2273       1.4201
    2274       1.3728
    2275       1.4270
    2276       1.4278
    2277       1.4611
    2278       1.5011
    2279       1.5197
    2280       1.4349
    2281       1.4061
    2282       1.3770
    2283       1.4211
    2284       1.4330
    2285       1.4457
    2286       1.4546
    2287       1.4185
    2288       1.4929
    2289       1.4717
    2290       1.5183
    2291       1.5110
    2292       1.5131
    2293       1.4928
    2294       1.4509
    2295       1.4275
    2296       1.3820
    2297       1.3962
    2298       1.3519
    2299       1.3621
    2300       1.3622
    2301       1.3370
    2302       1.4250
    2303       1.4526
    2304       1.3941
    2305       1.3811
    2306       1.3986
    2307       1.5003
    2308       1.4477
    2309       1.5045
    2310       1.4400
    2311       1.5345
    2312       1.5170
    2313       1.6102
    2314       1.5747
    2315       1.5794
    2316       1.5865
    2317       1.5868
    2318       1.5462
    2319       1.5177
    2320       1.6395
    2321       1.6593
    2322       1.6462
    2323       1.5589
    2324       1.6016
    2325       1.6112
    2326       1.6604
    2327       1.7126
    2328       1.6314
    2329       1.5326
    2330       1.6101
    2331       1.6250
    2332       1.6125
    2333       1.6744
    2334       1.6742
    2335       1.6869
    2336       1.6568
    2337       1.7215
    2338       1.6725
    2339       1.7040
    2340       1.6842
    2341       1.6214
    2342       1.6290
    2343       1.5970
    2344       1.5120
    2345       1.5841
    2346       1.5634
    2347       1.5879
    2348       1.6926
    2349       1.7049
    2350       1.7409
    2351       1.7293
    2352       1.6343
    2353       1.6907
    2354       1.6148
    2355       1.6360
    2356       1.5226
    2357       1.5509
    2358       1.6092
    2359       1.5949
    2360       1.4522
    2361       1.5315
    2362       1.5365
    2363       1.5147
    2364       1.4907
    2365       1.4799
    2366       1.5112
    2367       1.5550
    2368       1.5103
    2369       1.4790
    2370       1.4526
    2371       1.4412
    2372       1.4212
    2373       1.4293
    2374       1.4151
    2375       1.3460
    2376       1.3335
    2377       1.2901
    2378       1.2819
    2379       1.3113
    2380       1.4143
    2381       1.3737
    2382       1.3975
    2383       1.3936
    2384       1.3852
    2385       1.3655
    2386       1.3624
    2387       1.4491
    2388       1.3798
    2389       1.3765
    2390       1.3636
    2391       1.2771
    2392       1.2722
    2393       1.2876
    2394       1.2846
    2395       1.2723
    2396       1.2274
    2397       1.1873
    2398       1.1888
    2399       1.2021
    2400       1.2347
    2401       1.2298
    2402       1.2485
    2403       1.3040
    2404       1.2497
    2405       1.2673
    2406       1.2086
    2407       1.2396
    2408       1.2506
    2409       1.2178
    2410       1.2386
    2411       1.2128
    2412       1.2653
    2413       1.2176
    2414       1.2384
    2415       1.2814
    2416       1.2227
    2417       1.2651
    2418       1.2880
    2419       1.2926
    2420       1.3174
    2421       1.2300
    2422       1.2439
    2423       1.2522
    2424       1.2039
    2425       1.2045
    2426       1.2477
    2427       1.2585
    2428       1.3005
    2429       1.2864
    2430       1.3375
    2431       1.2827
    2432       1.3075
    2433       1.2899
    2434       1.3796
    2435       1.3010
    2436       1.3243
    2437       1.3367
    2438       1.3842
    2439       1.3641
    2440       1.3685
    2441       1.4560
    2442       1.4234
    2443       1.4949
    2444       1.4302
    2445       1.4798
    2446       1.4683
    2447       1.4521
    2448       1.3652
    2449       1.3750
    2450       1.3399
    2451       1.3562
    2452       1.3606
    2453       1.3966
    2454       1.3743
    2455       1.3658
    2456       1.4057
    2457       1.4598
    2458       1.4255
    2459       1.4687
    2460       1.4593
    2461       1.4608
    2462       1.3935
    2463       1.4138
    2464       1.4258
    2465       1.4566
    2466       1.4765
    2467       1.4285
    2468       1.3887
    2469       1.3428
    2470       1.3919
    2471       1.3776
    2472       1.4457
    2473       1.4418
    2474       1.4553
    2475       1.4556
    2476       1.5095
    2477       1.4847
    2478       1.4191
    2479       1.4199
    2480       1.4047
    2481       1.4296
    2482       1.4131
    2483       1.5139
    2484       1.5107
    2485       1.5045
    2486       1.4399
    2487       1.4543
    2488       1.5136
    2489       1.5184
    2490       1.4724
    2491       1.5002
    2492       1.4860
    2493       1.5095
    2494       1.4462
    2495       1.4681
    2496       1.4705
    2497       1.4402
    2498       1.5420
    2499       1.4463
    2500       1.5276
    2501       1.5014
    2502       1.4689
    2503       1.5034
    2504       1.5128
    2505       1.4482
    2506       1.4903
    2507       1.3783
    2508       1.4284
    2509       1.4475
    2510       1.3931
    2511       1.3210
    2512       1.3895
    2513       1.3965
    2514       1.3866
    2515       1.4560
    2516       1.4095
    2517       1.4567
    2518       1.4186
    2519       1.4737
    2520       1.4985
    2521       1.5487
    2522       1.6070
    2523       1.5426
    2524       1.6039
    2525       1.5444
    2526       1.5538
    2527       1.5627
    2528       1.5390
    2529       1.4776
    2530       1.4501
    2531       1.4717
    2532       1.4609
    2533       1.4811
    2534       1.3637
    2535       1.3965
    2536       1.4299
    2537       1.4003
    2538       1.3702
    2539       1.3910
    2540       1.3937
    2541       1.4303
    2542       1.3791
    2543       1.4736
    2544       1.4151
    2545       1.3351
    2546       1.3535
    2547       1.3516
    2548       1.3679
    2549       1.3388
    2550       1.3532
    2551       1.3764
    2552       1.4060
    2553       1.3452
    2554       1.3678
    2555       1.3302
    2556       1.3313
    2557       1.3234
    2558       1.3118
    2559       1.2585
    2560       1.2499
    2561       1.2569
    2562       1.2989
    2563       1.3445
    2564       1.3408
    2565       1.3529
    2566       1.3321
    2567       1.2186
    2568       1.2295
    2569       1.2378
    2570       1.2896
    2571       1.2716
    2572       1.3069
    2573       1.3471
    2574       1.3742
    2575       1.3756
    2576       1.3562
    2577       1.3518
    2578       1.4023
    2579       1.4065
    2580       1.3393
    2581       1.3126
    2582       1.2748
    2583       1.2756
    2584       1.3312
    2585       1.3236
    2586       1.3156
    2587       1.2796
    2588       1.3027
    2589       1.3229
    2590       1.2888
    2591       1.3221
    2592       1.3389
    2593       1.3612
    2594       1.2661
    2595       1.3471
    2596       1.3004
    2597       1.2130
    2598       1.2737
    2599       1.1932
    2600       1.2675
    2601       1.3046
    2602       1.2765
    2603       1.3007
    2604       1.3064
    2605       1.3027
    2606       1.2769
    2607       1.3050
    2608       1.3001
    2609       1.3725
    2610       1.3618
    2611       1.3788
    2612       1.4017
    2613       1.3822
    2614       1.3548
    2615       1.4705
    2616       1.3312
    2617       1.3571
    2618       1.3502
    2619       1.3500
    2620       1.3722
    2621       1.3404
    2622       1.3424
    2623       1.3352
    2624       1.4205
    2625       1.3205
    2626       1.4290
    2627       1.3589
    2628       1.3556
    2629       1.4199
    2630       1.3915
    2631       1.3527
    2632       1.3845
    2633       1.4129
    2634       1.4504
    2635       1.5313
    2636       1.4312
    2637       1.5364
    2638       1.4320
    2639       1.4315
    2640       1.3259
    2641       1.4120
    2642       1.4232
    2643       1.5105
    2644       1.5071
    2645       1.5327
    2646       1.5259
    2647       1.5813
    2648       1.6504
    2649       1.5035
    2650       1.5676
    2651       1.4941
    2652       1.5451
    2653       1.5668
    2654       1.4924
    2655       1.4648
    2656       1.4543
    2657       1.4755
    2658       1.4860
    2659       1.4960
    2660       1.4218
    2661       1.4748
    2662       1.4860
    2663       1.4539
    2664       1.4732
    2665       1.4624
    2666       1.4987
    2667       1.5197
    2668       1.5398
    2669       1.5654
    2670       1.5824
    2671       1.5957
    2672       1.6267
    2673       1.6374
    2674       1.5342
    2675       1.5576
    2676       1.5499
    2677       1.6091
    2678       1.5977
    2679       1.6316
    2680       1.6218
    2681       1.6417
    2682       1.6889
    2683       1.5681
    2684       1.6001
    2685       1.6612
    2686       1.5110
    2687       1.5837
    2688       1.5532
    2689       1.5982
    2690       1.5954
    2691       1.5891
    2692       1.6154
    2693       1.7188
    2694       1.6065
    2695       1.6765
    2696       1.6476
    2697       1.5842
    2698       1.5836
    2699       1.5830
    2700       1.5199
    2701       1.5951
    2702       1.5827
    2703       1.5254
    2704       1.5800
    2705       1.4625
    2706       1.5515
    2707       1.5583
    2708       1.5637
    2709       1.6820
    2710       1.7194
    2711       1.7491
    2712       1.6340
    2713       1.6743
    2714       1.6855
    2715       1.6691
    2716       1.7313
    2717       1.7269
    2718       1.6277
    2719       1.6502
    2720       1.7022
    2721       1.7225
    2722       1.6981
    2723       1.6784
    2724       1.6739
    2725       1.6026
    2726       1.6356
    2727       1.7270
    2728       1.6798
    2729       1.6395
    2730       1.6194
    2731       1.6094
    2732       1.6233
    2733       1.6917
    2734       1.6488
    2735       1.6437
    2736       1.6003
    2737       1.5818
    2738       1.5837
    2739       1.6498
    2740       1.5622
    2741       1.5617
    2742       1.6195
    2743       1.5420
    2744       1.5647
    2745       1.5263
    2746       1.5872
    2747       1.5427
    2748       1.5668
    2749       1.5795
    2750       1.5167
    2751       1.5617
    2752       1.5851
    2753       1.6076
    2754       1.6155
    2755       1.6524
    2756       1.6639
    2757       1.6281
    2758       1.6774
    2759       1.5907
    2760       1.5070
    2761       1.5859
    2762       1.5046
    2763       1.5454
    2764       1.6184
    2765       1.5677
    2766       1.6577
    2767       1.6643
    2768       1.6471
    2769       1.5710
    2770       1.6381
    2771       1.6021
    2772       1.5747
    2773       1.5905
    2774       1.5844
    2775       1.5499
    2776       1.5347
    2777       1.4831
    2778       1.4804
    2779       1.4988
    2780       1.5165
    2781       1.4332
    2782       1.4267
    2783       1.4724
    2784       1.5050
    2785       1.5136
    2786       1.4888
    2787       1.4423
    2788       1.4569
    2789       1.4553
    2790       1.4186
    2791       1.4200
    2792       1.4667
    2793       1.4318
    2794       1.5064
    2795       1.5173
    2796       1.5606
    2797       1.5869
    2798       1.5484
    2799       1.5450
    2800       1.5199
    2801       1.5447
    2802       1.5182
    2803       1.5542
    2804       1.4806
    2805       1.5290
    2806       1.5412
    2807       1.5273
    2808       1.5574
    2809       1.5540
    2810       1.5538
    2811       1.5868
    2812       1.5069
    2813       1.4542
    2814       1.4090
    2815       1.4065
    2816       1.4485
    2817       1.4091
    2818       1.4438
    2819       1.4392
    2820       1.4197
    2821       1.4744
    2822       1.4934
    2823       1.4667
    2824       1.4216
    2825       1.4975
    2826       1.4774
    2827       1.4441
    2828       1.4614
    2829       1.4185
    2830       1.4505
    2831       1.4715
    2832       1.4128
    2833       1.3692
    2834       1.4541
    2835       1.4139
    2836       1.3774
    2837       1.3805
    2838       1.4818
    2839       1.4231
    2840       1.4383
    2841       1.4868
    2842       1.4470
    2843       1.5101
    2844       1.4641
    2845       1.4965
    2846       1.4809
    2847       1.5030
    2848       1.5545
    2849       1.5680
    2850       1.5408
    2851       1.5410
    2852       1.5254
    2853       1.5380
    2854       1.6001
    2855       1.5613
    2856       1.5616
    2857       1.4529
    2858       1.4393
    2859       1.4553
    2860       1.3792
    2861       1.3910
    2862       1.4083
    2863       1.5035
    2864       1.4773
    2865       1.4304
    2866       1.4813
    2867       1.4561
    2868       1.5132
    2869       1.5290
    2870       1.5348
    2871       1.4763
    2872       1.5911
    2873       1.6001
    2874       1.5786
    2875       1.5485
    2876       1.5556
    2877       1.6174
    2878       1.5662
    2879       1.5986
    2880       1.4982
    2881       1.4721
    2882       1.5387
    2883       1.5654
    2884       1.4799
    2885       1.5196
    2886       1.5442
    2887       1.5035
    2888       1.5414
    2889       1.5782
    2890       1.4956
    2891       1.5404
    2892       1.5748
    2893       1.5753
    2894       1.5965
    2895       1.5942
    2896       1.6264
    2897       1.5854
    2898       1.6657
    2899       1.4950
    2900       1.5127
    2901       1.4936
    2902       1.4508
    2903       1.5160
    2904       1.5644
    2905       1.5679
    2906       1.6293
    2907       1.7111
    2908       1.6676
    2909       1.7180
    2910       1.8240
    2911       1.8291
    2912       1.7381
    2913       1.7311
    2914       1.7535
    2915       1.6328
    2916       1.7536
    2917       1.7277
    2918       1.6983
    2919       1.7649
    2920       1.6865
    2921       1.7477
    2922       1.6513
    2923       1.6616
    2924       1.6254
    2925       1.6187
    2926       1.6187
    2927       1.6457
    2928       1.5926
    2929       1.6383
    2930       1.6248
    2931       1.6365
    2932       1.6338
    2933       1.6459
    2934       1.6757
    2935       1.6744
    2936       1.6202
    2937       1.6114
    2938       1.5687
    2939       1.4963
    2940       1.5211
    2941       1.5258
    2942       1.5709
    2943       1.6003
    2944       1.5595
    2945       1.5653
    2946       1.5523
    2947       1.6054
    2948       1.6794
    2949       1.7067
    2950       1.6782
    2951       1.6212
    2952       1.6117
    2953       1.7094
    2954       1.6714
    2955       1.6520
    2956       1.5080
    2957       1.5718
    2958       1.6125
    2959       1.6264
    2960       1.6692
    2961       1.6670
    2962       1.6313
    2963       1.5437
    2964       1.5882
    2965       1.5861
    2966       1.5115
    2967       1.5127
    2968       1.5958
    2969       1.5528
    2970       1.5840
    2971       1.5362
    2972       1.5261
    2973       1.4344
    2974       1.4743
    2975       1.4955
    2976       1.4577
    2977       1.5299
    2978       1.5500
    2979       1.5540
    2980       1.5103
    2981       1.4628
    2982       1.3953
    2983       1.3912
    2984       1.4342
    2985       1.4381
    2986       1.4664
    2987       1.5215
    2988       1.5209
    2989       1.5397
    2990       1.4993
    2991       1.4354
    2992       1.5464
    2993       1.5167
    2994       1.4895
    2995       1.4547
    2996       1.4537
    2997       1.4754
    2998       1.5115
    2999       1.4073
    3000       1.4485
    3001       1.5015
    3002       1.4838
    3003       1.4970
    3004       1.5446
    3005       1.5276
    3006       1.5243
    3007       1.5219
    3008       1.4135
    3009       1.4670
    3010       1.4044
    3011       1.4739
    3012       1.4174
    3013       1.4186
    3014       1.4155
    3015       1.4582
    3016       1.4845
    3017       1.4020
    3018       1.4021
    3019       1.4778
    3020       1.4571
    3021       1.4581
    3022       1.4744
    3023       1.5027
    3024       1.3960
    3025       1.4801
    3026       1.5047
    3027       1.4376
    3028       1.5235
    3029       1.5272
    3030       1.5240
    3031       1.6236
    3032       1.5161
    3033       1.5394
    3034       1.5530
    3035       1.5409
    3036       1.4473
    3037       1.4343
    3038       1.4255
    3039       1.5290
    3040       1.5181
    3041       1.5088
    3042       1.5174
    3043       1.4800
    3044       1.4610
    3045       1.5098
    3046       1.4786
    3047       1.5233
    3048       1.4231
    3049       1.5265
    3050       1.4656
    3051       1.4718
    3052       1.5248
    3053       1.4856
    3054       1.4924
    3055       1.5234
    3056       1.4981
    3057       1.4731
    3058       1.5065
    3059       1.3800
    3060       1.3925
    3061       1.4673
    3062       1.4636
    3063       1.4581
    3064       1.4240
    3065       1.4456
    3066       1.4778
    3067       1.4715
    3068       1.4351
    3069       1.5062
    3070       1.5372
    3071       1.4881
    3072       1.4783
    3073       1.4605
    3074       1.5073
    3075       1.4930
    3076       1.5320
    3077       1.5035
    3078       1.4787
    3079       1.4744
    3080       1.4728
    3081       1.4394
    3082       1.4413
    3083       1.4013
    3084       1.4037
    3085       1.4434
    3086       1.4463
    3087       1.4521
    3088       1.4428
    3089       1.4896
    3090       1.5146
    3091       1.5025
    3092       1.4362
    3093       1.4598
    3094       1.4025
    3095       1.4553
    3096       1.4328
    3097       1.3815
    3098       1.3944
    3099       1.4325
    3100       1.4338
    3101       1.4280
    3102       1.3832
    3103       1.4566
    3104       1.3953
    3105       1.4084
    3106       1.3784
    3107       1.3922
    3108       1.4018
    3109       1.4165
    3110       1.4746
    3111       1.3968
    3112       1.4412
    3113       1.4576
    3114       1.4665
    3115       1.4462
    3116       1.5001
    3117       1.5776
    3118       1.5437
    3119       1.5218
    3120       1.4388
    3121       1.4015
    3122       1.4357
    3123       1.4414
    3124       1.3989
    3125       1.3487
