#Frame     RMSD_00001
       1       0.0000
       2       0.6409
       3       0.7086
       4       0.8131
       5       0.8502
       6       0.8706
       7       0.8888
       8       0.8721
       9       0.8039
      10       0.8271
      11       0.8546
      12       0.8718
      13       0.8205
      14       0.8290
      15       0.8316
      16       0.9256
      17       0.9074
      18       0.9853
      19       0.9414
      20       0.8243
      21       0.8087
      22       0.8849
      23       0.9667
      24       0.9310
      25       0.9472
      26       0.9302
      27       0.9869
      28       0.9280
      29       0.9897
      30       1.0355
      31       1.0548
      32       1.0329
      33       1.0986
      34       1.0415
      35       0.9517
      36       0.8851
      37       0.9973
      38       0.9918
      39       0.9354
      40       1.0196
      41       1.0718
      42       0.9407
      43       1.0218
      44       1.0583
      45       1.0625
      46       1.0917
      47       1.0792
      48       1.0679
      49       1.0812
      50       1.0162
      51       1.0487
      52       1.1355
      53       1.0888
      54       1.1563
      55       1.1415
      56       1.0767
      57       1.0963
      58       1.0192
      59       1.0255
      60       1.0146
      61       1.0027
      62       0.9296
      63       1.0342
      64       1.0319
      65       0.9865
      66       0.9333
      67       1.0055
      68       0.9501
      69       0.9482
      70       0.9754
      71       1.0171
      72       1.1154
      73       1.0889
      74       1.0220
      75       1.1792
      76       1.0975
      77       1.0590
      78       0.9945
      79       1.0468
      80       0.9947
      81       0.9602
      82       1.0122
      83       0.9433
      84       0.9628
      85       1.0076
      86       1.0489
      87       1.0417
      88       0.9918
      89       0.9824
      90       0.9981
      91       1.0102
      92       1.0393
      93       0.9956
      94       0.9831
      95       1.0086
      96       0.9784
      97       0.9946
      98       0.9988
      99       0.9319
     100       0.9526
     101       1.0279
     102       1.0855
     103       1.1274
     104       1.1108
     105       1.0194
     106       1.0233
     107       1.0984
     108       1.0511
     109       1.0544
     110       1.0119
     111       0.9830
     112       0.9754
     113       0.9527
     114       0.9396
     115       0.9737
     116       1.0155
     117       1.0394
     118       1.0197
     119       0.9913
     120       1.0469
     121       1.0736
     122       1.0623
     123       1.0213
     124       1.0924
     125       1.0186
     126       1.0494
     127       1.0884
     128       1.1518
     129       1.0919
     130       1.0259
     131       1.0565
     132       1.0416
     133       1.0801
     134       1.1439
     135       1.1203
     136       1.1737
     137       1.1733
     138       1.1174
     139       1.0831
     140       1.0718
     141       1.0486
     142       1.0017
     143       1.0137
     144       1.0416
     145       1.0232
     146       1.0527
     147       1.0234
     148       1.0737
     149       1.1599
     150       1.2089
     151       1.2465
     152       1.1953
     153       1.1306
     154       1.0261
     155       1.0787
     156       1.0571
     157       1.0863
     158       1.1151
     159       1.1056
     160       1.0579
     161       1.1161
     162       1.1423
     163       1.1394
     164       1.0838
     165       1.1809
     166       1.3368
     167       1.3204
     168       1.3224
     169       1.2882
     170       1.2701
     171       1.3171
     172       1.3255
     173       1.2860
     174       1.2231
     175       1.2268
     176       1.2928
     177       1.3223
     178       1.2332
     179       1.1486
     180       1.1255
     181       1.1406
     182       1.2209
     183       1.2290
     184       1.1915
     185       1.2212
     186       1.3493
     187       1.2858
     188       1.2188
     189       1.2982
     190       1.2358
     191       1.2759
     192       1.2789
     193       1.3258
     194       1.3430
     195       1.3826
     196       1.3463
     197       1.3151
     198       1.2303
     199       1.2273
     200       1.2123
     201       1.1816
     202       1.2148
     203       1.2126
     204       1.1936
     205       1.1732
     206       1.1753
     207       1.1319
     208       1.0877
     209       1.1449
     210       1.1380
     211       1.1352
     212       1.1535
     213       1.2159
     214       1.2459
     215       1.2152
     216       1.1500
     217       1.1719
     218       1.2197
     219       1.1952
     220       1.1305
     221       1.1759
     222       1.1177
     223       1.1202
     224       1.0674
     225       1.0862
     226       1.0785
     227       1.1288
     228       1.1401
     229       1.1677
     230       1.2298
     231       1.1683
     232       1.1360
     233       1.1830
     234       1.1811
     235       1.1871
     236       1.2152
     237       1.1727
     238       1.1851
     239       1.1190
     240       1.1741
     241       1.0949
     242       1.1129
     243       1.0895
     244       1.1358
     245       1.0954
     246       1.0574
     247       1.1488
     248       1.1428
     249       1.2025
     250       1.2638
     251       1.2579
     252       1.1816
     253       1.1435
     254       1.1982
     255       1.0918
     256       1.1365
     257       1.1002
     258       1.1155
     259       1.1226
     260       1.1310
     261       1.1016
     262       1.0699
     263       1.1133
     264       1.0419
     265       1.0150
     266       1.0109
     267       1.0642
     268       1.1031
     269       1.1258
     270       1.1306
     271       1.1497
     272       1.1187
     273       1.1823
     274       1.1869
     275       1.2035
     276       1.1894
     277       1.2015
     278       1.1463
     279       1.1578
     280       1.0918
     281       1.1242
     282       1.1768
     283       1.2083
     284       1.2043
     285       1.2029
     286       1.1376
     287       1.1597
     288       1.0520
     289       1.1089
     290       1.1837
     291       1.1649
     292       1.1399
     293       1.1152
     294       1.0963
     295       1.1793
     296       1.1743
     297       1.2654
     298       1.2260
     299       1.2171
     300       1.1350
     301       1.1922
     302       1.2032
     303       1.1067
     304       1.1007
     305       1.0971
     306       1.1463
     307       1.0486
     308       1.1124
     309       1.1250
     310       1.0953
     311       1.1475
     312       1.1070
     313       1.0985
     314       1.1491
     315       1.0639
     316       1.1376
     317       1.1699
     318       1.1132
     319       1.0912
     320       1.2217
     321       1.2407
     322       1.2352
     323       1.2312
     324       1.2035
     325       1.1208
     326       1.2572
     327       1.2970
     328       1.3095
     329       1.2343
     330       1.2359
     331       1.2250
     332       1.2362
     333       1.2485
     334       1.2739
     335       1.2550
     336       1.2252
     337       1.3415
     338       1.1949
     339       1.2576
     340       1.2076
     341       1.3139
     342       1.2840
     343       1.3244
     344       1.2696
     345       1.2400
     346       1.2476
     347       1.3253
     348       1.3180
     349       1.3116
     350       1.2858
     351       1.3234
     352       1.2528
     353       1.2291
     354       1.1931
     355       1.2434
     356       1.2871
     357       1.3375
     358       1.3769
     359       1.3992
     360       1.4263
     361       1.3692
     362       1.3681
     363       1.3880
     364       1.4115
     365       1.4246
     366       1.3929
     367       1.3182
     368       1.4141
     369       1.3877
     370       1.2600
     371       1.3365
     372       1.3023
     373       1.3314
     374       1.3288
     375       1.3501
     376       1.4195
     377       1.4178
     378       1.3202
     379       1.3408
     380       1.2104
     381       1.3441
     382       1.3274
     383       1.2815
     384       1.3390
     385       1.3609
     386       1.2390
     387       1.2441
     388       1.2010
     389       1.1352
     390       1.1206
     391       1.1777
     392       1.2581
     393       1.1935
     394       1.2634
     395       1.2187
     396       1.2143
     397       1.2837
     398       1.2681
     399       1.3399
     400       1.2897
     401       1.2917
     402       1.1257
     403       1.2230
     404       1.1982
     405       1.1384
     406       1.1702
     407       1.2056
     408       1.2941
     409       1.2050
     410       1.2006
     411       1.1407
     412       1.2060
     413       1.2346
     414       1.2718
     415       1.1209
     416       1.1195
     417       1.1013
     418       1.0257
     419       1.1342
     420       1.1111
     421       1.0959
     422       1.1763
     423       1.0980
     424       1.1492
     425       1.0850
     426       1.0426
     427       1.0812
     428       1.1210
     429       1.0952
     430       1.1884
     431       1.1620
     432       1.1873
     433       1.0870
     434       1.0925
     435       1.1466
     436       1.1153
     437       1.1119
     438       1.1451
     439       1.1152
     440       1.0952
     441       1.1228
     442       1.1424
     443       1.0796
     444       1.0691
     445       1.1244
     446       1.0413
     447       1.1245
     448       1.1105
     449       1.1083
     450       1.0746
     451       1.0697
     452       1.1304
     453       1.1420
     454       1.0758
     455       1.0899
     456       1.2083
     457       1.1733
     458       1.2313
     459       1.1960
     460       1.2395
     461       1.2434
     462       1.1760
     463       1.1005
     464       1.1335
     465       1.1368
     466       1.1073
     467       1.1325
     468       1.1281
     469       1.1793
     470       1.2046
     471       1.3471
     472       1.2638
     473       1.2312
     474       1.2513
     475       1.2794
     476       1.3487
     477       1.2469
     478       1.2949
     479       1.2572
     480       1.2392
     481       1.2386
     482       1.2380
     483       1.2393
     484       1.2307
     485       1.2908
     486       1.2337
     487       1.3141
     488       1.2550
     489       1.1862
     490       1.2043
     491       1.1897
     492       1.1617
     493       1.1631
     494       1.1878
     495       1.1821
     496       1.2220
     497       1.2744
     498       1.2732
     499       1.2814
     500       1.2877
     501       1.3014
     502       1.4002
     503       1.3443
     504       1.3050
     505       1.3322
     506       1.2674
     507       1.2302
     508       1.2091
     509       1.2509
     510       1.1733
     511       1.1845
     512       1.2171
     513       1.2282
     514       1.3947
     515       1.2941
     516       1.2541
     517       1.2567
     518       1.2531
     519       1.2782
     520       1.3336
     521       1.2855
     522       1.2109
     523       1.2670
     524       1.1740
     525       1.1501
     526       1.0943
     527       1.1324
     528       1.1431
     529       1.2691
     530       1.2399
     531       1.1661
     532       1.1664
     533       1.2491
     534       1.2146
     535       1.2758
     536       1.2505
     537       1.2671
     538       1.2288
     539       1.2655
     540       1.2245
     541       1.1910
     542       1.3004
     543       1.3150
     544       1.2213
     545       1.2131
     546       1.2125
     547       1.1679
     548       1.2084
     549       1.2492
     550       1.2901
     551       1.2838
     552       1.2995
     553       1.3284
     554       1.3660
     555       1.3653
     556       1.3499
     557       1.2892
     558       1.2792
     559       1.2336
     560       1.3067
     561       1.2939
     562       1.4133
     563       1.3545
     564       1.3526
     565       1.4287
     566       1.3172
     567       1.4131
     568       1.3659
     569       1.3003
     570       1.2594
     571       1.2319
     572       1.2874
     573       1.2922
     574       1.2642
     575       1.2444
     576       1.2434
     577       1.1749
     578       1.2546
     579       1.1595
     580       1.1621
     581       1.2144
     582       1.2644
     583       1.3321
     584       1.3201
     585       1.4131
     586       1.3469
     587       1.3214
     588       1.3802
     589       1.3492
     590       1.4194
     591       1.3647
     592       1.2808
     593       1.2987
     594       1.2653
     595       1.1885
     596       1.2730
     597       1.2050
     598       1.2850
     599       1.4116
     600       1.3235
     601       1.3022
     602       1.2426
     603       1.3447
     604       1.3353
     605       1.2740
     606       1.2506
     607       1.3353
     608       1.3060
     609       1.2502
     610       1.2569
     611       1.2351
     612       1.1907
     613       1.2240
     614       1.2831
     615       1.2161
     616       1.1884
     617       1.2742
     618       1.2396
     619       1.2249
     620       1.1689
     621       1.1970
     622       1.2703
     623       1.2546
     624       1.3139
     625       1.2320
     626       1.2400
     627       1.2910
     628       1.2411
     629       1.2592
     630       1.1517
     631       1.2419
     632       1.2479
     633       1.2810
     634       1.2797
     635       1.2524
     636       1.2472
     637       1.1955
     638       1.1965
     639       1.2340
     640       1.1395
     641       1.1517
     642       1.1114
     643       1.1314
     644       1.1511
     645       1.1653
     646       1.2171
     647       1.1661
     648       1.2623
     649       1.2585
     650       1.2459
     651       1.2787
     652       1.2126
     653       1.2647
     654       1.2963
     655       1.3096
     656       1.3882
     657       1.2492
     658       1.3013
     659       1.3171
     660       1.2659
     661       1.3159
     662       1.2636
     663       1.2230
     664       1.2222
     665       1.2818
     666       1.3037
     667       1.2395
     668       1.2119
     669       1.2612
     670       1.3149
     671       1.3428
     672       1.3531
     673       1.4641
     674       1.3567
     675       1.3706
     676       1.3838
     677       1.3461
     678       1.4323
     679       1.3816
     680       1.2515
     681       1.2742
     682       1.2387
     683       1.3017
     684       1.2861
     685       1.1731
     686       1.1875
     687       1.1531
     688       1.1919
     689       1.2500
     690       1.2810
     691       1.2777
     692       1.3216
     693       1.3122
     694       1.3484
     695       1.3039
     696       1.1882
     697       1.2457
     698       1.2421
     699       1.2336
     700       1.2576
     701       1.2104
     702       1.2635
     703       1.2642
     704       1.2944
     705       1.2957
     706       1.3034
     707       1.2573
     708       1.2839
     709       1.2432
     710       1.2657
     711       1.3057
     712       1.4058
     713       1.3430
     714       1.3162
     715       1.3429
     716       1.2356
     717       1.2574
     718       1.2010
     719       1.2487
     720       1.2410
     721       1.3382
     722       1.2451
     723       1.2118
     724       1.2427
     725       1.2198
     726       1.2071
     727       1.2303
     728       1.1074
     729       1.1224
     730       1.1676
     731       1.1370
     732       1.1713
     733       1.1832
     734       1.1862
     735       1.2401
     736       1.2195
     737       1.2360
     738       1.1918
     739       1.2230
     740       1.2958
     741       1.2471
     742       1.2631
     743       1.3033
     744       1.2633
     745       1.2442
     746       1.2787
     747       1.1917
     748       1.2271
     749       1.1878
     750       1.1687
     751       1.1926
     752       1.1712
     753       1.2347
     754       1.2405
     755       1.2335
     756       1.2993
     757       1.3582
     758       1.3376
     759       1.3343
     760       1.3223
     761       1.2248
     762       1.2269
     763       1.2622
     764       1.2388
     765       1.2304
     766       1.3283
     767       1.2809
     768       1.2222
     769       1.2277
     770       1.2592
     771       1.3003
     772       1.2388
     773       1.3441
     774       1.2851
     775       1.2864
     776       1.2492
     777       1.3259
     778       1.3078
     779       1.3226
     780       1.3826
     781       1.3864
     782       1.4308
     783       1.3052
     784       1.3347
     785       1.3208
     786       1.3762
     787       1.4372
     788       1.4555
     789       1.5036
     790       1.4604
     791       1.5831
     792       1.6113
     793       1.4900
     794       1.5031
     795       1.5348
     796       1.5820
     797       1.5067
     798       1.5248
     799       1.5895
     800       1.5056
     801       1.5385
     802       1.5303
     803       1.3925
     804       1.4386
     805       1.5306
     806       1.3688
     807       1.4033
     808       1.2778
     809       1.2548
     810       1.2084
     811       1.1336
     812       1.2268
     813       1.3503
     814       1.3016
     815       1.3283
     816       1.3684
     817       1.3937
     818       1.4313
     819       1.3508
     820       1.3531
     821       1.3237
     822       1.2724
     823       1.3221
     824       1.2910
     825       1.3269
     826       1.3155
     827       1.2766
     828       1.2265
     829       1.2856
     830       1.3032
     831       1.2859
     832       1.3266
     833       1.2630
     834       1.2509
     835       1.2501
     836       1.1988
     837       1.2121
     838       1.2804
     839       1.3072
     840       1.3155
     841       1.3269
     842       1.2980
     843       1.2472
     844       1.2011
     845       1.1883
     846       1.2061
     847       1.2129
     848       1.1317
     849       1.1739
     850       1.2191
     851       1.2285
     852       1.3487
     853       1.2947
     854       1.3337
     855       1.2344
     856       1.1919
     857       1.1908
     858       1.2401
     859       1.2447
     860       1.2974
     861       1.2771
     862       1.2932
     863       1.2621
     864       1.3132
     865       1.3694
     866       1.3880
     867       1.3947
     868       1.3571
     869       1.3958
     870       1.3912
     871       1.3620
     872       1.4735
     873       1.4530
     874       1.4896
     875       1.3880
     876       1.3564
     877       1.3922
     878       1.3238
     879       1.3311
     880       1.4381
     881       1.4520
     882       1.3879
     883       1.3573
     884       1.3090
     885       1.3161
     886       1.3481
     887       1.3337
     888       1.3148
     889       1.3216
     890       1.3223
     891       1.2589
     892       1.2561
     893       1.2869
     894       1.2793
     895       1.1995
     896       1.2742
     897       1.2799
     898       1.3693
     899       1.2154
     900       1.2902
     901       1.2609
     902       1.1957
     903       1.2270
     904       1.2184
     905       1.1835
     906       1.3073
     907       1.2901
     908       1.3195
     909       1.2350
     910       1.2990
     911       1.3127
     912       1.2482
     913       1.3268
     914       1.2901
     915       1.2955
     916       1.2884
     917       1.3466
     918       1.2609
     919       1.2543
     920       1.2318
     921       1.3149
     922       1.3012
     923       1.2029
     924       1.2135
     925       1.2177
     926       1.1928
     927       1.1952
     928       1.1621
     929       1.2690
     930       1.2449
     931       1.2589
     932       1.2456
     933       1.2805
     934       1.2459
     935       1.2454
     936       1.2974
     937       1.2276
     938       1.2676
     939       1.2305
     940       1.1872
     941       1.2778
     942       1.3537
     943       1.3624
     944       1.2806
     945       1.2270
     946       1.2409
     947       1.2470
     948       1.1854
     949       1.2233
     950       1.1876
     951       1.2442
     952       1.2849
     953       1.2889
     954       1.2819
     955       1.1903
     956       1.2568
     957       1.2093
     958       1.2477
     959       1.2789
     960       1.2322
     961       1.2084
     962       1.2901
     963       1.2513
     964       1.2841
     965       1.3010
     966       1.2131
     967       1.2066
     968       1.2570
     969       1.2196
     970       1.2062
     971       1.2386
     972       1.3127
     973       1.2718
     974       1.3129
     975       1.2238
     976       1.2530
     977       1.2118
     978       1.1886
     979       1.1123
     980       1.1325
     981       1.1990
     982       1.1777
     983       1.1923
     984       1.1841
     985       1.1945
     986       1.2045
     987       1.2642
     988       1.2362
     989       1.2144
     990       1.2408
     991       1.2458
     992       1.2636
     993       1.3217
     994       1.2828
     995       1.3395
     996       1.3317
     997       1.2909
     998       1.2530
     999       1.2600
    1000       1.2711
    1001       1.2425
    1002       1.3830
    1003       1.3878
    1004       1.4151
    1005       1.3625
    1006       1.4302
    1007       1.2766
    1008       1.3374
    1009       1.2632
    1010       1.2380
    1011       1.2822
    1012       1.2950
    1013       1.3353
    1014       1.3052
    1015       1.3677
    1016       1.3597
    1017       1.2913
    1018       1.2970
    1019       1.3106
    1020       1.5114
    1021       1.4773
    1022       1.4331
    1023       1.4037
    1024       1.3643
    1025       1.3581
    1026       1.3296
    1027       1.3055
    1028       1.3621
    1029       1.4659
    1030       1.4356
    1031       1.4716
    1032       1.3366
    1033       1.4204
    1034       1.4559
    1035       1.4326
    1036       1.4345
    1037       1.4182
    1038       1.3590
    1039       1.2989
    1040       1.3085
    1041       1.3724
    1042       1.3741
    1043       1.3642
    1044       1.3208
    1045       1.3303
    1046       1.3119
    1047       1.3051
    1048       1.2905
    1049       1.4417
    1050       1.3374
    1051       1.3370
    1052       1.3777
    1053       1.3932
    1054       1.3948
    1055       1.4218
    1056       1.4062
    1057       1.3170
    1058       1.3586
    1059       1.3510
    1060       1.3166
    1061       1.3661
    1062       1.4516
    1063       1.3861
    1064       1.4211
    1065       1.4086
    1066       1.4078
    1067       1.3632
    1068       1.4820
    1069       1.4463
    1070       1.4600
    1071       1.4734
    1072       1.5479
    1073       1.5554
    1074       1.4669
    1075       1.4446
    1076       1.4732
    1077       1.4488
    1078       1.4198
    1079       1.4711
    1080       1.4299
    1081       1.4086
    1082       1.3350
    1083       1.3141
    1084       1.3191
    1085       1.4134
    1086       1.5547
    1087       1.4682
    1088       1.4191
    1089       1.4131
    1090       1.4035
    1091       1.4879
    1092       1.4877
    1093       1.3755
    1094       1.3255
    1095       1.2672
    1096       1.3162
    1097       1.3191
    1098       1.2577
    1099       1.2276
    1100       1.2982
    1101       1.3277
    1102       1.2568
    1103       1.2961
    1104       1.2530
    1105       1.2903
    1106       1.3207
    1107       1.2466
    1108       1.2699
    1109       1.2860
    1110       1.2140
    1111       1.2105
    1112       1.2434
    1113       1.3170
    1114       1.1548
    1115       1.1605
    1116       1.2119
    1117       1.2092
    1118       1.1695
    1119       1.1433
    1120       1.1790
    1121       1.1644
    1122       1.2188
    1123       1.1448
    1124       1.2557
    1125       1.2700
    1126       1.2973
    1127       1.3328
    1128       1.3193
    1129       1.2964
    1130       1.2839
    1131       1.3185
    1132       1.3220
    1133       1.3596
    1134       1.3067
    1135       1.3003
    1136       1.2594
    1137       1.2645
    1138       1.2891
    1139       1.3316
    1140       1.3470
    1141       1.3710
    1142       1.2916
    1143       1.2433
    1144       1.4252
    1145       1.4412
    1146       1.3723
    1147       1.4042
    1148       1.3706
    1149       1.3819
    1150       1.3578
    1151       1.4000
    1152       1.4300
    1153       1.4499
    1154       1.4198
    1155       1.4752
    1156       1.4982
    1157       1.4594
    1158       1.4559
    1159       1.3968
    1160       1.4112
    1161       1.4538
    1162       1.4138
    1163       1.4809
    1164       1.4034
    1165       1.3362
    1166       1.3319
    1167       1.3780
    1168       1.3805
    1169       1.4187
    1170       1.3387
    1171       1.3172
    1172       1.3519
    1173       1.3912
    1174       1.4197
    1175       1.4212
    1176       1.3172
    1177       1.3267
    1178       1.3438
    1179       1.3343
    1180       1.3046
    1181       1.3902
    1182       1.3588
    1183       1.3898
    1184       1.4061
    1185       1.3016
    1186       1.3293
    1187       1.4084
    1188       1.4410
    1189       1.4047
    1190       1.3957
    1191       1.4112
    1192       1.4470
    1193       1.3740
    1194       1.3907
    1195       1.4582
    1196       1.3419
    1197       1.3222
    1198       1.3966
    1199       1.3887
    1200       1.4463
    1201       1.4595
    1202       1.4424
    1203       1.4209
    1204       1.3881
    1205       1.5617
    1206       1.5025
    1207       1.4843
    1208       1.4997
    1209       1.5702
    1210       1.5133
    1211       1.4659
    1212       1.4078
    1213       1.4304
    1214       1.5184
    1215       1.4183
    1216       1.5179
    1217       1.4871
    1218       1.5251
    1219       1.6110
    1220       1.5576
    1221       1.5900
    1222       1.5166
    1223       1.5484
    1224       1.5593
    1225       1.6068
    1226       1.5122
    1227       1.5749
    1228       1.5399
    1229       1.5900
    1230       1.6321
    1231       1.5774
    1232       1.5399
    1233       1.4673
    1234       1.4691
    1235       1.4372
    1236       1.3166
    1237       1.3850
    1238       1.3599
    1239       1.3681
    1240       1.3299
    1241       1.4093
    1242       1.4215
    1243       1.3939
    1244       1.3300
    1245       1.3292
    1246       1.2559
    1247       1.3496
    1248       1.3677
    1249       1.3395
    1250       1.3346
    1251       1.3445
    1252       1.3268
    1253       1.3210
    1254       1.3043
    1255       1.3198
    1256       1.2931
    1257       1.3539
    1258       1.3478
    1259       1.3249
    1260       1.2776
    1261       1.2513
    1262       1.2090
    1263       1.2646
    1264       1.3160
    1265       1.3321
    1266       1.3667
    1267       1.4432
    1268       1.3599
    1269       1.4449
    1270       1.3884
    1271       1.3205
    1272       1.2815
    1273       1.3194
    1274       1.3511
    1275       1.3150
    1276       1.2262
    1277       1.2443
    1278       1.2615
    1279       1.2838
    1280       1.3505
    1281       1.3379
    1282       1.2942
    1283       1.3007
    1284       1.2305
    1285       1.2521
    1286       1.2648
    1287       1.2383
    1288       1.2565
    1289       1.2707
    1290       1.2691
    1291       1.2748
    1292       1.2532
    1293       1.3387
    1294       1.2815
    1295       1.2829
    1296       1.2488
    1297       1.3115
    1298       1.2901
    1299       1.3972
    1300       1.4433
    1301       1.3612
    1302       1.3316
    1303       1.3485
    1304       1.3869
    1305       1.3579
    1306       1.3339
    1307       1.4192
    1308       1.3980
    1309       1.3538
    1310       1.2958
    1311       1.2773
    1312       1.3334
    1313       1.2713
    1314       1.2871
    1315       1.2906
    1316       1.3552
    1317       1.3222
    1318       1.2889
    1319       1.3317
    1320       1.3494
    1321       1.4090
    1322       1.3973
    1323       1.3469
    1324       1.4445
    1325       1.3386
    1326       1.3173
    1327       1.3698
    1328       1.3281
    1329       1.3881
    1330       1.3575
    1331       1.3995
    1332       1.3088
    1333       1.3172
    1334       1.3036
    1335       1.3445
    1336       1.3340
    1337       1.3148
    1338       1.3421
    1339       1.3358
    1340       1.2942
    1341       1.2303
    1342       1.3099
    1343       1.2544
    1344       1.2629
    1345       1.2694
    1346       1.3089
    1347       1.3503
    1348       1.2971
    1349       1.2905
    1350       1.2701
    1351       1.3133
    1352       1.3524
    1353       1.3597
    1354       1.3195
    1355       1.3196
    1356       1.3043
    1357       1.3194
    1358       1.2899
    1359       1.3145
    1360       1.2414
    1361       1.2899
    1362       1.2746
    1363       1.3118
    1364       1.3117
    1365       1.3383
    1366       1.2568
    1367       1.2311
    1368       1.3127
    1369       1.3367
    1370       1.2443
    1371       1.2696
    1372       1.2532
    1373       1.2825
    1374       1.2650
    1375       1.3571
    1376       1.2714
    1377       1.3086
    1378       1.3552
    1379       1.3427
    1380       1.3589
    1381       1.2547
    1382       1.2184
    1383       1.2022
    1384       1.2451
    1385       1.2179
    1386       1.3044
    1387       1.3168
    1388       1.3523
    1389       1.3270
    1390       1.3827
    1391       1.3482
    1392       1.3568
    1393       1.3307
    1394       1.3601
    1395       1.4130
    1396       1.4213
    1397       1.4387
    1398       1.4043
    1399       1.4457
    1400       1.3637
    1401       1.4153
    1402       1.4357
    1403       1.3418
    1404       1.3545
    1405       1.3781
    1406       1.3909
    1407       1.4295
    1408       1.3241
    1409       1.3339
    1410       1.2604
    1411       1.2849
    1412       1.3629
    1413       1.3682
    1414       1.3932
    1415       1.3898
    1416       1.3433
    1417       1.3356
    1418       1.2625
    1419       1.3495
    1420       1.3991
    1421       1.3340
    1422       1.3812
    1423       1.3732
    1424       1.4147
    1425       1.2642
    1426       1.2617
    1427       1.2913
    1428       1.2399
    1429       1.2716
    1430       1.3024
    1431       1.2655
    1432       1.2422
    1433       1.2803
    1434       1.2665
    1435       1.3014
    1436       1.2992
    1437       1.2854
    1438       1.2815
    1439       1.2773
    1440       1.2732
    1441       1.2750
    1442       1.2921
    1443       1.2752
    1444       1.2913
    1445       1.1825
    1446       1.1822
    1447       1.2422
    1448       1.2531
    1449       1.2861
    1450       1.3319
    1451       1.2571
    1452       1.2275
    1453       1.1924
    1454       1.2674
    1455       1.2845
    1456       1.2362
    1457       1.2721
    1458       1.2476
    1459       1.3198
    1460       1.3051
    1461       1.2708
    1462       1.2633
    1463       1.2588
    1464       1.2623
    1465       1.2692
    1466       1.2425
    1467       1.2819
    1468       1.2950
    1469       1.3455
    1470       1.3436
    1471       1.2763
    1472       1.2412
    1473       1.3058
    1474       1.3047
    1475       1.3436
    1476       1.3170
    1477       1.3656
    1478       1.2905
    1479       1.2762
    1480       1.2803
    1481       1.2277
    1482       1.1845
    1483       1.2619
    1484       1.2942
    1485       1.3126
    1486       1.3089
    1487       1.3216
    1488       1.3017
    1489       1.2699
    1490       1.2783
    1491       1.3357
    1492       1.3187
    1493       1.2775
    1494       1.2970
    1495       1.3298
    1496       1.3093
    1497       1.3689
    1498       1.4464
    1499       1.3640
    1500       1.2866
    1501       1.3021
    1502       1.3523
    1503       1.2974
    1504       1.3373
    1505       1.2366
    1506       1.2903
    1507       1.3764
    1508       1.3284
    1509       1.2726
    1510       1.3190
    1511       1.3328
    1512       1.2704
    1513       1.3508
    1514       1.3894
    1515       1.3582
    1516       1.3756
    1517       1.4245
    1518       1.4256
    1519       1.3679
    1520       1.3358
    1521       1.3883
    1522       1.3147
    1523       1.3245
    1524       1.3669
    1525       1.2940
    1526       1.2988
    1527       1.3337
    1528       1.3654
    1529       1.2930
    1530       1.3223
    1531       1.3747
    1532       1.3591
    1533       1.3308
    1534       1.4407
    1535       1.4226
    1536       1.4707
    1537       1.4479
    1538       1.4618
    1539       1.4511
    1540       1.4654
    1541       1.4290
    1542       1.4428
    1543       1.4538
    1544       1.3692
    1545       1.3937
    1546       1.3488
    1547       1.2981
    1548       1.3049
    1549       1.3256
    1550       1.2797
    1551       1.2783
    1552       1.3234
    1553       1.3742
    1554       1.2322
    1555       1.2149
    1556       1.2627
    1557       1.3193
    1558       1.2509
    1559       1.2168
    1560       1.2331
    1561       1.2456
    1562       1.2606
    1563       1.2774
    1564       1.2648
    1565       1.2147
    1566       1.3001
    1567       1.3393
    1568       1.2921
    1569       1.3073
    1570       1.2702
    1571       1.2996
    1572       1.3235
    1573       1.2665
    1574       1.1621
    1575       1.1870
    1576       1.2583
    1577       1.2217
    1578       1.1279
    1579       1.2931
    1580       1.3028
    1581       1.2844
    1582       1.2815
    1583       1.3106
    1584       1.3126
    1585       1.3082
    1586       1.2873
    1587       1.2745
    1588       1.3023
    1589       1.3933
    1590       1.2685
    1591       1.1979
    1592       1.2386
    1593       1.3382
    1594       1.2639
    1595       1.2969
    1596       1.3063
    1597       1.2075
    1598       1.2176
    1599       1.2217
    1600       1.2230
    1601       1.2314
    1602       1.2109
    1603       1.2450
    1604       1.3123
    1605       1.3094
    1606       1.3702
    1607       1.2941
    1608       1.2745
    1609       1.2754
    1610       1.2914
    1611       1.2722
    1612       1.2566
    1613       1.2520
    1614       1.2422
    1615       1.2924
    1616       1.2483
    1617       1.2429
    1618       1.2386
    1619       1.3145
    1620       1.2535
    1621       1.2748
    1622       1.2528
    1623       1.2777
    1624       1.3437
    1625       1.3157
    1626       1.3265
    1627       1.2900
    1628       1.2831
    1629       1.2440
    1630       1.2649
    1631       1.3047
    1632       1.2669
    1633       1.3077
    1634       1.2741
    1635       1.2704
    1636       1.2856
    1637       1.3299
    1638       1.3327
    1639       1.4401
    1640       1.4230
    1641       1.3724
    1642       1.3647
    1643       1.3343
    1644       1.3944
    1645       1.3563
    1646       1.3505
    1647       1.3583
    1648       1.3566
    1649       1.2549
    1650       1.3392
    1651       1.3032
    1652       1.3934
    1653       1.4523
    1654       1.3649
    1655       1.3723
    1656       1.3876
    1657       1.3903
    1658       1.4390
    1659       1.3784
    1660       1.3992
    1661       1.3921
    1662       1.3906
    1663       1.4517
    1664       1.4587
    1665       1.4231
    1666       1.4880
    1667       1.5127
    1668       1.5254
    1669       1.5409
    1670       1.4423
    1671       1.4722
    1672       1.5125
    1673       1.4648
    1674       1.4378
    1675       1.3419
    1676       1.3683
    1677       1.4331
    1678       1.4456
    1679       1.4757
    1680       1.5614
    1681       1.5445
    1682       1.4523
    1683       1.5133
    1684       1.5034
    1685       1.4971
    1686       1.5233
    1687       1.4496
    1688       1.5753
    1689       1.5742
    1690       1.5160
    1691       1.4128
    1692       1.4318
    1693       1.4439
    1694       1.3966
    1695       1.3462
    1696       1.3809
    1697       1.2500
    1698       1.2499
    1699       1.3091
    1700       1.2915
    1701       1.3037
    1702       1.3256
    1703       1.3261
    1704       1.2681
    1705       1.2975
    1706       1.2219
    1707       1.2016
    1708       1.2506
    1709       1.1891
    1710       1.1828
    1711       1.1981
    1712       1.2833
    1713       1.1892
    1714       1.1425
    1715       1.0873
    1716       1.1199
    1717       1.2131
    1718       1.2108
    1719       1.1979
    1720       1.1498
    1721       1.1940
    1722       1.2080
    1723       1.1510
    1724       1.1216
    1725       1.2173
    1726       1.2286
    1727       1.2175
    1728       1.2120
    1729       1.1662
    1730       1.2215
    1731       1.2063
    1732       1.2457
    1733       1.2441
    1734       1.2036
    1735       1.2226
    1736       1.2523
    1737       1.3235
    1738       1.2833
    1739       1.2593
    1740       1.2953
    1741       1.3287
    1742       1.3096
    1743       1.3104
    1744       1.2310
    1745       1.2637
    1746       1.2907
    1747       1.2529
    1748       1.2327
    1749       1.3097
    1750       1.3326
    1751       1.3392
    1752       1.2928
    1753       1.3287
    1754       1.3728
    1755       1.3740
    1756       1.3098
    1757       1.3491
    1758       1.4371
    1759       1.4477
    1760       1.4588
    1761       1.4745
    1762       1.4692
    1763       1.4252
    1764       1.4553
    1765       1.3797
    1766       1.2934
    1767       1.2652
    1768       1.2637
    1769       1.2598
    1770       1.3287
    1771       1.2974
    1772       1.3626
    1773       1.4579
    1774       1.3957
    1775       1.4233
    1776       1.3939
    1777       1.3439
    1778       1.3615
    1779       1.3176
    1780       1.3125
    1781       1.2812
    1782       1.3857
    1783       1.3851
    1784       1.3445
    1785       1.2896
    1786       1.2492
    1787       1.2549
    1788       1.2187
    1789       1.1797
    1790       1.2127
    1791       1.2341
    1792       1.2643
    1793       1.4163
    1794       1.4709
    1795       1.5099
    1796       1.4147
    1797       1.3786
    1798       1.4198
    1799       1.4244
    1800       1.4283
    1801       1.4075
    1802       1.3237
    1803       1.3447
    1804       1.3185
    1805       1.3508
    1806       1.3894
    1807       1.4234
    1808       1.3707
    1809       1.3905
    1810       1.4098
    1811       1.3833
    1812       1.3916
    1813       1.3564
    1814       1.2994
    1815       1.3317
    1816       1.3783
    1817       1.4471
    1818       1.3840
    1819       1.3833
    1820       1.3111
    1821       1.3127
    1822       1.3069
    1823       1.2590
    1824       1.2058
    1825       1.2203
    1826       1.2380
    1827       1.2532
    1828       1.2582
    1829       1.1552
    1830       1.2426
    1831       1.2245
    1832       1.2557
    1833       1.2944
    1834       1.2826
    1835       1.2915
    1836       1.2641
    1837       1.2500
    1838       1.2403
    1839       1.2730
    1840       1.2925
    1841       1.2286
    1842       1.2378
    1843       1.2220
    1844       1.2077
    1845       1.2441
    1846       1.2909
    1847       1.3029
    1848       1.3089
    1849       1.2593
    1850       1.3338
    1851       1.3622
    1852       1.4498
    1853       1.3945
    1854       1.4157
    1855       1.3205
    1856       1.3872
    1857       1.3638
    1858       1.3684
    1859       1.3286
    1860       1.3675
    1861       1.3507
    1862       1.3358
    1863       1.3445
    1864       1.3139
    1865       1.3901
    1866       1.3300
    1867       1.3759
    1868       1.4680
    1869       1.4616
    1870       1.3921
    1871       1.4446
    1872       1.3624
    1873       1.2990
    1874       1.2718
    1875       1.2817
    1876       1.2943
    1877       1.2837
    1878       1.3359
    1879       1.3760
    1880       1.3808
    1881       1.4139
    1882       1.3873
    1883       1.4100
    1884       1.3054
    1885       1.3321
    1886       1.3588
    1887       1.4794
    1888       1.4275
    1889       1.4995
    1890       1.4545
    1891       1.4325
    1892       1.5004
    1893       1.4455
    1894       1.4593
    1895       1.4445
    1896       1.3821
    1897       1.3022
    1898       1.3703
    1899       1.3575
    1900       1.4025
    1901       1.3585
    1902       1.3917
    1903       1.3300
    1904       1.3196
    1905       1.2982
    1906       1.3150
    1907       1.3714
    1908       1.3874
    1909       1.3428
    1910       1.3425
    1911       1.3304
    1912       1.3727
    1913       1.4005
    1914       1.3650
    1915       1.4190
    1916       1.3795
    1917       1.4677
    1918       1.4872
    1919       1.3747
    1920       1.4307
    1921       1.3294
    1922       1.3521
    1923       1.4166
    1924       1.5520
    1925       1.3868
    1926       1.3444
    1927       1.3186
    1928       1.3562
    1929       1.4185
    1930       1.3970
    1931       1.3872
    1932       1.5030
    1933       1.5569
    1934       1.5441
    1935       1.5247
    1936       1.4356
    1937       1.5045
    1938       1.4644
    1939       1.4548
    1940       1.5847
    1941       1.5466
    1942       1.4791
    1943       1.4353
    1944       1.3059
    1945       1.4428
    1946       1.3944
    1947       1.5396
    1948       1.4924
    1949       1.4649
    1950       1.5158
    1951       1.4684
    1952       1.5065
    1953       1.5784
    1954       1.5588
    1955       1.5044
    1956       1.5067
    1957       1.5488
    1958       1.6311
    1959       1.5810
    1960       1.6127
    1961       1.6548
    1962       1.6247
    1963       1.5774
    1964       1.5691
    1965       1.5356
    1966       1.5457
    1967       1.5351
    1968       1.4741
    1969       1.5904
    1970       1.5719
    1971       1.6792
    1972       1.7088
    1973       1.6785
    1974       1.6040
    1975       1.6812
    1976       1.6396
    1977       1.7138
    1978       1.7755
    1979       1.6671
    1980       1.7501
    1981       1.7127
    1982       1.7614
    1983       1.7475
    1984       1.7730
    1985       1.7410
    1986       1.7057
    1987       1.6875
    1988       1.6508
    1989       1.5727
    1990       1.6431
    1991       1.5482
    1992       1.6944
    1993       1.6001
    1994       1.5853
    1995       1.5830
    1996       1.4998
    1997       1.5247
    1998       1.5582
    1999       1.6007
    2000       1.5638
    2001       1.5345
    2002       1.5396
    2003       1.5107
    2004       1.5493
    2005       1.5404
    2006       1.6041
    2007       1.5545
    2008       1.5445
    2009       1.5912
    2010       1.6705
    2011       1.6377
    2012       1.5842
    2013       1.6561
    2014       1.5708
    2015       1.6226
    2016       1.5407
    2017       1.5684
    2018       1.5878
    2019       1.6176
    2020       1.6483
    2021       1.6436
    2022       1.6772
    2023       1.5144
    2024       1.5458
    2025       1.5711
    2026       1.5206
    2027       1.4906
    2028       1.4522
    2029       1.4396
    2030       1.4584
    2031       1.4739
    2032       1.4859
    2033       1.4501
    2034       1.3482
    2035       1.4258
    2036       1.4553
    2037       1.5504
    2038       1.5058
    2039       1.5941
    2040       1.5326
    2041       1.5544
    2042       1.5874
    2043       1.5089
    2044       1.6407
    2045       1.5998
    2046       1.4808
    2047       1.5227
    2048       1.6042
    2049       1.5135
    2050       1.4999
    2051       1.4677
    2052       1.4823
    2053       1.4897
    2054       1.5586
    2055       1.5423
    2056       1.4379
    2057       1.4784
    2058       1.4312
    2059       1.5230
    2060       1.5476
    2061       1.5158
    2062       1.4901
    2063       1.5017
    2064       1.5223
    2065       1.5430
    2066       1.5874
    2067       1.6158
    2068       1.5569
    2069       1.6674
    2070       1.5758
    2071       1.6411
    2072       1.6048
    2073       1.5427
    2074       1.5406
    2075       1.5214
    2076       1.4739
    2077       1.4159
    2078       1.4015
    2079       1.5049
    2080       1.4543
    2081       1.5015
    2082       1.4853
    2083       1.4464
    2084       1.4149
    2085       1.3281
    2086       1.3272
    2087       1.3003
    2088       1.2855
    2089       1.3115
    2090       1.2678
    2091       1.2789
    2092       1.3582
    2093       1.4614
    2094       1.4108
    2095       1.5317
    2096       1.5058
    2097       1.5003
    2098       1.4946
    2099       1.4753
    2100       1.4045
    2101       1.3202
    2102       1.3870
    2103       1.3660
    2104       1.4752
    2105       1.4635
    2106       1.3863
    2107       1.4808
    2108       1.4801
    2109       1.3946
    2110       1.3439
    2111       1.2678
    2112       1.4094
    2113       1.4516
    2114       1.4624
    2115       1.3968
    2116       1.3751
    2117       1.4183
    2118       1.3878
    2119       1.3751
    2120       1.3943
    2121       1.4106
    2122       1.4027
    2123       1.3983
    2124       1.4077
    2125       1.4283
    2126       1.3901
    2127       1.3993
    2128       1.4607
    2129       1.4006
    2130       1.4191
    2131       1.5197
    2132       1.5048
    2133       1.3953
    2134       1.3799
    2135       1.3644
    2136       1.3132
    2137       1.4168
    2138       1.3872
    2139       1.5108
    2140       1.5232
    2141       1.5480
    2142       1.5876
    2143       1.5570
    2144       1.5313
    2145       1.5084
    2146       1.5504
    2147       1.5796
    2148       1.4203
    2149       1.4437
    2150       1.4944
    2151       1.4854
    2152       1.5116
    2153       1.4637
    2154       1.5428
    2155       1.4625
    2156       1.4162
    2157       1.3962
    2158       1.3398
    2159       1.3633
    2160       1.4060
    2161       1.4673
    2162       1.4256
    2163       1.3443
    2164       1.3160
    2165       1.3644
    2166       1.3678
    2167       1.3080
    2168       1.3210
    2169       1.3056
    2170       1.3333
    2171       1.3255
    2172       1.3005
    2173       1.3584
    2174       1.2817
    2175       1.2561
    2176       1.2521
    2177       1.2369
    2178       1.2615
    2179       1.2986
    2180       1.2756
    2181       1.3415
    2182       1.3537
    2183       1.3185
    2184       1.3164
    2185       1.3065
    2186       1.3615
    2187       1.2774
    2188       1.3154
    2189       1.2882
    2190       1.2766
    2191       1.2556
    2192       1.3142
    2193       1.2621
    2194       1.2603
    2195       1.3186
    2196       1.3747
    2197       1.3632
    2198       1.4117
    2199       1.3914
    2200       1.4102
    2201       1.4293
    2202       1.4463
    2203       1.3958
    2204       1.4289
    2205       1.5014
    2206       1.4570
    2207       1.4107
    2208       1.3379
    2209       1.2824
    2210       1.4071
    2211       1.4467
    2212       1.5149
    2213       1.5076
    2214       1.5627
    2215       1.5164
    2216       1.4382
    2217       1.3964
    2218       1.3629
    2219       1.3200
    2220       1.4464
    2221       1.4288
    2222       1.3394
    2223       1.3976
    2224       1.3026
    2225       1.2749
    2226       1.2772
    2227       1.2238
    2228       1.2531
    2229       1.3088
    2230       1.3315
    2231       1.3236
    2232       1.3023
    2233       1.3286
    2234       1.3393
    2235       1.2940
    2236       1.2983
    2237       1.2768
    2238       1.2883
    2239       1.2742
    2240       1.3176
    2241       1.3293
    2242       1.3977
    2243       1.4160
    2244       1.4212
    2245       1.4109
    2246       1.3602
    2247       1.2788
    2248       1.2415
    2249       1.2635
    2250       1.2937
    2251       1.3077
    2252       1.2631
    2253       1.2903
    2254       1.2887
    2255       1.2970
    2256       1.3265
    2257       1.2877
    2258       1.2688
    2259       1.2503
    2260       1.2740
    2261       1.2885
    2262       1.2917
    2263       1.3691
    2264       1.3510
    2265       1.3354
    2266       1.4098
    2267       1.2767
    2268       1.2851
    2269       1.3510
    2270       1.3152
    2271       1.2453
    2272       1.2989
    2273       1.2282
    2274       1.2405
    2275       1.3014
    2276       1.2469
    2277       1.2007
    2278       1.2641
    2279       1.3691
    2280       1.3300
    2281       1.3772
    2282       1.3133
    2283       1.3551
    2284       1.3601
    2285       1.2833
    2286       1.2811
    2287       1.2857
    2288       1.2408
    2289       1.2088
    2290       1.2666
    2291       1.2942
    2292       1.3532
    2293       1.3084
    2294       1.3617
    2295       1.3199
    2296       1.2658
    2297       1.2997
    2298       1.2363
    2299       1.2489
    2300       1.2570
    2301       1.3471
    2302       1.4544
    2303       1.4558
    2304       1.4995
    2305       1.5333
    2306       1.4304
    2307       1.3767
    2308       1.2997
    2309       1.3007
    2310       1.3642
    2311       1.3235
    2312       1.3049
    2313       1.2498
    2314       1.2712
    2315       1.2493
    2316       1.2237
    2317       1.2471
    2318       1.2029
    2319       1.2107
    2320       1.2654
    2321       1.3194
    2322       1.3605
    2323       1.3063
    2324       1.2991
    2325       1.3711
    2326       1.2751
    2327       1.3356
    2328       1.3768
    2329       1.4013
    2330       1.3905
    2331       1.4013
    2332       1.4061
    2333       1.4513
    2334       1.4159
    2335       1.4221
    2336       1.3821
    2337       1.3546
    2338       1.4317
    2339       1.3016
    2340       1.3161
    2341       1.3785
    2342       1.4108
    2343       1.4152
    2344       1.3467
    2345       1.3504
    2346       1.3698
    2347       1.4300
    2348       1.4422
    2349       1.4430
    2350       1.3699
    2351       1.3652
    2352       1.4284
    2353       1.3664
    2354       1.3133
    2355       1.3249
    2356       1.4111
    2357       1.3882
    2358       1.3069
    2359       1.4078
    2360       1.5640
    2361       1.4638
    2362       1.4291
    2363       1.4182
    2364       1.3626
    2365       1.3602
    2366       1.4277
    2367       1.4197
    2368       1.4339
    2369       1.2991
    2370       1.2715
    2371       1.2094
    2372       1.2402
    2373       1.2547
    2374       1.2194
    2375       1.2051
    2376       1.2531
    2377       1.2166
    2378       1.2472
    2379       1.2459
    2380       1.2361
    2381       1.2748
    2382       1.2485
    2383       1.2612
    2384       1.2896
    2385       1.2374
    2386       1.2749
    2387       1.3458
    2388       1.2801
    2389       1.2985
    2390       1.2666
    2391       1.3292
    2392       1.3935
    2393       1.4020
    2394       1.3529
    2395       1.4104
    2396       1.3696
    2397       1.3281
    2398       1.3142
    2399       1.3520
    2400       1.3487
    2401       1.3611
    2402       1.3034
    2403       1.3853
    2404       1.3923
    2405       1.3894
    2406       1.4230
    2407       1.4070
    2408       1.3254
    2409       1.3269
    2410       1.3715
    2411       1.3424
    2412       1.3682
    2413       1.3972
    2414       1.3434
    2415       1.3395
    2416       1.3535
    2417       1.3648
    2418       1.4545
    2419       1.4660
    2420       1.4676
    2421       1.4572
    2422       1.4240
    2423       1.4632
    2424       1.3763
    2425       1.4197
    2426       1.3688
    2427       1.3348
    2428       1.3358
    2429       1.3377
    2430       1.3983
    2431       1.3982
    2432       1.3575
    2433       1.3272
    2434       1.3349
    2435       1.3538
    2436       1.3441
    2437       1.2752
    2438       1.2799
    2439       1.2273
    2440       1.2831
    2441       1.2572
    2442       1.2958
    2443       1.2961
    2444       1.2992
    2445       1.3150
    2446       1.3059
    2447       1.3325
    2448       1.3086
    2449       1.3229
    2450       1.3234
    2451       1.2336
    2452       1.3173
    2453       1.1816
    2454       1.3541
    2455       1.3054
    2456       1.2683
    2457       1.2454
    2458       1.2517
    2459       1.3068
    2460       1.2330
    2461       1.2796
    2462       1.2317
    2463       1.2420
    2464       1.2268
    2465       1.2878
    2466       1.2628
    2467       1.3245
    2468       1.3180
    2469       1.2828
    2470       1.2968
    2471       1.2516
    2472       1.2850
    2473       1.3499
    2474       1.3137
    2475       1.3462
    2476       1.2484
    2477       1.2063
    2478       1.2045
    2479       1.2647
    2480       1.2307
    2481       1.2876
    2482       1.1638
    2483       1.1857
    2484       1.2145
    2485       1.1872
    2486       1.2133
    2487       1.1549
    2488       1.2311
    2489       1.2601
    2490       1.2670
    2491       1.3179
    2492       1.3052
    2493       1.3313
    2494       1.3993
    2495       1.3820
    2496       1.4511
    2497       1.4295
    2498       1.3956
    2499       1.4090
    2500       1.4241
    2501       1.3717
    2502       1.3167
    2503       1.3872
    2504       1.2957
    2505       1.4147
    2506       1.4124
    2507       1.4174
    2508       1.4141
    2509       1.3593
    2510       1.2831
    2511       1.2562
    2512       1.2441
    2513       1.2765
    2514       1.2402
    2515       1.2597
    2516       1.2806
    2517       1.2894
    2518       1.2263
    2519       1.2618
    2520       1.2436
    2521       1.1726
    2522       1.2415
    2523       1.1900
    2524       1.2090
    2525       1.2691
    2526       1.1380
    2527       1.1501
    2528       1.1245
    2529       1.2364
    2530       1.1355
    2531       1.1765
    2532       1.1517
    2533       1.2222
    2534       1.2174
    2535       1.2439
    2536       1.2389
    2537       1.2763
    2538       1.1849
    2539       1.2438
    2540       1.1871
    2541       1.2613
    2542       1.1826
    2543       1.1711
    2544       1.2218
    2545       1.2353
    2546       1.2264
    2547       1.2382
    2548       1.3191
    2549       1.3037
    2550       1.3747
    2551       1.3357
    2552       1.3303
    2553       1.2945
    2554       1.3241
    2555       1.2002
    2556       1.2773
    2557       1.2569
    2558       1.2663
    2559       1.2861
    2560       1.3129
    2561       1.3639
    2562       1.3513
    2563       1.3678
    2564       1.3192
    2565       1.3302
    2566       1.3432
    2567       1.2606
    2568       1.2998
    2569       1.3037
    2570       1.2490
    2571       1.2877
    2572       1.3712
    2573       1.3602
    2574       1.3427
    2575       1.3514
    2576       1.3365
    2577       1.3482
    2578       1.3727
    2579       1.3231
    2580       1.2757
    2581       1.3292
    2582       1.2735
    2583       1.2551
    2584       1.2384
    2585       1.2325
    2586       1.2143
    2587       1.1982
    2588       1.1561
    2589       1.2748
    2590       1.2321
    2591       1.2088
    2592       1.1432
    2593       1.1781
    2594       1.0908
    2595       1.2007
    2596       1.1517
    2597       1.1710
    2598       1.2800
    2599       1.3072
    2600       1.2721
    2601       1.2631
    2602       1.2206
    2603       1.2808
    2604       1.1677
    2605       1.2232
    2606       1.1946
    2607       1.3105
    2608       1.2593
    2609       1.2188
    2610       1.3209
    2611       1.2231
    2612       1.1653
    2613       1.1354
    2614       1.2137
    2615       1.1809
    2616       1.0846
    2617       1.1347
    2618       1.1193
    2619       1.1386
    2620       1.1715
    2621       1.0877
    2622       1.2228
    2623       1.2565
    2624       1.2742
    2625       1.2575
    2626       1.2051
    2627       1.3291
    2628       1.3069
    2629       1.3447
    2630       1.2740
    2631       1.2835
    2632       1.2882
    2633       1.2694
    2634       1.3180
    2635       1.2781
    2636       1.3052
    2637       1.4065
    2638       1.3550
    2639       1.3046
    2640       1.2861
    2641       1.2830
    2642       1.3778
    2643       1.2750
    2644       1.2020
    2645       1.2070
    2646       1.2069
    2647       1.1719
    2648       1.1749
    2649       1.1208
    2650       1.1734
    2651       1.1173
    2652       1.1932
    2653       1.1976
    2654       1.1506
    2655       1.1785
    2656       1.1574
    2657       1.1561
    2658       1.1403
    2659       1.1306
    2660       1.1843
    2661       1.1480
    2662       1.1610
    2663       1.2311
    2664       1.2557
    2665       1.1985
    2666       1.2454
    2667       1.2012
    2668       1.1852
    2669       1.1999
    2670       1.2699
    2671       1.1987
    2672       1.2713
    2673       1.2682
    2674       1.2324
    2675       1.2420
    2676       1.2170
    2677       1.2165
    2678       1.2157
    2679       1.1840
    2680       1.1939
    2681       1.2150
    2682       1.2257
    2683       1.2456
    2684       1.2161
    2685       1.2097
    2686       1.1842
    2687       1.1897
    2688       1.1945
    2689       1.1022
    2690       1.2134
    2691       1.2070
    2692       1.1603
    2693       1.2327
    2694       1.1854
    2695       1.2113
    2696       1.1627
    2697       1.2575
    2698       1.2608
    2699       1.2266
    2700       1.2187
    2701       1.1445
    2702       1.1524
    2703       1.1475
    2704       1.1766
    2705       1.1388
    2706       1.1145
    2707       1.1036
    2708       1.0835
    2709       1.0892
    2710       1.0670
    2711       1.1627
    2712       1.1848
    2713       1.2287
    2714       1.2614
    2715       1.2103
    2716       1.1967
    2717       1.1882
    2718       1.1549
    2719       1.1870
    2720       1.1973
    2721       1.2085
    2722       1.2004
    2723       1.1484
    2724       1.1186
    2725       1.1539
    2726       1.1484
    2727       1.1698
    2728       1.1838
    2729       1.1905
    2730       1.1962
    2731       1.1164
    2732       1.1504
    2733       1.1655
    2734       1.1164
    2735       1.0471
    2736       1.0716
    2737       1.1232
    2738       1.0773
    2739       1.0977
    2740       1.1229
    2741       1.0887
    2742       1.0492
    2743       1.0705
    2744       1.0942
    2745       1.1303
    2746       1.1572
    2747       1.1987
    2748       1.1800
    2749       1.1735
    2750       1.1824
    2751       1.1805
    2752       1.1958
    2753       1.2137
    2754       1.3321
    2755       1.3501
    2756       1.3544
    2757       1.3797
    2758       1.2902
    2759       1.3339
    2760       1.2875
    2761       1.3264
    2762       1.2699
    2763       1.2917
    2764       1.2114
    2765       1.0866
    2766       1.1860
    2767       1.2418
    2768       1.2152
    2769       1.2074
    2770       1.1837
    2771       1.1599
    2772       1.1508
    2773       1.1761
    2774       1.1406
    2775       1.2387
    2776       1.1541
    2777       1.1425
    2778       1.0736
    2779       1.1128
    2780       1.1155
    2781       1.1526
    2782       1.1103
    2783       1.0827
    2784       1.1031
    2785       1.1502
    2786       1.1428
    2787       1.1018
    2788       1.0875
    2789       1.1615
    2790       1.1769
    2791       1.1318
    2792       1.1616
    2793       1.1213
    2794       1.1422
    2795       1.1637
    2796       1.1446
    2797       1.0833
    2798       1.1085
    2799       1.0782
    2800       1.1101
    2801       1.1860
    2802       1.1958
    2803       1.2156
    2804       1.2093
    2805       1.2220
    2806       1.2299
    2807       1.3105
    2808       1.2666
    2809       1.3372
    2810       1.2615
    2811       1.3233
    2812       1.3490
    2813       1.4314
    2814       1.4264
    2815       1.4336
    2816       1.4106
    2817       1.4059
    2818       1.3626
    2819       1.3163
    2820       1.4712
    2821       1.4386
    2822       1.4319
    2823       1.4203
    2824       1.4961
    2825       1.3561
    2826       1.3943
    2827       1.3762
    2828       1.3614
    2829       1.3169
    2830       1.3553
    2831       1.3364
    2832       1.3386
    2833       1.3495
    2834       1.2886
    2835       1.3857
    2836       1.4015
    2837       1.2689
    2838       1.3077
    2839       1.2972
    2840       1.3602
    2841       1.4884
    2842       1.4604
    2843       1.5301
    2844       1.4958
    2845       1.3585
    2846       1.4440
    2847       1.4651
    2848       1.5262
    2849       1.5321
    2850       1.4655
    2851       1.4682
    2852       1.3981
    2853       1.3715
    2854       1.3537
    2855       1.3587
    2856       1.3466
    2857       1.2940
    2858       1.2067
    2859       1.3176
    2860       1.2865
    2861       1.3017
    2862       1.2525
    2863       1.2133
    2864       1.2131
    2865       1.2099
    2866       1.2310
    2867       1.2149
    2868       1.2740
    2869       1.2416
    2870       1.2763
    2871       1.3580
    2872       1.3657
    2873       1.2698
    2874       1.3977
    2875       1.4095
    2876       1.3685
    2877       1.4800
    2878       1.3222
    2879       1.2712
    2880       1.2656
    2881       1.2841
    2882       1.3398
    2883       1.2979
    2884       1.3901
    2885       1.3560
    2886       1.3521
    2887       1.2980
    2888       1.3066
    2889       1.2332
    2890       1.2800
    2891       1.2581
    2892       1.1730
    2893       1.2604
    2894       1.2417
    2895       1.2026
    2896       1.2411
    2897       1.2324
    2898       1.1957
    2899       1.1655
    2900       1.1711
    2901       1.2620
    2902       1.2696
    2903       1.2873
    2904       1.3837
    2905       1.2909
    2906       1.2685
    2907       1.2271
    2908       1.1736
    2909       1.2505
    2910       1.3195
    2911       1.3383
    2912       1.4116
    2913       1.3227
    2914       1.2598
    2915       1.3301
    2916       1.3159
    2917       1.3023
    2918       1.3254
    2919       1.3182
    2920       1.2669
    2921       1.3739
    2922       1.3595
    2923       1.3031
    2924       1.2966
    2925       1.2889
    2926       1.2428
    2927       1.2457
    2928       1.2572
    2929       1.2700
    2930       1.3561
    2931       1.3898
    2932       1.2945
    2933       1.2198
    2934       1.2924
    2935       1.2570
    2936       1.2446
    2937       1.2826
    2938       1.2452
    2939       1.2930
    2940       1.3196
    2941       1.2612
    2942       1.1891
    2943       1.2582
    2944       1.3045
    2945       1.3704
    2946       1.2798
    2947       1.3175
    2948       1.3641
    2949       1.3028
    2950       1.2768
    2951       1.3536
    2952       1.3116
    2953       1.2459
    2954       1.2931
    2955       1.2549
    2956       1.2615
    2957       1.2828
    2958       1.2465
    2959       1.1692
    2960       1.1424
    2961       1.1792
    2962       1.2077
    2963       1.1394
    2964       1.1673
    2965       1.2316
    2966       1.2122
    2967       1.1710
    2968       1.2112
    2969       1.2816
    2970       1.1080
    2971       1.1808
    2972       1.2527
    2973       1.1564
    2974       1.2261
    2975       1.1969
    2976       1.1936
    2977       1.2065
    2978       1.2318
    2979       1.3074
    2980       1.3791
    2981       1.3228
    2982       1.2288
    2983       1.2326
    2984       1.2409
    2985       1.1998
    2986       1.1233
    2987       1.1403
    2988       1.1887
    2989       1.1818
    2990       1.0894
    2991       1.0621
    2992       1.0971
    2993       1.1908
    2994       1.2049
    2995       1.1973
    2996       1.1467
    2997       1.1705
    2998       1.1659
    2999       1.1829
    3000       1.2075
    3001       1.2196
    3002       1.1445
    3003       1.2215
    3004       1.2241
    3005       1.1957
    3006       1.2167
    3007       1.1945
    3008       1.2444
    3009       1.2380
    3010       1.1914
    3011       1.1287
    3012       1.1712
    3013       1.2467
    3014       1.2239
    3015       1.1715
    3016       1.1342
    3017       1.1683
    3018       1.1854
    3019       1.1713
    3020       1.2735
    3021       1.2619
    3022       1.2723
    3023       1.2374
    3024       1.2774
    3025       1.2038
    3026       1.1424
    3027       1.2076
    3028       1.1769
    3029       1.1870
    3030       1.2655
    3031       1.3495
    3032       1.2077
    3033       1.2785
    3034       1.3113
    3035       1.3313
    3036       1.3767
    3037       1.4834
    3038       1.3544
    3039       1.2519
    3040       1.2583
    3041       1.1992
    3042       1.1504
    3043       1.2901
    3044       1.2008
    3045       1.1937
    3046       1.2025
    3047       1.2240
    3048       1.2278
    3049       1.2050
    3050       1.1461
    3051       1.1166
    3052       1.1853
    3053       1.1281
    3054       1.1044
    3055       1.1861
    3056       1.1920
    3057       1.2140
    3058       1.1770
    3059       1.1901
    3060       1.1757
    3061       1.2241
    3062       1.1506
    3063       1.1517
    3064       1.1630
    3065       1.1628
    3066       1.2188
    3067       1.2085
    3068       1.3141
    3069       1.2518
    3070       1.2593
    3071       1.2841
    3072       1.1608
    3073       1.2227
    3074       1.2561
    3075       1.2920
    3076       1.2634
    3077       1.3137
    3078       1.3333
    3079       1.3043
    3080       1.2652
    3081       1.3087
    3082       1.3566
    3083       1.3628
    3084       1.4105
    3085       1.3356
    3086       1.2652
    3087       1.2849
    3088       1.2364
    3089       1.2397
    3090       1.3153
    3091       1.3102
    3092       1.2415
    3093       1.2335
    3094       1.2876
    3095       1.2447
    3096       1.2653
    3097       1.2971
    3098       1.3350
    3099       1.3260
    3100       1.3564
    3101       1.3269
    3102       1.3328
    3103       1.2547
    3104       1.2575
    3105       1.2683
    3106       1.2305
    3107       1.2538
    3108       1.2078
    3109       1.1956
    3110       1.1929
    3111       1.2469
    3112       1.1851
    3113       1.2415
    3114       1.2354
    3115       1.2311
    3116       1.3259
    3117       1.2620
    3118       1.3343
    3119       1.2701
    3120       1.3036
    3121       1.2494
    3122       1.1983
    3123       1.2171
    3124       1.2948
    3125       1.2768
