#Frame     RMSD_00001
       1       0.0000
       2       0.6107
       3       0.7416
       4       0.8176
       5       0.8397
       6       0.8984
       7       0.8778
       8       0.8364
       9       0.9386
      10       0.9041
      11       0.8930
      12       0.9100
      13       0.9630
      14       0.9304
      15       0.8748
      16       0.8667
      17       0.9098
      18       0.9472
      19       0.8956
      20       0.8985
      21       0.9011
      22       0.8606
      23       0.8870
      24       0.9772
      25       0.9797
      26       0.9445
      27       1.0169
      28       1.0143
      29       1.0339
      30       0.9825
      31       1.0416
      32       1.0452
      33       1.0494
      34       1.0678
      35       0.9412
      36       0.9228
      37       0.9742
      38       0.9337
      39       0.9346
      40       1.0571
      41       1.0442
      42       1.1025
      43       1.0757
      44       1.0868
      45       1.0758
      46       1.0532
      47       1.0242
      48       0.9820
      49       1.0242
      50       0.9685
      51       1.0942
      52       1.0354
      53       1.0029
      54       1.0138
      55       1.0640
      56       1.0424
      57       1.0657
      58       0.9714
      59       0.9735
      60       1.0928
      61       1.0849
      62       1.0315
      63       1.0684
      64       1.1003
      65       1.0232
      66       1.0469
      67       1.0970
      68       1.0718
      69       1.0408
      70       1.0638
      71       1.0333
      72       1.0813
      73       1.0394
      74       0.9987
      75       1.0160
      76       0.9976
      77       0.9717
      78       0.9333
      79       0.9392
      80       1.0206
      81       1.0005
      82       1.0643
      83       1.0543
      84       0.9791
      85       1.0440
      86       1.0790
      87       1.0421
      88       1.0547
      89       1.0971
      90       1.1065
      91       1.1316
      92       1.0609
      93       1.0201
      94       1.0182
      95       1.1094
      96       1.0153
      97       0.9515
      98       0.8539
      99       0.8735
     100       0.9543
     101       0.8918
     102       0.9832
     103       0.9873
     104       0.9934
     105       0.8944
     106       0.9320
     107       0.9337
     108       0.9638
     109       0.9718
     110       0.9843
     111       0.9909
     112       1.1750
     113       1.1488
     114       1.1075
     115       1.1105
     116       1.0189
     117       1.0619
     118       1.0647
     119       1.0144
     120       1.0201
     121       1.0228
     122       1.0915
     123       1.1339
     124       1.1187
     125       1.0526
     126       1.0299
     127       1.0109
     128       0.9454
     129       1.1078
     130       1.0612
     131       1.1393
     132       1.1173
     133       1.2769
     134       1.2910
     135       1.2240
     136       1.2387
     137       1.2439
     138       1.2181
     139       1.1907
     140       1.1435
     141       1.1938
     142       1.1024
     143       1.1155
     144       1.1029
     145       1.1046
     146       1.0364
     147       0.9793
     148       0.9478
     149       0.9290
     150       0.9458
     151       0.9683
     152       0.9028
     153       0.9237
     154       0.9138
     155       0.9581
     156       0.8854
     157       0.8940
     158       0.9502
     159       1.0500
     160       1.1326
     161       1.0393
     162       0.9425
     163       0.9770
     164       0.9178
     165       0.9263
     166       1.0470
     167       1.1299
     168       1.0859
     169       1.0590
     170       0.9266
     171       0.9511
     172       0.9005
     173       0.9702
     174       1.0499
     175       1.0771
     176       1.0096
     177       0.9240
     178       0.9720
     179       0.9333
     180       0.9634
     181       1.0102
     182       0.9691
     183       0.9757
     184       0.9388
     185       0.9489
     186       0.9982
     187       0.9991
     188       0.9468
     189       0.9860
     190       0.9306
     191       0.9314
     192       0.9925
     193       0.9762
     194       0.9814
     195       0.9389
     196       1.0100
     197       1.0185
     198       0.9620
     199       0.9500
     200       0.9834
     201       1.0586
     202       1.0902
     203       1.0763
     204       0.9890
     205       1.0581
     206       1.0108
     207       1.0321
     208       0.9758
     209       1.0117
     210       0.9516
     211       0.9523
     212       0.9973
     213       0.9693
     214       0.9157
     215       0.9593
     216       1.0227
     217       1.1162
     218       1.0480
     219       1.0555
     220       1.0325
     221       0.9568
     222       1.0285
     223       0.9919
     224       0.9891
     225       0.9967
     226       1.0500
     227       1.1344
     228       1.0960
     229       1.0788
     230       1.1268
     231       1.0766
     232       1.0952
     233       1.1047
     234       1.1697
     235       1.0500
     236       1.0723
     237       1.0603
     238       1.1310
     239       1.0992
     240       1.1827
     241       1.2076
     242       1.2465
     243       1.1305
     244       1.0938
     245       1.1760
     246       1.1103
     247       1.1223
     248       1.1275
     249       1.1102
     250       1.0702
     251       1.0141
     252       1.0329
     253       1.0617
     254       1.0853
     255       1.0741
     256       1.1473
     257       1.1162
     258       1.1207
     259       1.1462
     260       1.1283
     261       1.1703
     262       1.1553
     263       1.0791
     264       1.0352
     265       1.0093
     266       1.0231
     267       1.0180
     268       0.9547
     269       0.9445
     270       0.9769
     271       0.9733
     272       0.9689
     273       0.9795
     274       0.9858
     275       1.0390
     276       0.9690
     277       0.9902
     278       0.9803
     279       1.1027
     280       0.9987
     281       1.0454
     282       0.9570
     283       1.0355
     284       1.0708
     285       1.0627
     286       0.9697
     287       1.0486
     288       1.0167
     289       1.0301
     290       0.9384
     291       0.9944
     292       1.0965
     293       1.0204
     294       0.9725
     295       0.9881
     296       0.9736
     297       1.0871
     298       1.1755
     299       1.0907
     300       1.1175
     301       1.0493
     302       1.1472
     303       1.1145
     304       1.0922
     305       1.1200
     306       1.1607
     307       1.2013
     308       1.1637
     309       1.1855
     310       1.1246
     311       1.1227
     312       1.1225
     313       1.1377
     314       1.1406
     315       1.1500
     316       1.1462
     317       1.1655
     318       1.1192
     319       1.2064
     320       1.1460
     321       1.0622
     322       1.0771
     323       1.0693
     324       1.0416
     325       1.0908
     326       1.1157
     327       1.0002
     328       1.0308
     329       1.0587
     330       1.0805
     331       1.0743
     332       1.0670
     333       1.0047
     334       1.0253
     335       0.9631
     336       1.0450
     337       1.1423
     338       1.0502
     339       1.1213
     340       1.1028
     341       1.0986
     342       1.1662
     343       1.2209
     344       1.1948
     345       1.1390
     346       1.1694
     347       1.1823
     348       1.1790
     349       1.0973
     350       1.0983
     351       1.1008
     352       1.1062
     353       1.1579
     354       1.0965
     355       1.1111
     356       1.1282
     357       1.1875
     358       1.2545
     359       1.2295
     360       1.1944
     361       1.1149
     362       1.1229
     363       1.0671
     364       1.1253
     365       1.2463
     366       1.2444
     367       1.2552
     368       1.2230
     369       1.1914
     370       1.2050
     371       1.2647
     372       1.2616
     373       1.2771
     374       1.3272
     375       1.2179
     376       1.2705
     377       1.1961
     378       1.1387
     379       1.1697
     380       1.0826
     381       1.0355
     382       1.0379
     383       1.0715
     384       1.1138
     385       1.1583
     386       1.0985
     387       1.1545
     388       1.0269
     389       1.0836
     390       1.1292
     391       1.1040
     392       1.1302
     393       1.1274
     394       1.1534
     395       1.1280
     396       1.1477
     397       1.1438
     398       1.1358
     399       1.1224
     400       1.1927
     401       1.1727
     402       1.1677
     403       1.1683
     404       1.2200
     405       1.2261
     406       1.1896
     407       1.1948
     408       1.1588
     409       1.2664
     410       1.1387
     411       1.1678
     412       1.1216
     413       1.1039
     414       1.0670
     415       1.0129
     416       1.0425
     417       1.0253
     418       1.0507
     419       1.0562
     420       1.1081
     421       1.1150
     422       1.1690
     423       1.1768
     424       1.1605
     425       1.1725
     426       1.2929
     427       1.2618
     428       1.2741
     429       1.2346
     430       1.2083
     431       1.1347
     432       1.1040
     433       1.1302
     434       1.1570
     435       1.1125
     436       1.1605
     437       1.1286
     438       1.1533
     439       1.1377
     440       1.1527
     441       1.2239
     442       1.2019
     443       1.2295
     444       1.1955
     445       1.2665
     446       1.2270
     447       1.1844
     448       1.1830
     449       1.1903
     450       1.1674
     451       1.1774
     452       1.1639
     453       1.1260
     454       1.1323
     455       1.1291
     456       1.0914
     457       1.1133
     458       1.0828
     459       1.0922
     460       1.1230
     461       1.1319
     462       1.1857
     463       1.2531
     464       1.1383
     465       1.1575
     466       1.1324
     467       1.1747
     468       1.2112
     469       1.1153
     470       1.1557
     471       1.1424
     472       1.2106
     473       1.2432
     474       1.1585
     475       1.1308
     476       1.1388
     477       1.1911
     478       1.1251
     479       1.1674
     480       1.1227
     481       1.1576
     482       1.1429
     483       1.1577
     484       1.1509
     485       1.0141
     486       1.2034
     487       1.1623
     488       1.2010
     489       1.1916
     490       1.1464
     491       1.0704
     492       1.1151
     493       1.1687
     494       1.2073
     495       1.2532
     496       1.1574
     497       1.1219
     498       1.2488
     499       1.2459
     500       1.2179
     501       1.3133
     502       1.3381
     503       1.3139
     504       1.3319
     505       1.2987
     506       1.2748
     507       1.2707
     508       1.2445
     509       1.2044
     510       1.3306
     511       1.3650
     512       1.2676
     513       1.3390
     514       1.2937
     515       1.3323
     516       1.3661
     517       1.3148
     518       1.3347
     519       1.3299
     520       1.3158
     521       1.3517
     522       1.3357
     523       1.3141
     524       1.3238
     525       1.1837
     526       1.2328
     527       1.2098
     528       1.2103
     529       1.3333
     530       1.4093
     531       1.3733
     532       1.3162
     533       1.2359
     534       1.1416
     535       1.0444
     536       1.0549
     537       1.1120
     538       1.1715
     539       1.1153
     540       1.1471
     541       1.1994
     542       1.1490
     543       1.1043
     544       1.1522
     545       1.1799
     546       1.2467
     547       1.2087
     548       1.2371
     549       1.2116
     550       1.1998
     551       1.0912
     552       1.0914
     553       1.1441
     554       1.1838
     555       1.1581
     556       1.0754
     557       1.1068
     558       1.0879
     559       1.1281
     560       1.1362
     561       1.1087
     562       1.0145
     563       1.0454
     564       1.0327
     565       1.0549
     566       1.0794
     567       1.0693
     568       1.1988
     569       1.1535
     570       1.1303
     571       1.1165
     572       1.1933
     573       1.2049
     574       1.2698
     575       1.0934
     576       1.1076
     577       1.0992
     578       1.1396
     579       1.1147
     580       1.1163
     581       1.1015
     582       1.0804
     583       1.1029
     584       1.1493
     585       1.1577
     586       1.0773
     587       1.0784
     588       1.1093
     589       1.1377
     590       1.0302
     591       1.1170
     592       1.1532
     593       1.2402
     594       1.2450
     595       1.1719
     596       1.0924
     597       1.1928
     598       1.1847
     599       1.1856
     600       1.2664
     601       1.2952
     602       1.2843
     603       1.2377
     604       1.1265
     605       1.1576
     606       1.2186
     607       1.3003
     608       1.3267
     609       1.3054
     610       1.2228
     611       1.1987
     612       1.2471
     613       1.2332
     614       1.1767
     615       1.3064
     616       1.2571
     617       1.1765
     618       1.2177
     619       1.2256
     620       1.2944
     621       1.3655
     622       1.4504
     623       1.3690
     624       1.3712
     625       1.3651
     626       1.3214
     627       1.3464
     628       1.3244
     629       1.2829
     630       1.3581
     631       1.3386
     632       1.2925
     633       1.3292
     634       1.3005
     635       1.2586
     636       1.2390
     637       1.1493
     638       1.1786
     639       1.1590
     640       1.2935
     641       1.3209
     642       1.2682
     643       1.2392
     644       1.1286
     645       1.1269
     646       1.1561
     647       1.1032
     648       1.1377
     649       1.2085
     650       1.3067
     651       1.1922
     652       1.1996
     653       1.1475
     654       1.1228
     655       1.2267
     656       1.2627
     657       1.2728
     658       1.1791
     659       1.0649
     660       1.0941
     661       1.1412
     662       1.2215
     663       1.1886
     664       1.1872
     665       1.1835
     666       1.2108
     667       1.3009
     668       1.3061
     669       1.2534
     670       1.2152
     671       1.2420
     672       1.1818
     673       1.2115
     674       1.2083
     675       1.2340
     676       1.2619
     677       1.4618
     678       1.4736
     679       1.4831
     680       1.3843
     681       1.3454
     682       1.3791
     683       1.3622
     684       1.3887
     685       1.3470
     686       1.3301
     687       1.2772
     688       1.3624
     689       1.3946
     690       1.3288
     691       1.2364
     692       1.1724
     693       1.1831
     694       1.2337
     695       1.2022
     696       1.1699
     697       1.1695
     698       1.1731
     699       1.2255
     700       1.2415
     701       1.1518
     702       1.1320
     703       1.1790
     704       1.2537
     705       1.2880
     706       1.2882
     707       1.3547
     708       1.2648
     709       1.2627
     710       1.2311
     711       1.2793
     712       1.2371
     713       1.2407
     714       1.2196
     715       1.2658
     716       1.2902
     717       1.2939
     718       1.3079
     719       1.2773
     720       1.3236
     721       1.2086
     722       1.2530
     723       1.2116
     724       1.1385
     725       1.1152
     726       1.1307
     727       1.0426
     728       1.0992
     729       1.0983
     730       1.0973
     731       1.1618
     732       1.2453
     733       1.2373
     734       1.1593
     735       1.1529
     736       1.1791
     737       1.1795
     738       1.2310
     739       1.1973
     740       1.1593
     741       1.2124
     742       1.2782
     743       1.2255
     744       1.2543
     745       1.2215
     746       1.1880
     747       1.1849
     748       1.2988
     749       1.1981
     750       1.2191
     751       1.1610
     752       1.1791
     753       1.1390
     754       1.1782
     755       1.1631
     756       1.2639
     757       1.2384
     758       1.2581
     759       1.2660
     760       1.2106
     761       1.3574
     762       1.2866
     763       1.2866
     764       1.3952
     765       1.4072
     766       1.3688
     767       1.3824
     768       1.3308
     769       1.4500
     770       1.4147
     771       1.4426
     772       1.4380
     773       1.3582
     774       1.3108
     775       1.2746
     776       1.3171
     777       1.2644
     778       1.2990
     779       1.3492
     780       1.3781
     781       1.2971
     782       1.3210
     783       1.2921
     784       1.3720
     785       1.3302
     786       1.3444
     787       1.3801
     788       1.4788
     789       1.4368
     790       1.3753
     791       1.3386
     792       1.2611
     793       1.3439
     794       1.2559
     795       1.2990
     796       1.3230
     797       1.2764
     798       1.3468
     799       1.3210
     800       1.4121
     801       1.3616
     802       1.3431
     803       1.4299
     804       1.4584
     805       1.3544
     806       1.3333
     807       1.3219
     808       1.3512
     809       1.3944
     810       1.3672
     811       1.3482
     812       1.4350
     813       1.4277
     814       1.3779
     815       1.2935
     816       1.3288
     817       1.4212
     818       1.3789
     819       1.3559
     820       1.3279
     821       1.3385
     822       1.4063
     823       1.3585
     824       1.2313
     825       1.3160
     826       1.3729
     827       1.3746
     828       1.3316
     829       1.3134
     830       1.3727
     831       1.4540
     832       1.4093
     833       1.3618
     834       1.3975
     835       1.4376
     836       1.5581
     837       1.5435
     838       1.4532
     839       1.4437
     840       1.3544
     841       1.2724
     842       1.2845
     843       1.2849
     844       1.2812
     845       1.5200
     846       1.4359
     847       1.4950
     848       1.4375
     849       1.4685
     850       1.3699
     851       1.3283
     852       1.3568
     853       1.4107
     854       1.3973
     855       1.5122
     856       1.5081
     857       1.6175
     858       1.6194
     859       1.4525
     860       1.4063
     861       1.4775
     862       1.4177
     863       1.3929
     864       1.3953
     865       1.3365
     866       1.4187
     867       1.3600
     868       1.3475
     869       1.2854
     870       1.2498
     871       1.2275
     872       1.1923
     873       1.1835
     874       1.1794
     875       1.1967
     876       1.1815
     877       1.1061
     878       1.2159
     879       1.1847
     880       1.1505
     881       1.1494
     882       1.1240
     883       1.1595
     884       1.0662
     885       1.1557
     886       1.1049
     887       1.1566
     888       1.0903
     889       1.0815
     890       1.0149
     891       0.9843
     892       1.0620
     893       1.0829
     894       1.0687
     895       1.1260
     896       1.1990
     897       1.1566
     898       1.2151
     899       1.2167
     900       1.2728
     901       1.2401
     902       1.2743
     903       1.2214
     904       1.2341
     905       1.2721
     906       1.2414
     907       1.2503
     908       1.2489
     909       1.3099
     910       1.2931
     911       1.2228
     912       1.1696
     913       1.1131
     914       1.1509
     915       1.1411
     916       1.1231
     917       1.1559
     918       1.0953
     919       1.2248
     920       1.2870
     921       1.2789
     922       1.2944
     923       1.2673
     924       1.2911
     925       1.2608
     926       1.3085
     927       1.2750
     928       1.3863
     929       1.4379
     930       1.4375
     931       1.4106
     932       1.3882
     933       1.4112
     934       1.4982
     935       1.5066
     936       1.4634
     937       1.4211
     938       1.3816
     939       1.3672
     940       1.4329
     941       1.4365
     942       1.4341
     943       1.5419
     944       1.3963
     945       1.4004
     946       1.3824
     947       1.4296
     948       1.4579
     949       1.5746
     950       1.5868
     951       1.5294
     952       1.5236
     953       1.5477
     954       1.6248
     955       1.5936
     956       1.5184
     957       1.4924
     958       1.4965
     959       1.4285
     960       1.3856
     961       1.3176
     962       1.3685
     963       1.3052
     964       1.3502
     965       1.4185
     966       1.3940
     967       1.5148
     968       1.5317
     969       1.4745
     970       1.6461
     971       1.5821
     972       1.5198
     973       1.6124
     974       1.5258
     975       1.4827
     976       1.5070
     977       1.5739
     978       1.5738
     979       1.5560
     980       1.5847
     981       1.5038
     982       1.5433
     983       1.5182
     984       1.5401
     985       1.4735
     986       1.5213
     987       1.5077
     988       1.4938
     989       1.6318
     990       1.6805
     991       1.7717
     992       1.6595
     993       1.6845
     994       1.6507
     995       1.5848
     996       1.5828
     997       1.5488
     998       1.5003
     999       1.6173
    1000       1.6207
    1001       1.5476
    1002       1.4649
    1003       1.5150
    1004       1.4783
    1005       1.5098
    1006       1.4815
    1007       1.4390
    1008       1.4485
    1009       1.3814
    1010       1.2588
    1011       1.3258
    1012       1.3901
    1013       1.3366
    1014       1.3394
    1015       1.4186
    1016       1.3935
    1017       1.3475
    1018       1.4016
    1019       1.3195
    1020       1.2980
    1021       1.2842
    1022       1.2036
    1023       1.3252
    1024       1.3044
    1025       1.3383
    1026       1.3337
    1027       1.3146
    1028       1.3263
    1029       1.3204
    1030       1.3072
    1031       1.3106
    1032       1.2863
    1033       1.2513
    1034       1.2244
    1035       1.2539
    1036       1.2475
    1037       1.2793
    1038       1.3466
    1039       1.3102
    1040       1.2748
    1041       1.3050
    1042       1.2161
    1043       1.2259
    1044       1.1796
    1045       1.1600
    1046       1.2185
    1047       1.2019
    1048       1.2343
    1049       1.2677
    1050       1.2844
    1051       1.3159
    1052       1.2224
    1053       1.3150
    1054       1.3513
    1055       1.2722
    1056       1.3213
    1057       1.2521
    1058       1.2496
    1059       1.2024
    1060       1.2372
    1061       1.2339
    1062       1.1909
    1063       1.1868
    1064       1.1874
    1065       1.1344
    1066       1.2611
    1067       1.2323
    1068       1.3174
    1069       1.3556
    1070       1.3948
    1071       1.3595
    1072       1.4210
    1073       1.4427
    1074       1.4596
    1075       1.5034
    1076       1.4990
    1077       1.4171
    1078       1.5148
    1079       1.4783
    1080       1.5289
    1081       1.5396
    1082       1.6334
    1083       1.6011
    1084       1.6433
    1085       1.6191
    1086       1.5147
    1087       1.5787
    1088       1.7027
    1089       1.7650
    1090       1.7718
    1091       1.7830
    1092       1.6809
    1093       1.6749
    1094       1.7123
    1095       1.7010
    1096       1.6733
    1097       1.7447
    1098       1.6714
    1099       1.5825
    1100       1.4306
    1101       1.5655
    1102       1.5310
    1103       1.5446
    1104       1.5318
    1105       1.5664
    1106       1.5050
    1107       1.5564
    1108       1.5942
    1109       1.6312
    1110       1.7224
    1111       1.8228
    1112       1.9060
    1113       1.7952
    1114       1.8220
    1115       1.7360
    1116       1.7269
    1117       1.6635
    1118       1.6584
    1119       1.6187
    1120       1.6548
    1121       1.7824
    1122       1.8475
    1123       1.8426
    1124       1.6742
    1125       1.6235
    1126       1.6473
    1127       1.6589
    1128       1.7744
    1129       1.8646
    1130       1.6914
    1131       1.7263
    1132       1.6571
    1133       1.6163
    1134       1.6547
    1135       1.6148
    1136       1.5484
    1137       1.6121
    1138       1.6353
    1139       1.6515
    1140       1.6626
    1141       1.7260
    1142       1.6222
    1143       1.6203
    1144       1.5818
    1145       1.6653
    1146       1.6196
    1147       1.6972
    1148       1.6143
    1149       1.6426
    1150       1.6517
    1151       1.7450
    1152       1.6587
    1153       1.5854
    1154       1.4556
    1155       1.4721
    1156       1.5746
    1157       1.5136
    1158       1.4339
    1159       1.4745
    1160       1.4547
    1161       1.4100
    1162       1.4404
    1163       1.4760
    1164       1.6084
    1165       1.6173
    1166       1.5883
    1167       1.4998
    1168       1.4551
    1169       1.5333
    1170       1.5395
    1171       1.6085
    1172       1.5995
    1173       1.5717
    1174       1.4584
    1175       1.5706
    1176       1.5402
    1177       1.5304
    1178       1.4847
    1179       1.3900
    1180       1.4102
    1181       1.3688
    1182       1.3763
    1183       1.3788
    1184       1.4156
    1185       1.4016
    1186       1.4527
    1187       1.4139
    1188       1.4908
    1189       1.5575
    1190       1.5664
    1191       1.5979
    1192       1.6001
    1193       1.5541
    1194       1.5350
    1195       1.5422
    1196       1.5917
    1197       1.5557
    1198       1.5289
    1199       1.5226
    1200       1.5164
    1201       1.5475
    1202       1.5945
    1203       1.5291
    1204       1.5547
    1205       1.4890
    1206       1.4728
    1207       1.5497
    1208       1.5575
    1209       1.5530
    1210       1.5334
    1211       1.5822
    1212       1.4922
    1213       1.4759
    1214       1.5844
    1215       1.6479
    1216       1.6569
    1217       1.5927
    1218       1.5606
    1219       1.7035
    1220       1.6497
    1221       1.6632
    1222       1.5515
    1223       1.6279
    1224       1.6745
    1225       1.5863
    1226       1.6148
    1227       1.5944
    1228       1.6575
    1229       1.6785
    1230       1.6383
    1231       1.5800
    1232       1.5669
    1233       1.6368
    1234       1.6035
    1235       1.5748
    1236       1.5912
    1237       1.5447
    1238       1.6121
    1239       1.6165
    1240       1.6575
    1241       1.6940
    1242       1.6767
    1243       1.6352
    1244       1.7468
    1245       1.6530
    1246       1.6676
    1247       1.6464
    1248       1.5328
    1249       1.5432
    1250       1.5519
    1251       1.6064
    1252       1.6902
    1253       1.6575
    1254       1.7330
    1255       1.7503
    1256       1.6409
    1257       1.7313
    1258       1.6790
    1259       1.6953
    1260       1.6101
    1261       1.5624
    1262       1.5394
    1263       1.6293
    1264       1.5333
    1265       1.6364
    1266       1.6766
    1267       1.7282
    1268       1.6414
    1269       1.6689
    1270       1.7384
    1271       1.6821
    1272       1.7057
    1273       1.6593
    1274       1.5582
    1275       1.6263
    1276       1.6071
    1277       1.6300
    1278       1.7041
    1279       1.6909
    1280       1.7196
    1281       1.6325
    1282       1.6014
    1283       1.6447
    1284       1.5852
    1285       1.6668
    1286       1.5788
    1287       1.6152
    1288       1.5229
    1289       1.4585
    1290       1.5154
    1291       1.5600
    1292       1.5872
    1293       1.5279
    1294       1.5256
    1295       1.5226
    1296       1.5632
    1297       1.5249
    1298       1.4609
    1299       1.5180
    1300       1.6685
    1301       1.7039
    1302       1.6742
    1303       1.7798
    1304       1.6796
    1305       1.6616
    1306       1.7007
    1307       1.7096
    1308       1.6721
    1309       1.6824
    1310       1.7326
    1311       1.7385
    1312       1.7267
    1313       1.6869
    1314       1.6678
    1315       1.5225
    1316       1.4489
    1317       1.5168
    1318       1.5644
    1319       1.5760
    1320       1.5693
    1321       1.5893
    1322       1.6494
    1323       1.6799
    1324       1.6249
    1325       1.6980
    1326       1.6783
    1327       1.7497
    1328       1.7504
    1329       1.7414
    1330       1.5534
    1331       1.5605
    1332       1.5093
    1333       1.4769
    1334       1.5390
    1335       1.5223
    1336       1.5022
    1337       1.5320
    1338       1.6102
    1339       1.6616
    1340       1.6480
    1341       1.6989
    1342       1.7096
    1343       1.7259
    1344       1.7494
    1345       1.7022
    1346       1.7690
    1347       1.7646
    1348       1.8209
    1349       1.7899
    1350       1.8053
    1351       1.8086
    1352       1.8952
    1353       1.8902
    1354       1.9496
    1355       1.8153
    1356       1.7662
    1357       1.8888
    1358       1.8592
    1359       1.8544
    1360       1.8028
    1361       1.8475
    1362       1.7001
    1363       1.6283
    1364       1.6925
    1365       1.6859
    1366       1.6514
    1367       1.6689
    1368       1.6603
    1369       1.6629
    1370       1.6750
    1371       1.6828
    1372       1.6655
    1373       1.7184
    1374       1.8404
    1375       1.8746
    1376       1.8249
    1377       1.8850
    1378       1.8507
    1379       1.8462
    1380       1.8849
    1381       1.7829
    1382       1.8548
    1383       1.8885
    1384       1.9361
    1385       1.8189
    1386       1.8535
    1387       1.9810
    1388       1.9151
    1389       1.8874
    1390       2.0172
    1391       2.0910
    1392       2.0506
    1393       2.0219
    1394       1.8795
    1395       1.9282
    1396       1.9181
    1397       1.7986
    1398       1.7985
    1399       1.8048
    1400       1.8039
    1401       1.8684
    1402       1.7200
    1403       1.7489
    1404       1.7635
    1405       1.7927
    1406       1.7933
    1407       1.8648
    1408       1.9279
    1409       1.8660
    1410       1.8661
    1411       1.7924
    1412       1.9445
    1413       1.9061
    1414       1.8254
    1415       1.8457
    1416       1.8209
    1417       1.8828
    1418       1.7334
    1419       1.7328
    1420       1.6626
    1421       1.7843
    1422       1.6912
    1423       1.6743
    1424       1.6611
    1425       1.6175
    1426       1.6619
    1427       1.7490
    1428       1.7375
    1429       1.6931
    1430       1.7520
    1431       1.9136
    1432       1.9270
    1433       1.9283
    1434       1.9607
    1435       1.9560
    1436       1.9278
    1437       1.9714
    1438       1.8860
    1439       1.8928
    1440       1.8639
    1441       1.8629
    1442       1.8571
    1443       1.9170
    1444       1.8868
    1445       1.8939
    1446       1.8288
    1447       1.8002
    1448       1.8110
    1449       1.9232
    1450       1.9289
    1451       1.9904
    1452       2.0242
    1453       1.9328
    1454       1.9036
    1455       1.8739
    1456       1.9711
    1457       2.0184
    1458       1.9877
    1459       1.9536
    1460       1.8675
    1461       1.9318
    1462       1.9314
    1463       1.8923
    1464       1.9277
    1465       1.9316
    1466       1.8779
    1467       1.8373
    1468       1.7907
    1469       1.8085
    1470       1.7933
    1471       1.7803
    1472       1.8798
    1473       1.8876
    1474       1.9493
    1475       1.8941
    1476       1.8554
    1477       1.8958
    1478       1.8640
    1479       1.9378
    1480       1.9607
    1481       1.9559
    1482       1.8745
    1483       1.9081
    1484       1.9412
    1485       1.9594
    1486       1.8671
    1487       1.9384
    1488       2.0461
    1489       1.9940
    1490       1.9001
    1491       1.9046
    1492       1.8561
    1493       1.9494
    1494       1.9052
    1495       2.0115
    1496       2.0204
    1497       1.9692
    1498       2.1618
    1499       2.0784
    1500       2.1689
    1501       2.1494
    1502       2.2302
    1503       2.2436
    1504       2.2513
    1505       2.1522
    1506       2.1072
    1507       2.1006
    1508       2.0950
    1509       2.0836
    1510       2.0947
    1511       2.0149
    1512       2.0585
    1513       2.0656
    1514       2.1097
    1515       2.0643
    1516       2.0402
    1517       2.1901
    1518       2.1803
    1519       2.1006
    1520       2.0608
    1521       2.0658
    1522       2.0952
    1523       2.1064
    1524       2.0382
    1525       1.9641
    1526       2.1020
    1527       2.2057
    1528       2.1944
    1529       2.1311
    1530       2.1491
    1531       2.1203
    1532       2.1292
    1533       2.1179
    1534       1.9665
    1535       1.9702
    1536       2.0008
    1537       2.1153
    1538       2.1158
    1539       2.0932
    1540       2.1489
    1541       2.1064
    1542       2.0889
    1543       2.1375
    1544       2.1000
    1545       2.0750
    1546       1.9514
    1547       1.9633
    1548       1.9881
    1549       1.9284
    1550       1.9196
    1551       1.9293
    1552       1.8978
    1553       1.9422
    1554       1.8916
    1555       1.9028
    1556       1.9000
    1557       1.9030
    1558       1.9401
    1559       2.0336
    1560       2.0794
    1561       2.0568
    1562       2.0669
    1563       2.1646
    1564       2.1438
    1565       2.0836
    1566       1.8978
    1567       2.0050
    1568       1.8813
    1569       1.8575
    1570       1.8199
    1571       1.7883
    1572       1.8815
    1573       1.8028
    1574       1.8024
    1575       1.7797
    1576       1.8231
    1577       1.8127
    1578       1.8042
    1579       1.6765
    1580       1.7141
    1581       1.7811
    1582       1.8203
    1583       1.8027
    1584       1.8384
    1585       1.7536
    1586       1.7631
    1587       1.7033
    1588       1.6664
    1589       1.6214
    1590       1.5354
    1591       1.6267
    1592       1.6060
    1593       1.6211
    1594       1.6261
    1595       1.5887
    1596       1.5282
    1597       1.6112
    1598       1.6663
    1599       1.6823
    1600       1.7539
    1601       1.7362
    1602       1.8029
    1603       1.6428
    1604       1.7973
    1605       1.7579
    1606       1.8468
    1607       1.8382
    1608       1.7958
    1609       1.6595
    1610       1.5974
    1611       1.6266
    1612       1.5457
    1613       1.6231
    1614       1.6289
    1615       1.6651
    1616       1.6412
    1617       1.6563
    1618       1.5627
    1619       1.6791
    1620       1.7529
    1621       1.7181
    1622       1.7770
    1623       1.7388
    1624       1.8169
    1625       1.8626
    1626       1.8820
    1627       1.8692
    1628       1.8254
    1629       1.7955
    1630       1.7670
    1631       1.8100
    1632       1.8423
    1633       1.8082
    1634       1.8226
    1635       1.8967
    1636       1.8603
    1637       1.8308
    1638       1.8688
    1639       1.7462
    1640       1.7870
    1641       1.8743
    1642       1.8332
    1643       1.8187
    1644       1.7357
    1645       1.8178
    1646       1.9428
    1647       1.8077
    1648       1.6772
    1649       1.7444
    1650       1.8377
    1651       1.8813
    1652       1.9505
    1653       1.8501
    1654       1.9318
    1655       1.6981
    1656       1.7779
    1657       1.7980
    1658       1.8550
    1659       1.8738
    1660       2.0459
    1661       2.0010
    1662       1.9537
    1663       2.0193
    1664       1.8834
    1665       1.8679
    1666       1.8294
    1667       1.7593
    1668       1.6994
    1669       1.7017
    1670       1.6590
    1671       1.8465
    1672       1.8207
    1673       1.8937
    1674       1.8317
    1675       1.9089
    1676       1.8761
    1677       1.9404
    1678       1.8420
    1679       1.7782
    1680       1.7389
    1681       1.7142
    1682       1.7360
    1683       1.6814
    1684       1.6770
    1685       1.6631
    1686       1.7029
    1687       1.6161
    1688       1.6676
    1689       1.6701
    1690       1.6935
    1691       1.6083
    1692       1.6026
    1693       1.7288
    1694       1.8318
    1695       1.7068
    1696       1.6180
    1697       1.5739
    1698       1.6477
    1699       1.5922
    1700       1.5895
    1701       1.6508
    1702       1.6035
    1703       1.5017
    1704       1.6124
    1705       1.5359
    1706       1.5610
    1707       1.5411
    1708       1.5898
    1709       1.6032
    1710       1.5724
    1711       1.5794
    1712       1.6562
    1713       1.5793
    1714       1.5276
    1715       1.4981
    1716       1.4306
    1717       1.5192
    1718       1.5868
    1719       1.5800
    1720       1.6894
    1721       1.6174
    1722       1.5597
    1723       1.5124
    1724       1.6199
    1725       1.5954
    1726       1.6690
    1727       1.6785
    1728       1.5602
    1729       1.5090
    1730       1.6289
    1731       1.6424
    1732       1.7770
    1733       1.7468
    1734       1.7283
    1735       1.8257
    1736       1.7946
    1737       1.7860
    1738       1.8471
    1739       1.7578
    1740       1.7164
    1741       1.7458
    1742       1.7303
    1743       1.6519
    1744       1.7102
    1745       1.7042
    1746       1.7723
    1747       1.8493
    1748       1.7612
    1749       1.7860
    1750       1.7860
    1751       1.8248
    1752       1.9532
    1753       1.9454
    1754       1.9991
    1755       2.0909
    1756       1.9727
    1757       1.9350
    1758       1.8321
    1759       1.7295
    1760       1.7728
    1761       1.7390
    1762       1.6955
    1763       1.7720
    1764       1.7640
    1765       1.8389
    1766       1.7395
    1767       1.6878
    1768       1.7431
    1769       1.8033
    1770       1.9003
    1771       1.8355
    1772       1.8069
    1773       1.8525
    1774       1.9036
    1775       1.8507
    1776       1.8175
    1777       1.8523
    1778       1.9515
    1779       2.0489
    1780       2.0165
    1781       2.0545
    1782       2.0231
    1783       2.1134
    1784       2.1014
    1785       2.0253
    1786       2.0246
    1787       1.9780
    1788       1.9028
    1789       1.8925
    1790       2.0516
    1791       2.0378
    1792       1.9060
    1793       1.9102
    1794       1.8229
    1795       1.7034
    1796       1.8413
    1797       1.9309
    1798       1.7681
    1799       1.8013
    1800       1.8510
    1801       1.9107
    1802       1.8215
    1803       1.8737
    1804       1.8699
    1805       1.9202
    1806       1.9548
    1807       1.9180
    1808       1.7916
    1809       1.8221
    1810       1.8397
    1811       1.8352
    1812       1.8694
    1813       1.9047
    1814       1.9126
    1815       1.8760
    1816       1.8342
    1817       1.8441
    1818       1.7851
    1819       1.8877
    1820       1.8044
    1821       1.8510
    1822       1.8475
    1823       1.7595
    1824       1.7729
    1825       1.7884
    1826       1.7504
    1827       1.6602
    1828       1.6074
    1829       1.6021
    1830       1.6608
    1831       1.6192
    1832       1.6480
    1833       1.6804
    1834       1.8266
    1835       1.8472
    1836       1.7763
    1837       1.8206
    1838       1.8031
    1839       1.8868
    1840       1.9455
    1841       1.9067
    1842       1.9231
    1843       1.8708
    1844       1.9821
    1845       2.0180
    1846       2.0506
    1847       2.0563
    1848       2.0316
    1849       1.9885
    1850       1.7746
    1851       1.9062
    1852       2.0341
    1853       1.9194
    1854       2.0440
    1855       1.9686
    1856       2.0084
    1857       2.1423
    1858       2.0083
    1859       1.9441
    1860       2.0322
    1861       1.9104
    1862       1.9227
    1863       1.9395
    1864       2.0498
    1865       2.0815
    1866       2.0302
    1867       2.0945
    1868       2.1478
    1869       2.1250
    1870       2.1286
    1871       2.0642
    1872       2.1041
    1873       2.0461
    1874       2.0959
    1875       2.1159
    1876       2.0900
    1877       1.9533
    1878       1.9676
    1879       2.0327
    1880       2.0422
    1881       1.9831
    1882       1.9759
    1883       2.0606
    1884       2.0813
    1885       2.1693
    1886       2.1035
    1887       2.1626
    1888       2.1055
    1889       2.1063
    1890       2.1448
    1891       2.1496
    1892       2.0959
    1893       2.0757
    1894       1.8988
    1895       1.9270
    1896       1.8765
    1897       1.9611
    1898       1.9253
    1899       1.9437
    1900       1.9572
    1901       2.0594
    1902       2.1524
    1903       2.0887
    1904       1.9897
    1905       2.0060
    1906       1.9562
    1907       2.0039
    1908       2.0526
    1909       1.9759
    1910       2.0157
    1911       1.9879
    1912       1.9732
    1913       1.9100
    1914       1.9301
    1915       2.0307
    1916       1.9355
    1917       1.9572
    1918       2.0299
    1919       2.0976
    1920       2.0146
    1921       2.0843
    1922       2.0216
    1923       2.0586
    1924       2.0432
    1925       2.0310
    1926       2.0538
    1927       2.0937
    1928       2.0356
    1929       2.1109
    1930       1.9645
    1931       2.0537
    1932       2.0392
    1933       2.0354
    1934       2.0571
    1935       2.1576
    1936       2.0662
    1937       2.0418
    1938       2.0093
    1939       1.9802
    1940       2.0081
    1941       1.9691
    1942       2.0279
    1943       1.9802
    1944       1.9136
    1945       1.9899
    1946       2.0080
    1947       2.0946
    1948       2.0762
    1949       2.0750
    1950       2.0491
    1951       2.0927
    1952       2.1072
    1953       2.0798
    1954       2.1537
    1955       2.1921
    1956       2.1492
    1957       2.1098
    1958       2.0134
    1959       2.1461
    1960       2.1186
    1961       2.0183
    1962       1.9594
    1963       1.9503
    1964       2.0369
    1965       1.9797
    1966       1.9766
    1967       2.0303
    1968       2.0326
    1969       2.0195
    1970       2.0284
    1971       2.1519
    1972       2.0804
    1973       2.1821
    1974       2.1760
    1975       2.0806
    1976       2.0400
    1977       2.0768
    1978       2.1694
    1979       2.0870
    1980       2.1329
    1981       2.0419
    1982       2.0148
    1983       2.0196
    1984       2.1500
    1985       2.2223
    1986       2.2582
    1987       2.3241
    1988       2.1884
    1989       2.1664
    1990       2.2524
    1991       2.2636
    1992       2.2252
    1993       2.1511
    1994       2.1757
    1995       2.1408
    1996       2.1009
    1997       2.1344
    1998       2.2676
    1999       2.2280
    2000       2.1644
    2001       2.1104
    2002       2.1410
    2003       2.0583
    2004       2.0965
    2005       2.0394
    2006       2.0529
    2007       2.0745
    2008       2.0668
    2009       2.1843
    2010       2.0844
    2011       2.0867
    2012       2.0422
    2013       1.9359
    2014       1.9588
    2015       2.0327
    2016       2.0335
    2017       1.9075
    2018       2.0603
    2019       1.9753
    2020       1.9308
    2021       1.9658
    2022       2.0193
    2023       1.9339
    2024       2.0549
    2025       2.0979
    2026       2.0931
    2027       2.0885
    2028       2.0912
    2029       2.0924
    2030       2.2220
    2031       2.2089
    2032       2.1050
    2033       2.0837
    2034       2.0615
    2035       2.0061
    2036       2.0980
    2037       2.0832
    2038       2.0547
    2039       1.9532
    2040       2.0592
    2041       2.0330
    2042       2.0222
    2043       2.0153
    2044       2.0220
    2045       2.0285
    2046       2.0339
    2047       2.0363
    2048       1.9544
    2049       1.8490
    2050       1.8883
    2051       1.9218
    2052       1.9253
    2053       1.8791
    2054       1.9105
    2055       1.8385
    2056       1.8435
    2057       1.8688
    2058       1.8659
    2059       1.8879
    2060       1.8899
    2061       1.7951
    2062       1.8960
    2063       1.8360
    2064       1.8409
    2065       1.8316
    2066       1.7265
    2067       1.7337
    2068       1.7714
    2069       1.7670
    2070       1.8830
    2071       1.9037
    2072       1.9052
    2073       1.8975
    2074       1.8685
    2075       1.8892
    2076       1.8914
    2077       1.8985
    2078       1.9918
    2079       2.0672
    2080       2.1995
    2081       2.1277
    2082       2.1894
    2083       2.1644
    2084       2.1778
    2085       2.1947
    2086       2.2649
    2087       2.2925
    2088       2.2097
    2089       2.2703
    2090       2.2669
    2091       2.2945
    2092       2.3167
    2093       2.1947
    2094       2.1850
    2095       2.3180
    2096       2.1896
    2097       2.1767
    2098       2.1281
    2099       2.1699
    2100       2.1965
    2101       2.0860
    2102       2.1345
    2103       2.2484
    2104       2.1510
    2105       2.2252
    2106       2.2862
    2107       2.2450
    2108       2.2178
    2109       2.1133
    2110       2.2991
    2111       2.3250
    2112       2.2651
    2113       2.2198
    2114       2.1639
    2115       2.1322
    2116       2.0621
    2117       2.0010
    2118       2.0044
    2119       1.9388
    2120       2.0818
    2121       1.9893
    2122       1.9366
    2123       1.9458
    2124       1.8303
    2125       1.8967
    2126       1.8809
    2127       2.0055
    2128       1.8997
    2129       2.0591
    2130       1.9652
    2131       1.9930
    2132       1.9256
    2133       1.8518
    2134       1.8626
    2135       2.0294
    2136       2.0331
    2137       1.9369
    2138       2.0099
    2139       2.0383
    2140       2.0472
    2141       2.0401
    2142       1.9524
    2143       1.9156
    2144       1.8459
    2145       1.8354
    2146       1.7981
    2147       1.7671
    2148       1.8888
    2149       1.9382
    2150       1.9455
    2151       1.8470
    2152       1.7971
    2153       1.9194
    2154       1.8857
    2155       1.9248
    2156       1.9322
    2157       1.8661
    2158       1.8957
    2159       1.8861
    2160       1.8892
    2161       1.9815
    2162       2.0638
    2163       2.0596
    2164       2.1689
    2165       2.2111
    2166       2.2476
    2167       2.2046
    2168       2.2917
    2169       2.2470
    2170       2.1678
    2171       2.2735
    2172       2.2250
    2173       2.2333
    2174       2.1238
    2175       2.1712
    2176       2.1020
    2177       2.1455
    2178       2.0603
    2179       2.0921
    2180       2.0277
    2181       1.9648
    2182       2.0206
    2183       1.9097
    2184       1.9386
    2185       1.7837
    2186       1.8362
    2187       1.8263
    2188       1.9000
    2189       1.9239
    2190       1.9538
    2191       2.0125
    2192       1.9728
    2193       2.1344
    2194       2.0582
    2195       2.0583
    2196       2.0761
    2197       1.9881
    2198       1.9406
    2199       2.0099
    2200       2.0833
    2201       2.0033
    2202       2.0384
    2203       2.1511
    2204       2.1581
    2205       2.1019
    2206       2.1206
    2207       2.1153
    2208       2.0530
    2209       1.9217
    2210       1.9314
    2211       1.9427
    2212       1.9159
    2213       2.0375
    2214       1.9523
    2215       1.9881
    2216       2.0826
    2217       1.9917
    2218       1.9721
    2219       1.9886
    2220       2.0106
    2221       2.0167
    2222       1.9846
    2223       2.0158
    2224       1.9796
    2225       2.0204
    2226       2.0533
    2227       1.9879
    2228       2.0313
    2229       2.0137
    2230       2.0712
    2231       2.0696
    2232       2.0862
    2233       2.0516
    2234       1.9593
    2235       1.8823
    2236       1.8491
    2237       1.7845
    2238       1.8327
    2239       1.9242
    2240       1.9253
    2241       1.8686
    2242       1.9676
    2243       1.9186
    2244       1.9563
    2245       1.9272
    2246       2.0168
    2247       2.0266
    2248       2.0146
    2249       1.9883
    2250       1.9653
    2251       1.9301
    2252       1.9978
    2253       1.9628
    2254       1.9752
    2255       1.9542
    2256       1.9380
    2257       1.9508
    2258       2.0463
    2259       2.1034
    2260       2.0882
    2261       2.1005
    2262       2.0573
    2263       2.0993
    2264       2.0318
    2265       2.1691
    2266       2.1413
    2267       2.1274
    2268       2.0441
    2269       2.0913
    2270       2.1513
    2271       2.1389
    2272       2.1668
    2273       2.1664
    2274       2.0971
    2275       2.0099
    2276       2.0112
    2277       1.9620
    2278       2.0134
    2279       2.0339
    2280       2.0490
    2281       1.9898
    2282       1.9821
    2283       1.8735
    2284       1.9110
    2285       2.0488
    2286       2.0848
    2287       2.0402
    2288       2.0092
    2289       1.9266
    2290       1.9175
    2291       1.9321
    2292       1.8925
    2293       1.9195
    2294       1.9340
    2295       1.9421
    2296       2.0053
    2297       1.9543
    2298       1.8253
    2299       1.9351
    2300       1.8309
    2301       1.9497
    2302       1.9512
    2303       1.9285
    2304       2.0018
    2305       1.9596
    2306       2.0209
    2307       2.0426
    2308       1.9028
    2309       1.9258
    2310       1.9730
    2311       2.0052
    2312       1.9900
    2313       1.9385
    2314       2.0032
    2315       1.9767
    2316       2.0132
    2317       1.9243
    2318       1.9457
    2319       1.9801
    2320       1.9057
    2321       1.8250
    2322       1.8130
    2323       1.7790
    2324       1.7808
    2325       1.8241
    2326       1.8427
    2327       1.8564
    2328       1.8625
    2329       1.7764
    2330       1.7435
    2331       1.8204
    2332       1.7899
    2333       1.7867
    2334       1.8173
    2335       1.7902
    2336       1.9217
    2337       1.9504
    2338       1.9838
    2339       1.9049
    2340       1.9172
    2341       1.8635
    2342       1.7776
    2343       1.7361
    2344       1.9145
    2345       1.9650
    2346       1.9493
    2347       1.8497
    2348       1.8401
    2349       1.8660
    2350       1.8810
    2351       1.9471
    2352       1.9766
    2353       2.0495
    2354       2.0521
    2355       2.0821
    2356       2.0673
    2357       1.9528
    2358       1.8958
    2359       1.8522
    2360       1.8734
    2361       1.7737
    2362       1.7704
    2363       1.7670
    2364       1.8538
    2365       1.7650
    2366       1.9773
    2367       1.9639
    2368       1.9718
    2369       1.9647
    2370       1.9770
    2371       2.0672
    2372       1.9959
    2373       2.0048
    2374       1.9971
    2375       2.0658
    2376       2.0719
    2377       2.0493
    2378       2.0046
    2379       1.9819
    2380       1.9486
    2381       1.9593
    2382       1.8845
    2383       2.0323
    2384       2.0048
    2385       2.0023
    2386       1.8557
    2387       1.9644
    2388       2.0519
    2389       2.0324
    2390       2.0461
    2391       1.9038
    2392       1.8145
    2393       1.8809
    2394       1.8637
    2395       1.8752
    2396       1.8620
    2397       1.7793
    2398       1.9546
    2399       1.7989
    2400       1.9032
    2401       1.8529
    2402       1.8572
    2403       1.9004
    2404       1.8450
    2405       1.8805
    2406       1.9960
    2407       2.0431
    2408       1.9047
    2409       1.8469
    2410       1.9685
    2411       1.8367
    2412       1.8795
    2413       1.8596
    2414       1.8138
    2415       1.8597
    2416       1.8124
    2417       1.7662
    2418       1.7778
    2419       1.7985
    2420       1.8033
    2421       1.9029
    2422       1.9136
    2423       1.9001
    2424       1.8439
    2425       1.8022
    2426       1.7930
    2427       1.7600
    2428       1.7081
    2429       1.6185
    2430       1.6538
    2431       1.7627
    2432       1.7556
    2433       1.7861
    2434       1.8323
    2435       1.7734
    2436       1.7393
    2437       1.7326
    2438       1.6602
    2439       1.6453
    2440       1.6830
    2441       1.6240
    2442       1.5582
    2443       1.5632
    2444       1.5781
    2445       1.5134
    2446       1.4222
    2447       1.4480
    2448       1.4888
    2449       1.5184
    2450       1.5373
    2451       1.5986
    2452       1.5632
    2453       1.4146
    2454       1.5271
    2455       1.5846
    2456       1.5859
    2457       1.6511
    2458       1.5914
    2459       1.4948
    2460       1.6449
    2461       1.6364
    2462       1.6774
    2463       1.6414
    2464       1.7555
    2465       1.7522
    2466       1.7141
    2467       1.6658
    2468       1.6831
    2469       1.5505
    2470       1.5213
    2471       1.4840
    2472       1.5257
    2473       1.5361
    2474       1.5848
    2475       1.5958
    2476       1.7071
    2477       1.5664
    2478       1.6200
    2479       1.6409
    2480       1.5977
    2481       1.6142
    2482       1.6181
    2483       1.6373
    2484       1.5925
    2485       1.6874
    2486       1.6728
    2487       1.6909
    2488       1.6537
    2489       1.6953
    2490       1.6913
    2491       1.7269
    2492       1.7135
    2493       1.6839
    2494       1.6995
    2495       1.6368
    2496       1.5390
    2497       1.5632
    2498       1.6664
    2499       1.7425
    2500       1.8091
    2501       1.8233
    2502       1.9392
    2503       1.8497
    2504       1.9344
    2505       1.8424
    2506       1.7998
    2507       1.8477
    2508       1.8098
    2509       1.7796
    2510       1.8249
    2511       1.8459
    2512       1.9205
    2513       1.8517
    2514       1.8708
    2515       1.8260
    2516       1.8009
    2517       1.8278
    2518       1.8108
    2519       1.7976
    2520       1.7141
    2521       1.7586
    2522       1.6589
    2523       1.5808
    2524       1.6936
    2525       1.6424
    2526       1.5515
    2527       1.6845
    2528       1.5927
    2529       1.5107
    2530       1.5054
    2531       1.5677
    2532       1.6203
    2533       1.6171
    2534       1.7343
    2535       1.5833
    2536       1.5683
    2537       1.5772
    2538       1.5992
    2539       1.6451
    2540       1.6067
    2541       1.7197
    2542       1.6228
    2543       1.6570
    2544       1.6053
    2545       1.6778
    2546       1.6970
    2547       1.6439
    2548       1.5601
    2549       1.5606
    2550       1.6217
    2551       1.5759
    2552       1.5858
    2553       1.6622
    2554       1.5730
    2555       1.6301
    2556       1.5267
    2557       1.5296
    2558       1.4960
    2559       1.4849
    2560       1.5115
    2561       1.6978
    2562       1.7076
    2563       1.6541
    2564       1.6827
    2565       1.7248
    2566       1.7402
    2567       1.6508
    2568       1.6255
    2569       1.6768
    2570       1.6244
    2571       1.5714
    2572       1.6250
    2573       1.7206
    2574       1.6879
    2575       1.7177
    2576       1.6554
    2577       1.6496
    2578       1.6645
    2579       1.7261
    2580       1.6794
    2581       1.7931
    2582       1.7036
    2583       1.8353
    2584       1.7594
    2585       1.7211
    2586       1.8508
    2587       1.9409
    2588       1.8620
    2589       1.8758
    2590       1.8448
    2591       1.7749
    2592       1.7036
    2593       1.7985
    2594       1.8231
    2595       1.8071
    2596       1.6166
    2597       1.5447
    2598       1.5428
    2599       1.5657
    2600       1.6110
    2601       1.5213
    2602       1.6837
    2603       1.7527
    2604       1.8555
    2605       1.9031
    2606       1.9907
    2607       1.9409
    2608       1.9606
    2609       2.0596
    2610       2.0371
    2611       1.8726
    2612       2.0016
    2613       2.0690
    2614       2.1693
    2615       2.0555
    2616       2.0612
    2617       2.0376
    2618       2.0506
    2619       1.9184
    2620       1.9249
    2621       1.9401
    2622       1.9106
    2623       1.9194
    2624       2.0034
    2625       1.9614
    2626       2.0043
    2627       2.0124
    2628       1.9884
    2629       2.0480
    2630       2.0610
    2631       2.0005
    2632       2.0167
    2633       2.0724
    2634       1.9831
    2635       2.0220
    2636       2.0111
    2637       2.1297
    2638       2.1858
    2639       2.1245
    2640       2.1399
    2641       2.1532
    2642       2.1649
    2643       2.2063
    2644       2.2070
    2645       2.2239
    2646       2.1831
    2647       2.1090
    2648       2.1841
    2649       2.1416
    2650       2.2238
    2651       2.1949
    2652       2.1896
    2653       2.1586
    2654       2.1111
    2655       2.0585
    2656       2.1755
    2657       2.2330
    2658       2.1596
    2659       2.0850
    2660       2.0369
    2661       2.0666
    2662       2.0289
    2663       2.0576
    2664       2.0715
    2665       2.1285
    2666       2.0835
    2667       2.0111
    2668       2.0501
    2669       2.1777
    2670       2.0849
    2671       2.1121
    2672       1.9927
    2673       2.0706
    2674       1.9653
    2675       1.9562
    2676       1.9286
    2677       1.9496
    2678       1.9512
    2679       1.9242
    2680       2.0155
    2681       2.0451
    2682       2.0648
    2683       1.9828
    2684       1.9404
    2685       1.8763
    2686       1.7935
    2687       1.8016
    2688       1.7822
    2689       1.7039
    2690       1.7169
    2691       1.6696
    2692       1.6509
    2693       1.7831
    2694       1.8432
    2695       1.9216
    2696       1.9741
    2697       1.9608
    2698       1.9740
    2699       1.9119
    2700       1.9908
    2701       2.0336
    2702       2.0842
    2703       2.0812
    2704       2.0960
    2705       2.0535
    2706       2.1050
    2707       1.9443
    2708       1.9754
    2709       1.9358
    2710       1.9715
    2711       2.1096
    2712       2.1363
    2713       2.1214
    2714       2.0161
    2715       2.0103
    2716       2.0286
    2717       2.1048
    2718       2.1184
    2719       2.0822
    2720       2.0230
    2721       1.9976
    2722       2.0721
    2723       2.0367
    2724       2.1139
    2725       2.1018
    2726       2.1701
    2727       2.1523
    2728       2.1127
    2729       2.0835
    2730       2.1255
    2731       2.0903
    2732       2.1044
    2733       2.0120
    2734       1.9873
    2735       2.0394
    2736       1.9748
    2737       2.0244
    2738       1.9365
    2739       1.9897
    2740       1.9769
    2741       2.0627
    2742       2.0048
    2743       1.9572
    2744       1.9333
    2745       1.9584
    2746       1.8812
    2747       1.8755
    2748       1.8353
    2749       1.8946
    2750       1.8838
    2751       1.8722
    2752       1.9014
    2753       1.9224
    2754       1.9428
    2755       1.9699
    2756       1.9383
    2757       1.9895
    2758       2.0718
    2759       2.1481
    2760       2.0585
    2761       2.0445
    2762       2.0305
    2763       1.9422
    2764       1.9660
    2765       1.9104
    2766       1.9213
    2767       1.9885
    2768       1.9329
    2769       1.9738
    2770       2.0145
    2771       1.9116
    2772       1.9290
    2773       1.9527
    2774       2.0528
    2775       2.1339
    2776       2.0645
    2777       2.0370
    2778       2.0755
    2779       2.0856
    2780       2.0578
    2781       2.0152
    2782       1.9520
    2783       1.9351
    2784       1.8749
    2785       1.9747
    2786       1.9858
    2787       2.0044
    2788       1.9369
    2789       1.9333
    2790       2.0053
    2791       1.8983
    2792       1.9848
    2793       1.9503
    2794       1.9231
    2795       2.0001
    2796       1.9366
    2797       1.9166
    2798       2.0097
    2799       1.9911
    2800       2.1041
    2801       2.0405
    2802       2.0829
    2803       2.1777
    2804       2.1305
    2805       2.1885
    2806       2.1369
    2807       2.3197
    2808       2.2265
    2809       2.1634
    2810       2.1746
    2811       2.1655
    2812       2.0987
    2813       2.2011
    2814       2.1159
    2815       2.2334
    2816       2.1874
    2817       2.0763
    2818       2.2214
    2819       2.2012
    2820       2.1177
    2821       2.1039
    2822       2.1041
    2823       2.1600
    2824       2.0813
    2825       2.0966
    2826       2.1151
    2827       2.2372
    2828       2.2027
    2829       2.2318
    2830       2.1503
    2831       2.0987
    2832       2.0214
    2833       1.9662
    2834       1.9821
    2835       1.9168
    2836       1.9187
    2837       1.9256
    2838       1.8819
    2839       1.9197
    2840       1.9035
    2841       1.9091
    2842       1.9895
    2843       1.9854
    2844       1.9879
    2845       1.9525
    2846       1.9415
    2847       1.9277
    2848       1.9520
    2849       1.9653
    2850       1.9043
    2851       1.8301
    2852       1.8937
    2853       2.0087
    2854       1.9984
    2855       1.9535
    2856       2.0164
    2857       2.0232
    2858       2.0352
    2859       2.0768
    2860       1.9998
    2861       1.9876
    2862       2.0146
    2863       2.0455
    2864       1.9598
    2865       2.0027
    2866       1.9873
    2867       2.0569
    2868       2.0500
    2869       2.1082
    2870       2.0712
    2871       2.1497
    2872       2.1413
    2873       2.0908
    2874       2.0778
    2875       2.0810
    2876       2.0839
    2877       2.0605
    2878       2.0437
    2879       2.0983
    2880       2.0195
    2881       2.0239
    2882       1.9988
    2883       2.0478
    2884       1.9546
    2885       1.9123
    2886       1.8952
    2887       1.9399
    2888       1.9760
    2889       2.0022
    2890       2.0049
    2891       2.0055
    2892       1.9871
    2893       2.0448
    2894       2.0772
    2895       2.0398
    2896       2.0001
    2897       2.1166
    2898       2.0240
    2899       2.1129
    2900       2.1812
    2901       2.0994
    2902       2.1483
    2903       2.1731
    2904       2.2025
    2905       2.2202
    2906       2.1821
    2907       2.1969
    2908       2.1412
    2909       2.2070
    2910       2.2283
    2911       2.1455
    2912       2.1187
    2913       2.0828
    2914       2.0922
    2915       1.9893
    2916       1.9077
    2917       1.9679
    2918       2.0420
    2919       2.0977
    2920       2.1910
    2921       2.1780
    2922       2.1816
    2923       2.1697
    2924       2.0936
    2925       2.1128
    2926       2.1731
    2927       2.1719
    2928       2.2084
    2929       2.2343
    2930       2.3376
    2931       2.2533
    2932       2.2391
    2933       2.1821
    2934       2.1408
    2935       2.1515
    2936       2.1354
    2937       2.1151
    2938       2.1289
    2939       2.2145
    2940       2.2522
    2941       2.2890
    2942       2.2092
    2943       2.1470
    2944       2.2117
    2945       2.1212
    2946       2.0395
    2947       2.1256
    2948       2.1571
    2949       2.1654
    2950       2.2089
    2951       2.1564
    2952       2.1528
    2953       2.1188
    2954       2.0808
    2955       2.1295
    2956       2.0329
    2957       2.0609
    2958       1.9770
    2959       2.0067
    2960       2.0030
    2961       1.9686
    2962       1.9824
    2963       1.9636
    2964       2.0070
    2965       1.9833
    2966       2.0569
    2967       1.9436
    2968       2.0134
    2969       2.0658
    2970       2.0463
    2971       2.1641
    2972       2.1045
    2973       2.0698
    2974       2.0471
    2975       1.9180
    2976       1.9713
    2977       1.9675
    2978       1.9140
    2979       1.9540
    2980       1.9315
    2981       1.9518
    2982       1.9202
    2983       1.8384
    2984       1.8808
    2985       1.9626
    2986       2.0262
    2987       1.9830
    2988       1.9013
    2989       1.9423
    2990       1.9709
    2991       1.8433
    2992       1.9577
    2993       1.9661
    2994       1.9247
    2995       1.9749
    2996       1.9390
    2997       1.8231
    2998       1.8714
    2999       1.8635
    3000       1.8302
    3001       1.9258
    3002       1.8517
    3003       1.8466
    3004       1.8514
    3005       1.9385
    3006       2.0157
    3007       1.9395
    3008       1.8095
    3009       1.8551
    3010       1.9552
    3011       1.9310
    3012       1.9579
    3013       1.9332
    3014       1.9448
    3015       1.9831
    3016       1.9426
    3017       1.8393
    3018       1.8525
    3019       1.9568
    3020       1.9697
    3021       1.8958
    3022       2.0223
    3023       2.1753
    3024       2.1459
    3025       2.0532
    3026       1.9977
    3027       2.0181
    3028       2.0029
    3029       1.8985
    3030       1.9106
    3031       1.9458
    3032       1.9819
    3033       1.9964
    3034       1.9471
    3035       1.8845
    3036       1.8478
    3037       1.8239
    3038       1.9883
    3039       1.8739
    3040       1.8477
    3041       1.8060
    3042       1.8992
    3043       1.8086
    3044       1.7351
    3045       1.7821
    3046       1.8172
    3047       1.8658
    3048       1.7795
    3049       1.9039
    3050       1.9508
    3051       1.8616
    3052       1.8591
    3053       1.8623
    3054       1.9804
    3055       1.8698
    3056       1.8046
    3057       1.6810
    3058       1.7320
    3059       1.7055
    3060       1.7247
    3061       1.7568
    3062       1.7411
    3063       1.7491
    3064       1.8031
    3065       1.8333
    3066       1.8871
    3067       1.8666
    3068       1.9243
    3069       2.0106
    3070       1.9110
    3071       1.9306
    3072       1.9753
    3073       1.9545
    3074       1.9620
    3075       2.0668
    3076       2.0832
    3077       1.9790
    3078       2.0959
    3079       2.0290
    3080       2.0684
    3081       2.1301
    3082       2.0639
    3083       2.1081
    3084       2.1157
    3085       2.2310
    3086       2.0487
    3087       2.0583
    3088       2.0198
    3089       1.9878
    3090       2.0324
    3091       2.0581
    3092       2.0244
    3093       2.0327
    3094       1.9212
    3095       1.9215
    3096       1.9905
    3097       2.0354
    3098       2.0071
    3099       1.9687
    3100       1.9633
    3101       2.0370
    3102       1.9882
    3103       1.9504
    3104       1.8656
    3105       2.0021
    3106       2.0807
    3107       2.0126
    3108       2.0372
    3109       1.9960
    3110       2.0885
    3111       2.0422
    3112       1.8924
    3113       1.8865
    3114       1.9456
    3115       2.0482
    3116       1.9427
    3117       1.9623
    3118       2.0570
    3119       1.9850
    3120       1.9006
    3121       1.9255
    3122       1.9975
    3123       1.9707
    3124       2.0212
    3125       2.0925
