#Frame     RMSD_00001
       1       0.0000
       2       0.6765
       3       0.7505
       4       0.8019
       5       0.7542
       6       0.7940
       7       0.8775
       8       0.9253
       9       0.8694
      10       0.8438
      11       0.7916
      12       0.8265
      13       0.8525
      14       0.7884
      15       0.7866
      16       0.8584
      17       0.9373
      18       0.9619
      19       0.9735
      20       1.0125
      21       1.0173
      22       1.0958
      23       1.0903
      24       1.0344
      25       1.1080
      26       1.0845
      27       1.0706
      28       1.2368
      29       1.2539
      30       1.2349
      31       1.1902
      32       1.1686
      33       1.1301
      34       1.1403
      35       1.1208
      36       1.1406
      37       1.1449
      38       1.1834
      39       1.2482
      40       1.2571
      41       1.1715
      42       1.0933
      43       1.1420
      44       1.1714
      45       1.1568
      46       1.2740
      47       1.1995
      48       1.3103
      49       1.2304
      50       1.1928
      51       1.1199
      52       1.1015
      53       1.1383
      54       1.0632
      55       1.1003
      56       1.0478
      57       1.0615
      58       1.0363
      59       1.0792
      60       1.0890
      61       1.1144
      62       1.1049
      63       1.1733
      64       1.1973
      65       1.1655
      66       1.1694
      67       1.2255
      68       1.2373
      69       1.3282
      70       1.2451
      71       1.1693
      72       1.3067
      73       1.2489
      74       1.2408
      75       1.2836
      76       1.2560
      77       1.2502
      78       1.3455
      79       1.2699
      80       1.3030
      81       1.3481
      82       1.2712
      83       1.2487
      84       1.2315
      85       1.3360
      86       1.3427
      87       1.2111
      88       1.2658
      89       1.2030
      90       1.2336
      91       1.1947
      92       1.0977
      93       1.1435
      94       1.0595
      95       1.1357
      96       1.1377
      97       1.1713
      98       1.1899
      99       1.1858
     100       1.2405
     101       1.2052
     102       1.0971
     103       1.1121
     104       1.1614
     105       1.1224
     106       1.1157
     107       1.1254
     108       1.1198
     109       1.0954
     110       1.0705
     111       1.1907
     112       1.3172
     113       1.3099
     114       1.3618
     115       1.3011
     116       1.2444
     117       1.1768
     118       1.1145
     119       1.1412
     120       1.2225
     121       1.1937
     122       1.1289
     123       1.1250
     124       1.1300
     125       1.1760
     126       1.1871
     127       1.2339
     128       1.2805
     129       1.2255
     130       1.2474
     131       1.1840
     132       1.1944
     133       1.2131
     134       1.2406
     135       1.2467
     136       1.2381
     137       1.1552
     138       1.1198
     139       1.1747
     140       1.1010
     141       1.1417
     142       1.1069
     143       0.9879
     144       0.9770
     145       1.0018
     146       1.0636
     147       1.0630
     148       1.0854
     149       1.1620
     150       1.1727
     151       1.2714
     152       1.1702
     153       1.2042
     154       1.1970
     155       1.1467
     156       1.1463
     157       1.1532
     158       1.2176
     159       1.2125
     160       1.2519
     161       1.2618
     162       1.2691
     163       1.2609
     164       1.2266
     165       1.2447
     166       1.1882
     167       1.0559
     168       1.0608
     169       1.0789
     170       1.0241
     171       1.0770
     172       1.0346
     173       1.0870
     174       1.1603
     175       1.1731
     176       1.1725
     177       1.1963
     178       1.1380
     179       1.1728
     180       1.1708
     181       1.2135
     182       1.2126
     183       1.1703
     184       1.2496
     185       1.1685
     186       1.2271
     187       1.2088
     188       1.2693
     189       1.3040
     190       1.2980
     191       1.3221
     192       1.3299
     193       1.3241
     194       1.3961
     195       1.3863
     196       1.3876
     197       1.3289
     198       1.3559
     199       1.3331
     200       1.3053
     201       1.2744
     202       1.2823
     203       1.2792
     204       1.4275
     205       1.3325
     206       1.3915
     207       1.3062
     208       1.3685
     209       1.4047
     210       1.2575
     211       1.2143
     212       1.1796
     213       1.1174
     214       1.0847
     215       1.1870
     216       1.1226
     217       1.1573
     218       1.0368
     219       1.0319
     220       1.0124
     221       0.9771
     222       1.0858
     223       1.0241
     224       1.0262
     225       0.9496
     226       1.0633
     227       1.0903
     228       0.9696
     229       1.0356
     230       0.9691
     231       1.0447
     232       1.0662
     233       1.0632
     234       1.0030
     235       1.0564
     236       1.1569
     237       1.1089
     238       1.0247
     239       1.1310
     240       1.1062
     241       1.1557
     242       1.1990
     243       1.2036
     244       1.1925
     245       1.2461
     246       1.2295
     247       1.1734
     248       1.2255
     249       1.1841
     250       1.1384
     251       1.1456
     252       1.1340
     253       1.1252
     254       1.0481
     255       1.1536
     256       1.1259
     257       1.2589
     258       1.1542
     259       1.1786
     260       1.1697
     261       1.1575
     262       1.0600
     263       1.1761
     264       1.1572
     265       1.1129
     266       1.0615
     267       1.0385
     268       1.0764
     269       1.1136
     270       1.1141
     271       1.1730
     272       1.1088
     273       1.1772
     274       1.2091
     275       1.2667
     276       1.2750
     277       1.2921
     278       1.2595
     279       1.1755
     280       1.2177
     281       1.2031
     282       1.2247
     283       1.1608
     284       1.1889
     285       1.1350
     286       1.2176
     287       1.1469
     288       1.2691
     289       1.3352
     290       1.3014
     291       1.3440
     292       1.3655
     293       1.3502
     294       1.2424
     295       1.2717
     296       1.3576
     297       1.4013
     298       1.3161
     299       1.4009
     300       1.3489
     301       1.3654
     302       1.2990
     303       1.3568
     304       1.3079
     305       1.2793
     306       1.3211
     307       1.2872
     308       1.4364
     309       1.4752
     310       1.4660
     311       1.5226
     312       1.4714
     313       1.5024
     314       1.4702
     315       1.4529
     316       1.3627
     317       1.3560
     318       1.3759
     319       1.2922
     320       1.3035
     321       1.4140
     322       1.4142
     323       1.3439
     324       1.3764
     325       1.3529
     326       1.3429
     327       1.3255
     328       1.2582
     329       1.3236
     330       1.3169
     331       1.3367
     332       1.2958
     333       1.3151
     334       1.3078
     335       1.2841
     336       1.2351
     337       1.2302
     338       1.1965
     339       1.2052
     340       1.1467
     341       1.1757
     342       1.2463
     343       1.2232
     344       1.2009
     345       1.2334
     346       1.2659
     347       1.2662
     348       1.3484
     349       1.3338
     350       1.3078
     351       1.3014
     352       1.3186
     353       1.3625
     354       1.2840
     355       1.3259
     356       1.3513
     357       1.3148
     358       1.2781
     359       1.1956
     360       1.2362
     361       1.1938
     362       1.2214
     363       1.1945
     364       1.2366
     365       1.3086
     366       1.3272
     367       1.3098
     368       1.2807
     369       1.3078
     370       1.3204
     371       1.2115
     372       1.1899
     373       1.3044
     374       1.2825
     375       1.3215
     376       1.2419
     377       1.3505
     378       1.2501
     379       1.2683
     380       1.2617
     381       1.3323
     382       1.2140
     383       1.1493
     384       1.2237
     385       1.2823
     386       1.3610
     387       1.3529
     388       1.3061
     389       1.3258
     390       1.2840
     391       1.1724
     392       1.2147
     393       1.1499
     394       1.2288
     395       1.2523
     396       1.1870
     397       1.1943
     398       1.2400
     399       1.2909
     400       1.2053
     401       1.2556
     402       1.2743
     403       1.3150
     404       1.3068
     405       1.2282
     406       1.2754
     407       1.2906
     408       1.3132
     409       1.3266
     410       1.2579
     411       1.2165
     412       1.2115
     413       1.2060
     414       1.1890
     415       1.1522
     416       1.1168
     417       1.1556
     418       1.1806
     419       1.1675
     420       1.1979
     421       1.2192
     422       1.2918
     423       1.2801
     424       1.2084
     425       1.2611
     426       1.2894
     427       1.3371
     428       1.3463
     429       1.2929
     430       1.2085
     431       1.1949
     432       1.2288
     433       1.2523
     434       1.2726
     435       1.2924
     436       1.2316
     437       1.2449
     438       1.2812
     439       1.2727
     440       1.2105
     441       1.1477
     442       1.2316
     443       1.1314
     444       1.1484
     445       1.1053
     446       1.1500
     447       1.1656
     448       1.1199
     449       1.2093
     450       1.2307
     451       1.1620
     452       1.1249
     453       1.1535
     454       1.1634
     455       1.1801
     456       1.1492
     457       1.1780
     458       1.1983
     459       1.2910
     460       1.2590
     461       1.2842
     462       1.2450
     463       1.2660
     464       1.2480
     465       1.2130
     466       1.2106
     467       1.0994
     468       1.1385
     469       1.1624
     470       1.1566
     471       1.1905
     472       1.2321
     473       1.2352
     474       1.1690
     475       1.2329
     476       1.3276
     477       1.3281
     478       1.2479
     479       1.2220
     480       1.2124
     481       1.1906
     482       1.1998
     483       1.2640
     484       1.2650
     485       1.2775
     486       1.3497
     487       1.2866
     488       1.2962
     489       1.2509
     490       1.1989
     491       1.2020
     492       1.2264
     493       1.2407
     494       1.1808
     495       1.1949
     496       1.1828
     497       1.1828
     498       1.2357
     499       1.2926
     500       1.3039
     501       1.2817
     502       1.2223
     503       1.3125
     504       1.3281
     505       1.4690
     506       1.3890
     507       1.3081
     508       1.3544
     509       1.4047
     510       1.4726
     511       1.3832
     512       1.5016
     513       1.4242
     514       1.4874
     515       1.5077
     516       1.6028
     517       1.6063
     518       1.6091
     519       1.5548
     520       1.5341
     521       1.5263
     522       1.5008
     523       1.5501
     524       1.6255
     525       1.6221
     526       1.6212
     527       1.5744
     528       1.6208
     529       1.5503
     530       1.5433
     531       1.4722
     532       1.4281
     533       1.4309
     534       1.4714
     535       1.3505
     536       1.3759
     537       1.2577
     538       1.1559
     539       1.2295
     540       1.2410
     541       1.3248
     542       1.3110
     543       1.3132
     544       1.3599
     545       1.4518
     546       1.3895
     547       1.3739
     548       1.3390
     549       1.3186
     550       1.3620
     551       1.3834
     552       1.4334
     553       1.3948
     554       1.3092
     555       1.3328
     556       1.3656
     557       1.3807
     558       1.3352
     559       1.3182
     560       1.3763
     561       1.4146
     562       1.4730
     563       1.4157
     564       1.4749
     565       1.5482
     566       1.4145
     567       1.4204
     568       1.3972
     569       1.4075
     570       1.2483
     571       1.2680
     572       1.2509
     573       1.3246
     574       1.1873
     575       1.1858
     576       1.2312
     577       1.2530
     578       1.3010
     579       1.2512
     580       1.2826
     581       1.2551
     582       1.2440
     583       1.3129
     584       1.3073
     585       1.3318
     586       1.3051
     587       1.2271
     588       1.2993
     589       1.2853
     590       1.2901
     591       1.3629
     592       1.4569
     593       1.4771
     594       1.5073
     595       1.6060
     596       1.6329
     597       1.6209
     598       1.6069
     599       1.4820
     600       1.5877
     601       1.5783
     602       1.5299
     603       1.5746
     604       1.4318
     605       1.4395
     606       1.3528
     607       1.3779
     608       1.3975
     609       1.2687
     610       1.2763
     611       1.2338
     612       1.2982
     613       1.3423
     614       1.3071
     615       1.2564
     616       1.3036
     617       1.3214
     618       1.2924
     619       1.2231
     620       1.2248
     621       1.2583
     622       1.2517
     623       1.2170
     624       1.3167
     625       1.2479
     626       1.2549
     627       1.2754
     628       1.2148
     629       1.2465
     630       1.2615
     631       1.3049
     632       1.3288
     633       1.3419
     634       1.3412
     635       1.3127
     636       1.2600
     637       1.2770
     638       1.2236
     639       1.1548
     640       1.2662
     641       1.1956
     642       1.1756
     643       1.1678
     644       1.1088
     645       1.0524
     646       1.0724
     647       0.9894
     648       0.9832
     649       1.0727
     650       0.9758
     651       1.0920
     652       1.0124
     653       1.0423
     654       1.0893
     655       0.9733
     656       1.0165
     657       0.9582
     658       0.9495
     659       0.9517
     660       1.0034
     661       1.0131
     662       0.9484
     663       0.9779
     664       0.9733
     665       0.9826
     666       0.9861
     667       0.9584
     668       0.9523
     669       0.9678
     670       1.0172
     671       0.9585
     672       0.9748
     673       0.9921
     674       1.0263
     675       1.0652
     676       1.0849
     677       1.1078
     678       1.1010
     679       1.1163
     680       1.0598
     681       1.0956
     682       1.1249
     683       1.1362
     684       1.0926
     685       1.1571
     686       1.1697
     687       1.1383
     688       1.1329
     689       1.0767
     690       1.1078
     691       1.1922
     692       1.1841
     693       1.2311
     694       1.1471
     695       1.1877
     696       1.2607
     697       1.4108
     698       1.4067
     699       1.4799
     700       1.4777
     701       1.4543
     702       1.3749
     703       1.3640
     704       1.3556
     705       1.2934
     706       1.2386
     707       1.1970
     708       1.2032
     709       1.1748
     710       1.2123
     711       1.2269
     712       1.1194
     713       1.0972
     714       1.1028
     715       1.1934
     716       1.1803
     717       1.1993
     718       1.1774
     719       1.1824
     720       1.2238
     721       1.1982
     722       1.1990
     723       1.1279
     724       1.1541
     725       1.1253
     726       1.0519
     727       1.0619
     728       1.1280
     729       1.1222
     730       1.1561
     731       1.1992
     732       1.1431
     733       1.3008
     734       1.3085
     735       1.2898
     736       1.3287
     737       1.2841
     738       1.3155
     739       1.3135
     740       1.3828
     741       1.3121
     742       1.2020
     743       1.1841
     744       1.2514
     745       1.3195
     746       1.3531
     747       1.2543
     748       1.2220
     749       1.2138
     750       1.0969
     751       1.2185
     752       1.2632
     753       1.3408
     754       1.2370
     755       1.1007
     756       1.1352
     757       1.1431
     758       1.1433
     759       1.2364
     760       1.1328
     761       1.1924
     762       1.1905
     763       1.1623
     764       1.1652
     765       1.1348
     766       1.2047
     767       1.2001
     768       1.2577
     769       1.1476
     770       1.2064
     771       1.2186
     772       1.2397
     773       1.2010
     774       1.1812
     775       1.1702
     776       1.1807
     777       1.0992
     778       1.2544
     779       1.2011
     780       1.2223
     781       1.1995
     782       1.2360
     783       1.1942
     784       1.1051
     785       1.1616
     786       1.1006
     787       1.1524
     788       1.1917
     789       1.1738
     790       1.2827
     791       1.2396
     792       1.2117
     793       1.2388
     794       1.2535
     795       1.2577
     796       1.3089
     797       1.2917
     798       1.2253
     799       1.1581
     800       1.2345
     801       1.2204
     802       1.1723
     803       1.2065
     804       1.1902
     805       1.2039
     806       1.2141
     807       1.2030
     808       1.1556
     809       1.0899
     810       1.1348
     811       1.0670
     812       1.1363
     813       1.1538
     814       1.1206
     815       1.0902
     816       1.1615
     817       1.1433
     818       1.1868
     819       1.1438
     820       1.1649
     821       1.1799
     822       1.1559
     823       1.1906
     824       1.2325
     825       1.2423
     826       1.2323
     827       1.2724
     828       1.2177
     829       1.2971
     830       1.2639
     831       1.1992
     832       1.1880
     833       1.1332
     834       1.0740
     835       1.0558
     836       1.1266
     837       1.1080
     838       1.0782
     839       1.0284
     840       1.1214
     841       1.0699
     842       1.0994
     843       1.2014
     844       1.1267
     845       1.1330
     846       1.1110
     847       1.1263
     848       1.1174
     849       1.1027
     850       1.1168
     851       1.0250
     852       0.9913
     853       1.0361
     854       1.0405
     855       1.0362
     856       1.0439
     857       1.0247
     858       0.9886
     859       1.0259
     860       0.9445
     861       1.0211
     862       1.0442
     863       1.0733
     864       1.1505
     865       1.0793
     866       1.0933
     867       1.0269
     868       1.0955
     869       1.0870
     870       1.0770
     871       1.0928
     872       1.2000
     873       1.2111
     874       1.2706
     875       1.1578
     876       1.2428
     877       1.2279
     878       1.2091
     879       1.2367
     880       1.2878
     881       1.1666
     882       1.2275
     883       1.1631
     884       1.1939
     885       1.1528
     886       1.1246
     887       1.1102
     888       1.1688
     889       1.1214
     890       1.1405
     891       1.0755
     892       1.0561
     893       0.9912
     894       1.0225
     895       0.9711
     896       1.0621
     897       1.0619
     898       1.0867
     899       1.0739
     900       1.2039
     901       1.1527
     902       1.1049
     903       1.1416
     904       1.1223
     905       1.1007
     906       1.0438
     907       1.1113
     908       1.1253
     909       1.1185
     910       1.1220
     911       1.0909
     912       1.0502
     913       1.0337
     914       1.0894
     915       1.0454
     916       1.0923
     917       1.0869
     918       1.0853
     919       1.1544
     920       1.1145
     921       1.1155
     922       1.1447
     923       1.1799
     924       1.2463
     925       1.3407
     926       1.2860
     927       1.3149
     928       1.2470
     929       1.2809
     930       1.2552
     931       1.2478
     932       1.2861
     933       1.1941
     934       1.1903
     935       1.1558
     936       1.1761
     937       1.1240
     938       1.1458
     939       1.0537
     940       1.0899
     941       1.0488
     942       1.1076
     943       1.1230
     944       1.1150
     945       1.1007
     946       1.2168
     947       1.1609
     948       1.2397
     949       1.1922
     950       1.1481
     951       1.1823
     952       1.1888
     953       1.2593
     954       1.1854
     955       1.1784
     956       1.1700
     957       1.1503
     958       1.2651
     959       1.1908
     960       1.1835
     961       1.2358
     962       1.1784
     963       1.2062
     964       1.2209
     965       1.1959
     966       1.3215
     967       1.2395
     968       1.1907
     969       1.2604
     970       1.2258
     971       1.2368
     972       1.2156
     973       1.1861
     974       1.1654
     975       1.1629
     976       1.2249
     977       1.2405
     978       1.2236
     979       1.2289
     980       1.1708
     981       1.2046
     982       1.2078
     983       1.1862
     984       1.2478
     985       1.1713
     986       1.1202
     987       1.1160
     988       1.0938
     989       1.1855
     990       1.1192
     991       1.1283
     992       1.1537
     993       1.1280
     994       1.0524
     995       1.1373
     996       1.1718
     997       1.1087
     998       1.1443
     999       1.1892
    1000       1.1968
    1001       1.1363
    1002       1.2090
    1003       1.1965
    1004       1.2675
    1005       1.2425
    1006       1.2888
    1007       1.3454
    1008       1.2882
    1009       1.3330
    1010       1.2411
    1011       1.2339
    1012       1.2234
    1013       1.2320
    1014       1.3396
    1015       1.3373
    1016       1.2491
    1017       1.2531
    1018       1.2422
    1019       1.1802
    1020       1.2256
    1021       1.1732
    1022       1.0970
    1023       1.1067
    1024       1.1048
    1025       1.1607
    1026       1.1612
    1027       1.0991
    1028       1.0927
    1029       1.1271
    1030       1.1837
    1031       1.1639
    1032       1.1749
    1033       1.2381
    1034       1.1787
    1035       1.1326
    1036       1.2625
    1037       1.1389
    1038       1.2114
    1039       1.1891
    1040       1.2249
    1041       1.1846
    1042       1.2123
    1043       1.2914
    1044       1.2278
    1045       1.2218
    1046       1.2918
    1047       1.2971
    1048       1.2645
    1049       1.2093
    1050       1.1747
    1051       1.2233
    1052       1.2666
    1053       1.2215
    1054       1.2641
    1055       1.2220
    1056       1.2278
    1057       1.1712
    1058       1.2231
    1059       1.2346
    1060       1.1788
    1061       1.1972
    1062       1.2547
    1063       1.1720
    1064       1.1495
    1065       1.1362
    1066       1.1363
    1067       1.1938
    1068       1.1649
    1069       1.1600
    1070       1.2008
    1071       1.1832
    1072       1.2149
    1073       1.2313
    1074       1.1722
    1075       1.2132
    1076       1.1619
    1077       1.1461
    1078       1.1430
    1079       1.1913
    1080       1.2296
    1081       1.2213
    1082       1.2243
    1083       1.2624
    1084       1.2640
    1085       1.2130
    1086       1.2482
    1087       1.1878
    1088       1.2164
    1089       1.1974
    1090       1.1947
    1091       1.1990
    1092       1.2379
    1093       1.1937
    1094       1.2056
    1095       1.1932
    1096       1.2078
    1097       1.1649
    1098       1.0797
    1099       1.0969
    1100       1.1799
    1101       1.2227
    1102       1.1917
    1103       1.2775
    1104       1.2085
    1105       1.2751
    1106       1.2786
    1107       1.3968
    1108       1.3974
    1109       1.4186
    1110       1.5239
    1111       1.4039
    1112       1.3527
    1113       1.2945
    1114       1.3548
    1115       1.2087
    1116       1.2300
    1117       1.1414
    1118       1.1727
    1119       1.2825
    1120       1.4008
    1121       1.3052
    1122       1.2729
    1123       1.2997
    1124       1.4181
    1125       1.4141
    1126       1.4056
    1127       1.3607
    1128       1.2095
    1129       1.1419
    1130       1.1478
    1131       1.0727
    1132       1.0785
    1133       1.0489
    1134       1.0869
    1135       1.0691
    1136       1.1929
    1137       1.2513
    1138       1.2581
    1139       1.1731
    1140       1.2090
    1141       1.1965
    1142       1.1783
    1143       1.1847
    1144       1.2169
    1145       1.1862
    1146       1.2105
    1147       1.2464
    1148       1.2985
    1149       1.2474
    1150       1.3448
    1151       1.3436
    1152       1.2342
    1153       1.1558
    1154       1.1613
    1155       1.2489
    1156       1.2208
    1157       1.2247
    1158       1.2830
    1159       1.2709
    1160       1.2633
    1161       1.1884
    1162       1.2322
    1163       1.2773
    1164       1.2256
    1165       1.2542
    1166       1.3172
    1167       1.2391
    1168       1.3020
    1169       1.2610
    1170       1.2034
    1171       1.1964
    1172       1.3672
    1173       1.3000
    1174       1.2139
    1175       1.1942
    1176       1.1612
    1177       1.1487
    1178       1.1431
    1179       1.1266
    1180       1.1745
    1181       1.1891
    1182       1.2563
    1183       1.1637
    1184       1.2520
    1185       1.1885
    1186       1.2458
    1187       1.2537
    1188       1.1801
    1189       1.1805
    1190       1.3329
    1191       1.3368
    1192       1.2955
    1193       1.2594
    1194       1.2013
    1195       1.1874
    1196       1.0997
    1197       1.1919
    1198       1.2322
    1199       1.1828
    1200       1.1875
    1201       1.1839
    1202       1.2389
    1203       1.2927
    1204       1.3311
    1205       1.1598
    1206       1.2021
    1207       1.2950
    1208       1.3493
    1209       1.4240
    1210       1.4030
    1211       1.3541
    1212       1.3512
    1213       1.3787
    1214       1.4405
    1215       1.4402
    1216       1.4118
    1217       1.3368
    1218       1.2762
    1219       1.2589
    1220       1.2806
    1221       1.2583
    1222       1.3562
    1223       1.3022
    1224       1.2065
    1225       1.1414
    1226       1.1057
    1227       1.1557
    1228       1.2233
    1229       1.1964
    1230       1.1783
    1231       1.2024
    1232       1.1107
    1233       1.1448
    1234       1.1045
    1235       1.1194
    1236       1.1397
    1237       1.1999
    1238       1.1695
    1239       1.2858
    1240       1.2256
    1241       1.2399
    1242       1.1787
    1243       1.2756
    1244       1.2275
    1245       1.2435
    1246       1.2086
    1247       1.2365
    1248       1.2903
    1249       1.1613
    1250       1.1644
    1251       1.0995
    1252       1.1611
    1253       1.2135
    1254       1.1860
    1255       1.1139
    1256       1.0347
    1257       1.0982
    1258       1.0942
    1259       1.1477
    1260       1.1318
    1261       1.1221
    1262       1.0977
    1263       1.1502
    1264       1.2096
    1265       1.1842
    1266       1.1275
    1267       1.1945
    1268       1.1476
    1269       1.1356
    1270       1.1417
    1271       1.0368
    1272       1.1324
    1273       1.0888
    1274       1.0776
    1275       1.0995
    1276       1.0480
    1277       1.0738
    1278       1.0445
    1279       1.0616
    1280       1.1590
    1281       1.1631
    1282       1.2172
    1283       1.2044
    1284       1.1812
    1285       1.1596
    1286       1.1773
    1287       1.2581
    1288       1.2750
    1289       1.2065
    1290       1.1787
    1291       1.1939
    1292       1.2347
    1293       1.1487
    1294       1.0885
    1295       1.0809
    1296       1.0937
    1297       1.1877
    1298       1.2315
    1299       1.2088
    1300       1.2367
    1301       1.2609
    1302       1.2255
    1303       1.2651
    1304       1.1787
    1305       1.1406
    1306       1.1736
    1307       1.2116
    1308       1.2118
    1309       1.2460
    1310       1.2031
    1311       1.1577
    1312       1.1627
    1313       1.2042
    1314       1.1568
    1315       1.1929
    1316       1.1640
    1317       1.1927
    1318       1.1968
    1319       1.1856
    1320       1.1556
    1321       1.2071
    1322       1.1493
    1323       1.1425
    1324       1.1391
    1325       1.1060
    1326       1.1238
    1327       1.2019
    1328       1.1845
    1329       1.1797
    1330       1.1974
    1331       1.2422
    1332       1.2058
    1333       1.1963
    1334       1.1482
    1335       1.1516
    1336       1.2696
    1337       1.2578
    1338       1.3034
    1339       1.2668
    1340       1.1527
    1341       1.1514
    1342       1.1548
    1343       1.2324
    1344       1.1824
    1345       1.2101
    1346       1.2566
    1347       1.2219
    1348       1.2327
    1349       1.2179
    1350       1.1702
    1351       1.2069
    1352       1.1312
    1353       1.2485
    1354       1.1109
    1355       1.2065
    1356       1.2008
    1357       1.1959
    1358       1.1405
    1359       1.1436
    1360       1.1393
    1361       1.1592
    1362       1.1483
    1363       1.1661
    1364       1.1700
    1365       1.1215
    1366       1.1980
    1367       1.1456
    1368       1.0930
    1369       1.0989
    1370       1.1116
    1371       1.1679
    1372       1.1128
    1373       1.2315
    1374       1.1561
    1375       1.2536
    1376       1.1950
    1377       1.2223
    1378       1.3462
    1379       1.3042
    1380       1.2859
    1381       1.2781
    1382       1.2206
    1383       1.2442
    1384       1.2140
    1385       1.3265
    1386       1.3067
    1387       1.2559
    1388       1.2895
    1389       1.1847
    1390       1.2127
    1391       1.1755
    1392       1.1537
    1393       1.1593
    1394       1.1847
    1395       1.1573
    1396       1.1855
    1397       1.2180
    1398       1.1229
    1399       1.1354
    1400       1.1524
    1401       1.1289
    1402       1.1126
    1403       1.1664
    1404       1.1573
    1405       1.1698
    1406       1.1480
    1407       1.2308
    1408       1.0926
    1409       1.1514
    1410       1.1771
    1411       1.1863
    1412       1.2195
    1413       1.1621
    1414       1.1157
    1415       1.1132
    1416       1.1718
    1417       1.2162
    1418       1.1798
    1419       1.2040
    1420       1.1854
    1421       1.2216
    1422       1.2042
    1423       1.1758
    1424       1.2696
    1425       1.2999
    1426       1.3507
    1427       1.2710
    1428       1.2433
    1429       1.2432
    1430       1.2660
    1431       1.2539
    1432       1.2319
    1433       1.2414
    1434       1.3228
    1435       1.3154
    1436       1.3586
    1437       1.4172
    1438       1.2944
    1439       1.2993
    1440       1.4275
    1441       1.4701
    1442       1.4874
    1443       1.3673
    1444       1.4464
    1445       1.3208
    1446       1.3064
    1447       1.1923
    1448       1.2925
    1449       1.2930
    1450       1.2140
    1451       1.1036
    1452       1.1224
    1453       1.0923
    1454       1.0627
    1455       1.2104
    1456       1.1823
    1457       1.0714
    1458       1.0527
    1459       1.1271
    1460       1.0825
    1461       1.0823
    1462       1.1350
    1463       1.2233
    1464       1.1814
    1465       1.2319
    1466       1.2190
    1467       1.2665
    1468       1.2563
    1469       1.2479
    1470       1.3496
    1471       1.2826
    1472       1.3382
    1473       1.4086
    1474       1.5046
    1475       1.4728
    1476       1.4702
    1477       1.4751
    1478       1.5017
    1479       1.3963
    1480       1.3387
    1481       1.3695
    1482       1.3542
    1483       1.3396
    1484       1.5423
    1485       1.5584
    1486       1.3387
    1487       1.3871
    1488       1.3589
    1489       1.3685
    1490       1.4005
    1491       1.4027
    1492       1.3470
    1493       1.3198
    1494       1.3889
    1495       1.2685
    1496       1.3125
    1497       1.3892
    1498       1.3520
    1499       1.3287
    1500       1.2541
    1501       1.2753
    1502       1.3273
    1503       1.3641
    1504       1.2677
    1505       1.2416
    1506       1.3005
    1507       1.3022
    1508       1.2421
    1509       1.2754
    1510       1.2917
    1511       1.3304
    1512       1.2926
    1513       1.3061
    1514       1.3394
    1515       1.3103
    1516       1.4240
    1517       1.3756
    1518       1.2962
    1519       1.3847
    1520       1.3031
    1521       1.2939
    1522       1.3012
    1523       1.2816
    1524       1.3267
    1525       1.2946
    1526       1.3627
    1527       1.3366
    1528       1.3928
    1529       1.3477
    1530       1.2563
    1531       1.2938
    1532       1.3796
    1533       1.3646
    1534       1.2987
    1535       1.3764
    1536       1.3548
    1537       1.3724
    1538       1.2794
    1539       1.3060
    1540       1.2950
    1541       1.3264
    1542       1.3180
    1543       1.2880
    1544       1.2756
    1545       1.3935
    1546       1.3837
    1547       1.3817
    1548       1.3490
    1549       1.3619
    1550       1.3127
    1551       1.3008
    1552       1.3257
    1553       1.2910
    1554       1.2877
    1555       1.3630
    1556       1.2915
    1557       1.2726
    1558       1.2285
    1559       1.3042
    1560       1.3128
    1561       1.3179
    1562       1.3780
    1563       1.3884
    1564       1.3621
    1565       1.2959
    1566       1.3691
    1567       1.4134
    1568       1.2715
    1569       1.2659
    1570       1.3048
    1571       1.3012
    1572       1.2688
    1573       1.2504
    1574       1.2317
    1575       1.3119
    1576       1.2804
    1577       1.2364
    1578       1.2408
    1579       1.2226
    1580       1.2147
    1581       1.2742
    1582       1.2285
    1583       1.2277
    1584       1.2279
    1585       1.2012
    1586       1.2175
    1587       1.3084
    1588       1.3888
    1589       1.3104
    1590       1.2565
    1591       1.2586
    1592       1.3455
    1593       1.3548
    1594       1.3756
    1595       1.4202
    1596       1.4301
    1597       1.4175
    1598       1.3485
    1599       1.3957
    1600       1.3491
    1601       1.3566
    1602       1.3734
    1603       1.3712
    1604       1.3757
    1605       1.3774
    1606       1.3261
    1607       1.3619
    1608       1.3134
    1609       1.4000
    1610       1.4170
    1611       1.3770
    1612       1.4339
    1613       1.3498
    1614       1.3284
    1615       1.4028
    1616       1.3540
    1617       1.3722
    1618       1.3455
    1619       1.3215
    1620       1.3510
    1621       1.4012
    1622       1.4492
    1623       1.4592
    1624       1.5170
    1625       1.4189
    1626       1.3698
    1627       1.3010
    1628       1.3820
    1629       1.4079
    1630       1.4014
    1631       1.4299
    1632       1.4281
    1633       1.3663
    1634       1.3645
    1635       1.3268
    1636       1.4057
    1637       1.3030
    1638       1.3937
    1639       1.2789
    1640       1.3639
    1641       1.2928
    1642       1.2499
    1643       1.2914
    1644       1.2641
    1645       1.2481
    1646       1.2302
    1647       1.2989
    1648       1.1298
    1649       1.2304
    1650       1.2730
    1651       1.2674
    1652       1.2392
    1653       1.2210
    1654       1.2635
    1655       1.2905
    1656       1.2875
    1657       1.2781
    1658       1.2530
    1659       1.2829
    1660       1.2656
    1661       1.2983
    1662       1.2988
    1663       1.1790
    1664       1.2597
    1665       1.2100
    1666       1.2843
    1667       1.3655
    1668       1.3840
    1669       1.4423
    1670       1.5054
    1671       1.4257
    1672       1.2927
    1673       1.3105
    1674       1.3747
    1675       1.3402
    1676       1.2839
    1677       1.2604
    1678       1.2356
    1679       1.3261
    1680       1.3106
    1681       1.2938
    1682       1.2204
    1683       1.2012
    1684       1.2862
    1685       1.3448
    1686       1.3053
    1687       1.2626
    1688       1.2354
    1689       1.2169
    1690       1.2492
    1691       1.2492
    1692       1.2144
    1693       1.2497
    1694       1.2834
    1695       1.1698
    1696       1.1365
    1697       1.2039
    1698       1.1910
    1699       1.2357
    1700       1.2467
    1701       1.2126
    1702       1.1618
    1703       1.2011
    1704       1.2071
    1705       1.1667
    1706       1.2123
    1707       1.2392
    1708       1.2534
    1709       1.1832
    1710       1.2130
    1711       1.2887
    1712       1.3607
    1713       1.3510
    1714       1.2583
    1715       1.2385
    1716       1.2885
    1717       1.2784
    1718       1.2410
    1719       1.2952
    1720       1.3196
    1721       1.2969
    1722       1.3045
    1723       1.2751
    1724       1.2339
    1725       1.3209
    1726       1.2968
    1727       1.2509
    1728       1.3131
    1729       1.2467
    1730       1.2447
    1731       1.2485
    1732       1.3155
    1733       1.2908
    1734       1.3151
    1735       1.2328
    1736       1.2410
    1737       1.3669
    1738       1.2912
    1739       1.2440
    1740       1.2652
    1741       1.1856
    1742       1.2280
    1743       1.2455
    1744       1.3061
    1745       1.3270
    1746       1.3921
    1747       1.4003
    1748       1.4034
    1749       1.3084
    1750       1.3508
    1751       1.3347
    1752       1.2662
    1753       1.2152
    1754       1.2053
    1755       1.2467
    1756       1.2373
    1757       1.2630
    1758       1.3117
    1759       1.2929
    1760       1.3616
    1761       1.3804
    1762       1.3492
    1763       1.3234
    1764       1.4035
    1765       1.3725
    1766       1.3937
    1767       1.3641
    1768       1.3830
    1769       1.3463
    1770       1.3436
    1771       1.3235
    1772       1.4367
    1773       1.4232
    1774       1.3650
    1775       1.3337
    1776       1.3682
    1777       1.3227
    1778       1.2670
    1779       1.2592
    1780       1.2160
    1781       1.3004
    1782       1.1979
    1783       1.2698
    1784       1.3244
    1785       1.2216
    1786       1.2471
    1787       1.2002
    1788       1.1668
    1789       1.2380
    1790       1.1665
    1791       1.1794
    1792       1.2270
    1793       1.2174
    1794       1.2618
    1795       1.2471
    1796       1.1976
    1797       1.3190
    1798       1.2945
    1799       1.2761
    1800       1.2334
    1801       1.2789
    1802       1.3444
    1803       1.3888
    1804       1.3911
    1805       1.3813
    1806       1.3367
    1807       1.2078
    1808       1.2908
    1809       1.3466
    1810       1.3583
    1811       1.3726
    1812       1.3268
    1813       1.4290
    1814       1.3568
    1815       1.2669
    1816       1.2823
    1817       1.3768
    1818       1.3087
    1819       1.3641
    1820       1.4467
    1821       1.3832
    1822       1.4008
    1823       1.3754
    1824       1.3217
    1825       1.3844
    1826       1.3564
    1827       1.4303
    1828       1.4684
    1829       1.3487
    1830       1.4052
    1831       1.3290
    1832       1.3636
    1833       1.3809
    1834       1.3716
    1835       1.3630
    1836       1.3544
    1837       1.3037
    1838       1.3453
    1839       1.3180
    1840       1.3230
    1841       1.3482
    1842       1.3405
    1843       1.2222
    1844       1.2152
    1845       1.1864
    1846       1.2080
    1847       1.2585
    1848       1.3435
    1849       1.2181
    1850       1.2258
    1851       1.2137
    1852       1.2184
    1853       1.2035
    1854       1.1723
    1855       1.2301
    1856       1.3390
    1857       1.2942
    1858       1.2615
    1859       1.2499
    1860       1.2733
    1861       1.2599
    1862       1.3133
    1863       1.2329
    1864       1.1948
    1865       1.2462
    1866       1.2837
    1867       1.3049
    1868       1.3303
    1869       1.3434
    1870       1.2481
    1871       1.3088
    1872       1.3579
    1873       1.4057
    1874       1.3363
    1875       1.3365
    1876       1.3281
    1877       1.2569
    1878       1.3337
    1879       1.3391
    1880       1.2736
    1881       1.2146
    1882       1.1421
    1883       1.3027
    1884       1.2407
    1885       1.2613
    1886       1.2392
    1887       1.2443
    1888       1.3181
    1889       1.4275
    1890       1.3520
    1891       1.4238
    1892       1.2765
    1893       1.2323
    1894       1.2561
    1895       1.2332
    1896       1.2544
    1897       1.2809
    1898       1.2250
    1899       1.2544
    1900       1.2418
    1901       1.2432
    1902       1.1962
    1903       1.2439
    1904       1.2119
    1905       1.1856
    1906       1.2626
    1907       1.3150
    1908       1.2652
    1909       1.2370
    1910       1.2815
    1911       1.1792
    1912       1.2590
    1913       1.2680
    1914       1.3075
    1915       1.3023
    1916       1.2279
    1917       1.2723
    1918       1.2388
    1919       1.3511
    1920       1.3242
    1921       1.3188
    1922       1.3853
    1923       1.4159
    1924       1.3715
    1925       1.4489
    1926       1.4195
    1927       1.4062
    1928       1.4145
    1929       1.3794
    1930       1.3915
    1931       1.3602
    1932       1.3782
    1933       1.3164
    1934       1.3395
    1935       1.4079
    1936       1.3867
    1937       1.4216
    1938       1.3437
    1939       1.3372
    1940       1.3034
    1941       1.2605
    1942       1.3058
    1943       1.3486
    1944       1.3663
    1945       1.4136
    1946       1.3769
    1947       1.3951
    1948       1.4178
    1949       1.4599
    1950       1.4270
    1951       1.4872
    1952       1.4169
    1953       1.4405
    1954       1.4834
    1955       1.3711
    1956       1.3798
    1957       1.3640
    1958       1.4172
    1959       1.3225
    1960       1.4025
    1961       1.3688
    1962       1.4115
    1963       1.3949
    1964       1.4483
    1965       1.5162
    1966       1.4851
    1967       1.3840
    1968       1.3392
    1969       1.2987
    1970       1.2552
    1971       1.2909
    1972       1.2937
    1973       1.2730
    1974       1.2760
    1975       1.3395
    1976       1.2983
    1977       1.2719
    1978       1.2307
    1979       1.1833
    1980       1.2242
    1981       1.2063
    1982       1.2285
    1983       1.2292
    1984       1.2916
    1985       1.2055
    1986       1.2109
    1987       1.1627
    1988       1.1841
    1989       1.1288
    1990       1.1954
    1991       1.2539
    1992       1.2480
    1993       1.3067
    1994       1.2491
    1995       1.2890
    1996       1.2414
    1997       1.3724
    1998       1.3049
    1999       1.3195
    2000       1.3554
    2001       1.4459
    2002       1.3168
    2003       1.4040
    2004       1.4225
    2005       1.4042
    2006       1.3745
    2007       1.3836
    2008       1.4449
    2009       1.3848
    2010       1.4504
    2011       1.4801
    2012       1.4896
    2013       1.3696
    2014       1.3424
    2015       1.3922
    2016       1.3869
    2017       1.3825
    2018       1.3813
    2019       1.3297
    2020       1.3512
    2021       1.3094
    2022       1.3742
    2023       1.2667
    2024       1.2741
    2025       1.2620
    2026       1.2599
    2027       1.2584
    2028       1.2734
    2029       1.2680
    2030       1.2411
    2031       1.1949
    2032       1.2544
    2033       1.1814
    2034       1.1523
    2035       1.2016
    2036       1.2457
    2037       1.2149
    2038       1.2223
    2039       1.2227
    2040       1.1997
    2041       1.2303
    2042       1.2842
    2043       1.2356
    2044       1.2499
    2045       1.2065
    2046       1.2982
    2047       1.2748
    2048       1.2758
    2049       1.2724
    2050       1.2843
    2051       1.3034
    2052       1.3199
    2053       1.2532
    2054       1.3202
    2055       1.2886
    2056       1.2757
    2057       1.2909
    2058       1.2976
    2059       1.3911
    2060       1.3164
    2061       1.3597
    2062       1.3903
    2063       1.4095
    2064       1.3680
    2065       1.4151
    2066       1.3501
    2067       1.2560
    2068       1.2999
    2069       1.3043
    2070       1.2818
    2071       1.2699
    2072       1.2811
    2073       1.2073
    2074       1.2519
    2075       1.2927
    2076       1.2198
    2077       1.2359
    2078       1.2682
    2079       1.2397
    2080       1.2414
    2081       1.1930
    2082       1.3302
    2083       1.3358
    2084       1.3513
    2085       1.3705
    2086       1.4063
    2087       1.3805
    2088       1.3782
    2089       1.3214
    2090       1.3188
    2091       1.3921
    2092       1.3763
    2093       1.3718
    2094       1.3426
    2095       1.3491
    2096       1.3844
    2097       1.3745
    2098       1.4502
    2099       1.3396
    2100       1.3468
    2101       1.4019
    2102       1.3218
    2103       1.3610
    2104       1.3064
    2105       1.3088
    2106       1.3275
    2107       1.2605
    2108       1.3289
    2109       1.2605
    2110       1.2418
    2111       1.2525
    2112       1.2061
    2113       1.2361
    2114       1.2073
    2115       1.2265
    2116       1.2428
    2117       1.3036
    2118       1.3804
    2119       1.3197
    2120       1.2942
    2121       1.3416
    2122       1.2701
    2123       1.2947
    2124       1.3646
    2125       1.3594
    2126       1.3000
    2127       1.2281
    2128       1.2349
    2129       1.2543
    2130       1.2460
    2131       1.1969
    2132       1.2168
    2133       1.2165
    2134       1.2342
    2135       1.2248
    2136       1.1751
    2137       1.1902
    2138       1.1882
    2139       1.2365
    2140       1.1873
    2141       1.2971
    2142       1.2244
    2143       1.2190
    2144       1.1616
    2145       1.2209
    2146       1.1670
    2147       1.1219
    2148       1.1607
    2149       1.2422
    2150       1.2627
    2151       1.2121
    2152       1.2006
    2153       1.2717
    2154       1.2826
    2155       1.2278
    2156       1.2384
    2157       1.2535
    2158       1.1759
    2159       1.1829
    2160       1.1654
    2161       1.2606
    2162       1.2350
    2163       1.2901
    2164       1.2836
    2165       1.2477
    2166       1.2122
    2167       1.2555
    2168       1.2853
    2169       1.2525
    2170       1.2311
    2171       1.2839
    2172       1.1445
    2173       1.1883
    2174       1.2197
    2175       1.1900
    2176       1.1883
    2177       1.1769
    2178       1.1664
    2179       1.1509
    2180       1.1824
    2181       1.1808
    2182       1.1433
    2183       1.2506
    2184       1.2862
    2185       1.3162
    2186       1.2868
    2187       1.2648
    2188       1.2455
    2189       1.1860
    2190       1.2488
    2191       1.2875
    2192       1.1638
    2193       1.2719
    2194       1.2456
    2195       1.2210
    2196       1.1572
    2197       1.1855
    2198       1.1377
    2199       1.2056
    2200       1.1187
    2201       1.1579
    2202       1.1561
    2203       1.1234
    2204       1.1032
    2205       1.1269
    2206       1.1691
    2207       1.0945
    2208       1.0761
    2209       1.1585
    2210       1.1433
    2211       1.2004
    2212       1.2085
    2213       1.1544
    2214       1.1400
    2215       1.1793
    2216       1.1800
    2217       1.1711
    2218       1.1146
    2219       1.2044
    2220       1.2530
    2221       1.1847
    2222       1.1846
    2223       1.2461
    2224       1.3519
    2225       1.3255
    2226       1.2190
    2227       1.2182
    2228       1.1666
    2229       1.1401
    2230       1.1863
    2231       1.1206
    2232       1.1906
    2233       1.2158
    2234       1.1655
    2235       1.1656
    2236       1.1373
    2237       1.0898
    2238       1.2158
    2239       1.1942
    2240       1.2337
    2241       1.1895
    2242       1.2901
    2243       1.2437
    2244       1.2561
    2245       1.3242
    2246       1.3265
    2247       1.2749
    2248       1.3302
    2249       1.2845
    2250       1.2390
    2251       1.1640
    2252       1.2319
    2253       1.2085
    2254       1.2589
    2255       1.1677
    2256       1.1719
    2257       1.2046
    2258       1.2841
    2259       1.2194
    2260       1.1361
    2261       1.0725
    2262       1.1642
    2263       1.1691
    2264       1.1642
    2265       1.2256
    2266       1.2408
    2267       1.2895
    2268       1.3099
    2269       1.2211
    2270       1.1654
    2271       1.1752
    2272       1.2327
    2273       1.1989
    2274       1.2743
    2275       1.2564
    2276       1.3416
    2277       1.3717
    2278       1.3109
    2279       1.1957
    2280       1.1958
    2281       1.1793
    2282       1.1588
    2283       1.2045
    2284       1.1832
    2285       1.1263
    2286       1.2403
    2287       1.1626
    2288       1.1026
    2289       1.2420
    2290       1.2396
    2291       1.3113
    2292       1.2947
    2293       1.2500
    2294       1.3095
    2295       1.2502
    2296       1.2344
    2297       1.2101
    2298       1.2996
    2299       1.2959
    2300       1.2962
    2301       1.2681
    2302       1.2996
    2303       1.1879
    2304       1.2229
    2305       1.2461
    2306       1.2162
    2307       1.2299
    2308       1.2299
    2309       1.2481
    2310       1.2215
    2311       1.2596
    2312       1.3032
    2313       1.3226
    2314       1.2575
    2315       1.3448
    2316       1.4239
    2317       1.4517
    2318       1.4224
    2319       1.3631
    2320       1.4698
    2321       1.3953
    2322       1.3685
    2323       1.3117
    2324       1.3949
    2325       1.3363
    2326       1.3423
    2327       1.3767
    2328       1.3366
    2329       1.2466
    2330       1.2895
    2331       1.2489
    2332       1.3609
    2333       1.3506
    2334       1.3917
    2335       1.3549
    2336       1.3299
    2337       1.3318
    2338       1.4054
    2339       1.3647
    2340       1.3652
    2341       1.3677
    2342       1.3516
    2343       1.2752
    2344       1.2661
    2345       1.2605
    2346       1.3885
    2347       1.3799
    2348       1.3564
    2349       1.4005
    2350       1.5007
    2351       1.4522
    2352       1.4078
    2353       1.3231
    2354       1.3731
    2355       1.4124
    2356       1.4234
    2357       1.3191
    2358       1.3745
    2359       1.3640
    2360       1.4072
    2361       1.4150
    2362       1.4321
    2363       1.5396
    2364       1.4860
    2365       1.4722
    2366       1.4799
    2367       1.4918
    2368       1.5283
    2369       1.4380
    2370       1.4155
    2371       1.4600
    2372       1.4369
    2373       1.4678
    2374       1.4896
    2375       1.4846
    2376       1.4330
    2377       1.4632
    2378       1.5344
    2379       1.5567
    2380       1.5210
    2381       1.6169
    2382       1.4738
    2383       1.5264
    2384       1.5499
    2385       1.5436
    2386       1.6607
    2387       1.4797
    2388       1.5125
    2389       1.6081
    2390       1.5482
    2391       1.5040
    2392       1.5244
    2393       1.5973
    2394       1.5374
    2395       1.6318
    2396       1.6265
    2397       1.6951
    2398       1.7557
    2399       1.7310
    2400       1.5161
    2401       1.5629
    2402       1.4569
    2403       1.5107
    2404       1.4818
    2405       1.4757
    2406       1.4420
    2407       1.4212
    2408       1.4895
    2409       1.4340
    2410       1.4763
    2411       1.4420
    2412       1.3271
    2413       1.3402
    2414       1.2538
    2415       1.2935
    2416       1.2509
    2417       1.2534
    2418       1.3595
    2419       1.2368
    2420       1.2986
    2421       1.3727
    2422       1.3899
    2423       1.4580
    2424       1.4132
    2425       1.3798
    2426       1.4479
    2427       1.3535
    2428       1.3856
    2429       1.3126
    2430       1.3881
    2431       1.4987
    2432       1.4070
    2433       1.4207
    2434       1.4375
    2435       1.4962
    2436       1.4367
    2437       1.4782
    2438       1.5403
    2439       1.5305
    2440       1.4654
    2441       1.3707
    2442       1.2840
    2443       1.2325
    2444       1.2614
    2445       1.2096
    2446       1.2391
    2447       1.2064
    2448       1.1951
    2449       1.2102
    2450       1.1446
    2451       1.1899
    2452       1.1592
    2453       1.2217
    2454       1.2342
    2455       1.1971
    2456       1.1928
    2457       1.2039
    2458       1.1314
    2459       1.1367
    2460       1.2111
    2461       1.2068
    2462       1.2421
    2463       1.3129
    2464       1.3188
    2465       1.2583
    2466       1.2514
    2467       1.2402
    2468       1.3023
    2469       1.3808
    2470       1.3482
    2471       1.3877
    2472       1.3269
    2473       1.4138
    2474       1.3546
    2475       1.2825
    2476       1.2979
    2477       1.3706
    2478       1.3650
    2479       1.3400
    2480       1.3725
    2481       1.4413
    2482       1.3564
    2483       1.4030
    2484       1.3761
    2485       1.4310
    2486       1.3410
    2487       1.2630
    2488       1.3174
    2489       1.2718
    2490       1.2304
    2491       1.2496
    2492       1.3679
    2493       1.3748
    2494       1.4341
    2495       1.4805
    2496       1.5326
    2497       1.4877
    2498       1.5657
    2499       1.4001
    2500       1.4765
    2501       1.4698
    2502       1.4786
    2503       1.5111
    2504       1.4015
    2505       1.3815
    2506       1.3403
    2507       1.4430
    2508       1.4481
    2509       1.5564
    2510       1.5259
    2511       1.4623
    2512       1.6032
    2513       1.6510
    2514       1.5433
    2515       1.6344
    2516       1.6438
    2517       1.5477
    2518       1.4647
    2519       1.4836
    2520       1.4905
    2521       1.4720
    2522       1.5248
    2523       1.5167
    2524       1.5201
    2525       1.6093
    2526       1.5516
    2527       1.5470
    2528       1.6045
    2529       1.4877
    2530       1.4912
    2531       1.4636
    2532       1.4698
    2533       1.4243
    2534       1.4084
    2535       1.3560
    2536       1.2953
    2537       1.2557
    2538       1.3001
    2539       1.3215
    2540       1.3946
    2541       1.2910
    2542       1.3147
    2543       1.2953
    2544       1.2846
    2545       1.2536
    2546       1.2626
    2547       1.3431
    2548       1.3241
    2549       1.3021
    2550       1.2909
    2551       1.2550
    2552       1.2698
    2553       1.2495
    2554       1.3130
    2555       1.3703
    2556       1.3672
    2557       1.4124
    2558       1.4594
    2559       1.4697
    2560       1.4991
    2561       1.4349
    2562       1.5236
    2563       1.5334
    2564       1.5038
    2565       1.3919
    2566       1.3560
    2567       1.4604
    2568       1.5239
    2569       1.4882
    2570       1.5196
    2571       1.5141
    2572       1.3850
    2573       1.5171
    2574       1.4076
    2575       1.5357
    2576       1.4338
    2577       1.4330
    2578       1.3771
    2579       1.4090
    2580       1.3887
    2581       1.4265
    2582       1.3356
    2583       1.3239
    2584       1.3508
    2585       1.2387
    2586       1.3015
    2587       1.2624
    2588       1.2724
    2589       1.2519
    2590       1.2392
    2591       1.1905
    2592       1.2384
    2593       1.2644
    2594       1.2228
    2595       1.2279
    2596       1.3235
    2597       1.3423
    2598       1.2609
    2599       1.1739
    2600       1.2102
    2601       1.2406
    2602       1.2607
    2603       1.2066
    2604       1.3346
    2605       1.2727
    2606       1.2376
    2607       1.2695
    2608       1.3077
    2609       1.3100
    2610       1.3263
    2611       1.3542
    2612       1.3574
    2613       1.3782
    2614       1.2668
    2615       1.2416
    2616       1.1858
    2617       1.1510
    2618       1.1842
    2619       1.1901
    2620       1.2411
    2621       1.1973
    2622       1.1509
    2623       1.2479
    2624       1.1534
    2625       1.0811
    2626       1.1663
    2627       1.2330
    2628       1.1698
    2629       1.2296
    2630       1.2136
    2631       1.2175
    2632       1.1947
    2633       1.2220
    2634       1.2178
    2635       1.1715
    2636       1.2609
    2637       1.2529
    2638       1.2613
    2639       1.1803
    2640       1.1491
    2641       1.2364
    2642       1.2387
    2643       1.2501
    2644       1.3018
    2645       1.1875
    2646       1.2434
    2647       1.2176
    2648       1.2040
    2649       1.3029
    2650       1.2236
    2651       1.2404
    2652       1.2276
    2653       1.2721
    2654       1.2117
    2655       1.2219
    2656       1.1942
    2657       1.2029
    2658       1.1190
    2659       1.2033
    2660       1.1607
    2661       1.1049
    2662       1.1374
    2663       1.0638
    2664       1.1525
    2665       1.2543
    2666       1.2351
    2667       1.1985
    2668       1.2293
    2669       1.2731
    2670       1.3305
    2671       1.2936
    2672       1.2928
    2673       1.2405
    2674       1.1837
    2675       1.1779
    2676       1.2522
    2677       1.3428
    2678       1.3239
    2679       1.3175
    2680       1.3184
    2681       1.3590
    2682       1.3196
    2683       1.4343
    2684       1.3876
    2685       1.3221
    2686       1.3365
    2687       1.3065
    2688       1.3138
    2689       1.3470
    2690       1.3787
    2691       1.3376
    2692       1.2910
    2693       1.3108
    2694       1.4042
    2695       1.4645
    2696       1.4255
    2697       1.3056
    2698       1.4263
    2699       1.4197
    2700       1.3709
    2701       1.4063
    2702       1.3301
    2703       1.1964
    2704       1.2939
    2705       1.2931
    2706       1.2514
    2707       1.3337
    2708       1.3600
    2709       1.3252
    2710       1.3235
    2711       1.3327
    2712       1.2868
    2713       1.2359
    2714       1.3724
    2715       1.3388
    2716       1.3078
    2717       1.3611
    2718       1.4016
    2719       1.3090
    2720       1.3038
    2721       1.3059
    2722       1.3328
    2723       1.3785
    2724       1.2930
    2725       1.3326
    2726       1.4179
    2727       1.3924
    2728       1.4358
    2729       1.4546
    2730       1.4730
    2731       1.3916
    2732       1.3516
    2733       1.3285
    2734       1.3953
    2735       1.3452
    2736       1.3254
    2737       1.3716
    2738       1.3448
    2739       1.4532
    2740       1.4143
    2741       1.3702
    2742       1.3761
    2743       1.3278
    2744       1.3133
    2745       1.3618
    2746       1.4418
    2747       1.4110
    2748       1.4003
    2749       1.4411
    2750       1.4959
    2751       1.4744
    2752       1.4174
    2753       1.4319
    2754       1.4100
    2755       1.4084
    2756       1.3789
    2757       1.3813
    2758       1.3746
    2759       1.4174
    2760       1.4058
    2761       1.3855
    2762       1.3902
    2763       1.3524
    2764       1.3027
    2765       1.3147
    2766       1.3091
    2767       1.4051
    2768       1.2978
    2769       1.2408
    2770       1.2805
    2771       1.1661
    2772       1.1762
    2773       1.1671
    2774       1.2049
    2775       1.2312
    2776       1.2770
    2777       1.3323
    2778       1.3536
    2779       1.4298
    2780       1.3998
    2781       1.3335
    2782       1.3890
    2783       1.3435
    2784       1.3263
    2785       1.3543
    2786       1.2997
    2787       1.2998
    2788       1.4006
    2789       1.3914
    2790       1.4307
    2791       1.4188
    2792       1.4168
    2793       1.3755
    2794       1.3689
    2795       1.4384
    2796       1.4259
    2797       1.5062
    2798       1.4879
    2799       1.4932
    2800       1.5572
    2801       1.5207
    2802       1.5093
    2803       1.4513
    2804       1.4552
    2805       1.4709
    2806       1.4526
    2807       1.4403
    2808       1.4518
    2809       1.4285
    2810       1.4213
    2811       1.3880
    2812       1.4046
    2813       1.3303
    2814       1.4097
    2815       1.3928
    2816       1.4547
    2817       1.3431
    2818       1.4270
    2819       1.3776
    2820       1.4320
    2821       1.4078
    2822       1.4175
    2823       1.3847
    2824       1.3468
    2825       1.2897
    2826       1.3927
    2827       1.4919
    2828       1.4598
    2829       1.4378
    2830       1.4267
    2831       1.4698
    2832       1.3813
    2833       1.3566
    2834       1.4443
    2835       1.3720
    2836       1.4410
    2837       1.4547
    2838       1.4062
    2839       1.4032
    2840       1.3445
    2841       1.2931
    2842       1.2365
    2843       1.3501
    2844       1.4721
    2845       1.4912
    2846       1.3735
    2847       1.4388
    2848       1.3291
    2849       1.2842
    2850       1.3168
    2851       1.2830
    2852       1.2470
    2853       1.2773
    2854       1.2940
    2855       1.3103
    2856       1.3255
    2857       1.3481
    2858       1.2998
    2859       1.3244
    2860       1.4118
    2861       1.3424
    2862       1.2952
    2863       1.3029
    2864       1.3284
    2865       1.3922
    2866       1.4168
    2867       1.4406
    2868       1.3456
    2869       1.2737
    2870       1.3876
    2871       1.2689
    2872       1.3507
    2873       1.2939
    2874       1.3639
    2875       1.2571
    2876       1.2045
    2877       1.2015
    2878       1.1790
    2879       1.2242
    2880       1.2595
    2881       1.2101
    2882       1.2222
    2883       1.2967
    2884       1.1349
    2885       1.1616
    2886       1.1454
    2887       1.1952
    2888       1.2053
    2889       1.2759
    2890       1.3314
    2891       1.3223
    2892       1.3624
    2893       1.3472
    2894       1.3708
    2895       1.3812
    2896       1.3332
    2897       1.4081
    2898       1.4603
    2899       1.5249
    2900       1.4115
    2901       1.5218
    2902       1.5375
    2903       1.4612
    2904       1.4205
    2905       1.5309
    2906       1.4931
    2907       1.5158
    2908       1.4415
    2909       1.3136
    2910       1.3411
    2911       1.2723
    2912       1.2745
    2913       1.2576
    2914       1.2733
    2915       1.3492
    2916       1.5277
    2917       1.4234
    2918       1.3173
    2919       1.3793
    2920       1.3972
    2921       1.4351
    2922       1.4040
    2923       1.4466
    2924       1.4173
    2925       1.3859
    2926       1.3716
    2927       1.3874
    2928       1.4290
    2929       1.2930
    2930       1.3885
    2931       1.3683
    2932       1.3618
    2933       1.2700
    2934       1.3458
    2935       1.3683
    2936       1.4146
    2937       1.3670
    2938       1.3375
    2939       1.3049
    2940       1.2260
    2941       1.2136
    2942       1.3625
    2943       1.3868
    2944       1.3579
    2945       1.3272
    2946       1.3575
    2947       1.4108
    2948       1.3803
    2949       1.4188
    2950       1.3645
    2951       1.3275
    2952       1.2454
    2953       1.2735
    2954       1.2777
    2955       1.3820
    2956       1.3708
    2957       1.4138
    2958       1.3965
    2959       1.3315
    2960       1.3121
    2961       1.4005
    2962       1.3764
    2963       1.3082
    2964       1.2926
    2965       1.2020
    2966       1.2404
    2967       1.2561
    2968       1.2851
    2969       1.3223
    2970       1.3085
    2971       1.2446
    2972       1.2928
    2973       1.2350
    2974       1.1743
    2975       1.2312
    2976       1.3052
    2977       1.1997
    2978       1.2377
    2979       1.2467
    2980       1.2138
    2981       1.2627
    2982       1.2574
    2983       1.2505
    2984       1.2779
    2985       1.2390
    2986       1.3777
    2987       1.2717
    2988       1.2845
    2989       1.2916
    2990       1.2659
    2991       1.2675
    2992       1.1871
    2993       1.1990
    2994       1.2209
    2995       1.2149
    2996       1.2433
    2997       1.2372
    2998       1.2310
    2999       1.2324
    3000       1.2303
    3001       1.2042
    3002       1.2191
    3003       1.2858
    3004       1.2663
    3005       1.2161
    3006       1.2399
    3007       1.2428
    3008       1.2446
    3009       1.2038
    3010       1.2193
    3011       1.2279
    3012       1.2886
    3013       1.3118
    3014       1.3542
    3015       1.2237
    3016       1.1749
    3017       1.2724
    3018       1.2552
    3019       1.2401
    3020       1.2985
    3021       1.2736
    3022       1.3520
    3023       1.3348
    3024       1.4228
    3025       1.3477
    3026       1.2435
    3027       1.2363
    3028       1.2231
    3029       1.2585
    3030       1.2308
    3031       1.2103
    3032       1.1760
    3033       1.1829
    3034       1.1717
    3035       1.2013
    3036       1.2053
    3037       1.2051
    3038       1.2877
    3039       1.3424
    3040       1.3312
    3041       1.2658
    3042       1.2996
    3043       1.1848
    3044       1.1993
    3045       1.1394
    3046       1.2250
    3047       1.2165
    3048       1.1953
    3049       1.1308
    3050       1.1786
    3051       1.1835
    3052       1.1985
    3053       1.2413
    3054       1.2280
    3055       1.1392
    3056       1.1330
    3057       1.1581
    3058       1.1974
    3059       1.1450
    3060       1.1794
    3061       1.1716
    3062       1.2278
    3063       1.2181
    3064       1.2455
    3065       1.1892
    3066       1.2116
    3067       1.3006
    3068       1.2105
    3069       1.2419
    3070       1.2896
    3071       1.2457
    3072       1.2503
    3073       1.3490
    3074       1.3223
    3075       1.2819
    3076       1.2455
    3077       1.3093
    3078       1.2563
    3079       1.2217
    3080       1.1840
    3081       1.2442
    3082       1.2665
    3083       1.2122
    3084       1.2365
    3085       1.1602
    3086       1.2418
    3087       1.2655
    3088       1.2692
    3089       1.2474
    3090       1.2590
    3091       1.2842
    3092       1.2026
    3093       1.2359
    3094       1.3044
    3095       1.2869
    3096       1.2275
    3097       1.2411
    3098       1.1772
    3099       1.2442
    3100       1.2149
    3101       1.2180
    3102       1.2043
    3103       1.2025
    3104       1.2989
    3105       1.1986
    3106       1.2251
    3107       1.1864
    3108       1.2238
    3109       1.2739
    3110       1.2175
    3111       1.2751
    3112       1.2604
    3113       1.2175
    3114       1.2360
    3115       1.1858
    3116       1.2461
    3117       1.2293
    3118       1.2647
    3119       1.2964
    3120       1.2894
    3121       1.2707
    3122       1.2790
    3123       1.2734
    3124       1.2486
    3125       1.2245
