#Frame     RMSD_00001
       1       0.0000
       2       0.6286
       3       0.7468
       4       0.7354
       5       0.7513
       6       0.7359
       7       0.7908
       8       0.7716
       9       0.7947
      10       0.7510
      11       0.8026
      12       0.7796
      13       0.7500
      14       0.8402
      15       0.8833
      16       0.8440
      17       0.8607
      18       0.9958
      19       0.9324
      20       0.8520
      21       0.9326
      22       0.9278
      23       0.8540
      24       0.8832
      25       0.8331
      26       0.8577
      27       0.8217
      28       0.8240
      29       0.8445
      30       0.8715
      31       0.8488
      32       0.8389
      33       0.8233
      34       0.9084
      35       0.8566
      36       0.8819
      37       0.9142
      38       0.9202
      39       0.9173
      40       0.8820
      41       0.8684
      42       0.8917
      43       0.9062
      44       0.8838
      45       0.9436
      46       0.8750
      47       0.9730
      48       0.9797
      49       1.0623
      50       1.0371
      51       0.9397
      52       0.9322
      53       0.9257
      54       0.9470
      55       0.9006
      56       0.8645
      57       0.8679
      58       0.9396
      59       0.9020
      60       0.9719
      61       0.8771
      62       0.8308
      63       0.9006
      64       0.9086
      65       0.9102
      66       0.9091
      67       0.8921
      68       0.9525
      69       0.9290
      70       0.9163
      71       0.8801
      72       0.9406
      73       0.9677
      74       0.8820
      75       0.8921
      76       0.8649
      77       0.8679
      78       0.8772
      79       0.9021
      80       0.9095
      81       0.9552
      82       0.9330
      83       0.9293
      84       0.9840
      85       0.9952
      86       1.0656
      87       1.0406
      88       1.0800
      89       1.1755
      90       1.1257
      91       1.0380
      92       0.9885
      93       1.0165
      94       1.0056
      95       1.0043
      96       0.9824
      97       0.9398
      98       0.8400
      99       0.8678
     100       0.9721
     101       0.9793
     102       1.0627
     103       0.9841
     104       0.8914
     105       0.8873
     106       0.9502
     107       0.9361
     108       0.9562
     109       0.9373
     110       0.9398
     111       0.9332
     112       0.9378
     113       0.9855
     114       1.0322
     115       0.9752
     116       0.9877
     117       0.9910
     118       1.0677
     119       1.0500
     120       1.1138
     121       1.0402
     122       1.0508
     123       1.1157
     124       1.1893
     125       1.0950
     126       1.0778
     127       1.1034
     128       1.0811
     129       1.0263
     130       0.9776
     131       0.9972
     132       0.9536
     133       1.0399
     134       0.9561
     135       1.0152
     136       0.9125
     137       0.8920
     138       0.9733
     139       0.9769
     140       1.0103
     141       0.9480
     142       0.9790
     143       0.9142
     144       0.9525
     145       1.0201
     146       1.0217
     147       1.0605
     148       0.9748
     149       0.9560
     150       0.9505
     151       0.9482
     152       0.9634
     153       0.9539
     154       0.9852
     155       0.9229
     156       0.9680
     157       0.9993
     158       1.0031
     159       0.9377
     160       1.0177
     161       0.9896
     162       1.0342
     163       0.9995
     164       0.9693
     165       1.0709
     166       1.0773
     167       1.0808
     168       1.0646
     169       1.0412
     170       1.0519
     171       1.0198
     172       1.0410
     173       1.0059
     174       0.9906
     175       0.9609
     176       0.9759
     177       0.9887
     178       0.9302
     179       1.0291
     180       1.0775
     181       1.0922
     182       1.0324
     183       0.9677
     184       0.9978
     185       0.9923
     186       0.9594
     187       0.9293
     188       1.0824
     189       1.0715
     190       1.0794
     191       1.0472
     192       1.0614
     193       1.1209
     194       1.0563
     195       0.9983
     196       1.0574
     197       1.0301
     198       1.0280
     199       1.0780
     200       1.2238
     201       1.1717
     202       1.0857
     203       1.1978
     204       1.1634
     205       1.1809
     206       1.2194
     207       1.3100
     208       1.3784
     209       1.2655
     210       1.2052
     211       1.3518
     212       1.2897
     213       1.2641
     214       1.2438
     215       1.1948
     216       1.2105
     217       1.2484
     218       1.2264
     219       1.3211
     220       1.3048
     221       1.2883
     222       1.3372
     223       1.2505
     224       1.3225
     225       1.3672
     226       1.3427
     227       1.4227
     228       1.4496
     229       1.4161
     230       1.4093
     231       1.4192
     232       1.4227
     233       1.4167
     234       1.3238
     235       1.3334
     236       1.3347
     237       1.3075
     238       1.3715
     239       1.4522
     240       1.4579
     241       1.5062
     242       1.3354
     243       1.3314
     244       1.3762
     245       1.4545
     246       1.4092
     247       1.3879
     248       1.3590
     249       1.4112
     250       1.4222
     251       1.4112
     252       1.3186
     253       1.3685
     254       1.3828
     255       1.4154
     256       1.3660
     257       1.3255
     258       1.3717
     259       1.2639
     260       1.3435
     261       1.3320
     262       1.2998
     263       1.2171
     264       1.2660
     265       1.2717
     266       1.3218
     267       1.3152
     268       1.2920
     269       1.3133
     270       1.2982
     271       1.2962
     272       1.3652
     273       1.3942
     274       1.3460
     275       1.3860
     276       1.3713
     277       1.3094
     278       1.3273
     279       1.3331
     280       1.4133
     281       1.4761
     282       1.4783
     283       1.5388
     284       1.5314
     285       1.6246
     286       1.5763
     287       1.5059
     288       1.4967
     289       1.5420
     290       1.5525
     291       1.5253
     292       1.4615
     293       1.5199
     294       1.5084
     295       1.4668
     296       1.4885
     297       1.4123
     298       1.4088
     299       1.3863
     300       1.4074
     301       1.4498
     302       1.4520
     303       1.4480
     304       1.4468
     305       1.4632
     306       1.4731
     307       1.5390
     308       1.4763
     309       1.4033
     310       1.4378
     311       1.4411
     312       1.4247
     313       1.4925
     314       1.5646
     315       1.6024
     316       1.5707
     317       1.5797
     318       1.6663
     319       1.5311
     320       1.4932
     321       1.4918
     322       1.5372
     323       1.6547
     324       1.5822
     325       1.5700
     326       1.4971
     327       1.4377
     328       1.5989
     329       1.5865
     330       1.6472
     331       1.5065
     332       1.5343
     333       1.4719
     334       1.4257
     335       1.4233
     336       1.4415
     337       1.4872
     338       1.4909
     339       1.4189
     340       1.3739
     341       1.3788
     342       1.3451
     343       1.3640
     344       1.3125
     345       1.3290
     346       1.3318
     347       1.3698
     348       1.4343
     349       1.3865
     350       1.4157
     351       1.3733
     352       1.3677
     353       1.4275
     354       1.4250
     355       1.4224
     356       1.3973
     357       1.4378
     358       1.4372
     359       1.2500
     360       1.2706
     361       1.2786
     362       1.2423
     363       1.2463
     364       1.2857
     365       1.3028
     366       1.2129
     367       1.2307
     368       1.2352
     369       1.3276
     370       1.3201
     371       1.3475
     372       1.3374
     373       1.2920
     374       1.2665
     375       1.2812
     376       1.2586
     377       1.3006
     378       1.3116
     379       1.1919
     380       1.2597
     381       1.1941
     382       1.1400
     383       1.1338
     384       1.2527
     385       1.3090
     386       1.3531
     387       1.3593
     388       1.3870
     389       1.3475
     390       1.3414
     391       1.3060
     392       1.2969
     393       1.2072
     394       1.2247
     395       1.2429
     396       1.1898
     397       1.2148
     398       1.2144
     399       1.1874
     400       1.1531
     401       1.1948
     402       1.2267
     403       1.2364
     404       1.3161
     405       1.3265
     406       1.3227
     407       1.3564
     408       1.3409
     409       1.3795
     410       1.3670
     411       1.3974
     412       1.3199
     413       1.3500
     414       1.3232
     415       1.3327
     416       1.2962
     417       1.2515
     418       1.1594
     419       1.2550
     420       1.3114
     421       1.3227
     422       1.3403
     423       1.3910
     424       1.4099
     425       1.5214
     426       1.4169
     427       1.4412
     428       1.4685
     429       1.5347
     430       1.5963
     431       1.5401
     432       1.5559
     433       1.4994
     434       1.5245
     435       1.4790
     436       1.5175
     437       1.5766
     438       1.5376
     439       1.5401
     440       1.5040
     441       1.5720
     442       1.4623
     443       1.4421
     444       1.4788
     445       1.6358
     446       1.5630
     447       1.4678
     448       1.5006
     449       1.4514
     450       1.4281
     451       1.4083
     452       1.4015
     453       1.4959
     454       1.5003
     455       1.4381
     456       1.4198
     457       1.3965
     458       1.2835
     459       1.2871
     460       1.3835
     461       1.4206
     462       1.4958
     463       1.4309
     464       1.5238
     465       1.5408
     466       1.5246
     467       1.6206
     468       1.5751
     469       1.5977
     470       1.5680
     471       1.5586
     472       1.6309
     473       1.6047
     474       1.6904
     475       1.5976
     476       1.5949
     477       1.5695
     478       1.6162
     479       1.6445
     480       1.7212
     481       1.7621
     482       1.7018
     483       1.7004
     484       1.6136
     485       1.4938
     486       1.4946
     487       1.4028
     488       1.3987
     489       1.3543
     490       1.4085
     491       1.3959
     492       1.3755
     493       1.3322
     494       1.4036
     495       1.3525
     496       1.2711
     497       1.2928
     498       1.2837
     499       1.2886
     500       1.2914
     501       1.4836
     502       1.4244
     503       1.5440
     504       1.4778
     505       1.4735
     506       1.5554
     507       1.4632
     508       1.3397
     509       1.3321
     510       1.2789
     511       1.3832
     512       1.4240
     513       1.4588
     514       1.3913
     515       1.4252
     516       1.3578
     517       1.4837
     518       1.5148
     519       1.4654
     520       1.4076
     521       1.4300
     522       1.4121
     523       1.4265
     524       1.3753
     525       1.4045
     526       1.3955
     527       1.3616
     528       1.4956
     529       1.4664
     530       1.3291
     531       1.2911
     532       1.3694
     533       1.3050
     534       1.2615
     535       1.2548
     536       1.2451
     537       1.2443
     538       1.3072
     539       1.3534
     540       1.3301
     541       1.3545
     542       1.3378
     543       1.3564
     544       1.3797
     545       1.3866
     546       1.3039
     547       1.3457
     548       1.1917
     549       1.1761
     550       1.2385
     551       1.2979
     552       1.2637
     553       1.3372
     554       1.2915
     555       1.3056
     556       1.2912
     557       1.3632
     558       1.3849
     559       1.4088
     560       1.3227
     561       1.3383
     562       1.3750
     563       1.4061
     564       1.4371
     565       1.4602
     566       1.6138
     567       1.6050
     568       1.5836
     569       1.5702
     570       1.5048
     571       1.5121
     572       1.4639
     573       1.4643
     574       1.3392
     575       1.4338
     576       1.5415
     577       1.4756
     578       1.5803
     579       1.6155
     580       1.5722
     581       1.4768
     582       1.4967
     583       1.3985
     584       1.4172
     585       1.3431
     586       1.4214
     587       1.5091
     588       1.4395
     589       1.4240
     590       1.3726
     591       1.3820
     592       1.3366
     593       1.4439
     594       1.3409
     595       1.3481
     596       1.2260
     597       1.2917
     598       1.2626
     599       1.2662
     600       1.2199
     601       1.3104
     602       1.3333
     603       1.3060
     604       1.3945
     605       1.3631
     606       1.3195
     607       1.3577
     608       1.3829
     609       1.4163
     610       1.4027
     611       1.3808
     612       1.4281
     613       1.4883
     614       1.4559
     615       1.4862
     616       1.3857
     617       1.4452
     618       1.5978
     619       1.6386
     620       1.6168
     621       1.5177
     622       1.4468
     623       1.4209
     624       1.3016
     625       1.2819
     626       1.3576
     627       1.1641
     628       1.1661
     629       1.1941
     630       1.1609
     631       1.2781
     632       1.2573
     633       1.2257
     634       1.2579
     635       1.1758
     636       1.0482
     637       1.1521
     638       1.2054
     639       1.1295
     640       1.1250
     641       1.2026
     642       1.2138
     643       1.1953
     644       1.1496
     645       1.1931
     646       1.1922
     647       1.2167
     648       1.2189
     649       1.2481
     650       1.2825
     651       1.2854
     652       1.3201
     653       1.2589
     654       1.2986
     655       1.2673
     656       1.3446
     657       1.3055
     658       1.3114
     659       1.3359
     660       1.2959
     661       1.3145
     662       1.3170
     663       1.3561
     664       1.3128
     665       1.2871
     666       1.3319
     667       1.2862
     668       1.2920
     669       1.3083
     670       1.1857
     671       1.2831
     672       1.3116
     673       1.1900
     674       1.3180
     675       1.3521
     676       1.3428
     677       1.3243
     678       1.3732
     679       1.4379
     680       1.4386
     681       1.4145
     682       1.5218
     683       1.3658
     684       1.3479
     685       1.3527
     686       1.2930
     687       1.3253
     688       1.4094
     689       1.4201
     690       1.3534
     691       1.2939
     692       1.4318
     693       1.4095
     694       1.4339
     695       1.4001
     696       1.3087
     697       1.3189
     698       1.3070
     699       1.3127
     700       1.4388
     701       1.4295
     702       1.3479
     703       1.4051
     704       1.4573
     705       1.4911
     706       1.4718
     707       1.4725
     708       1.3898
     709       1.3421
     710       1.4707
     711       1.4328
     712       1.4063
     713       1.4928
     714       1.4442
     715       1.3695
     716       1.2560
     717       1.3362
     718       1.3394
     719       1.3966
     720       1.3632
     721       1.3480
     722       1.3784
     723       1.3801
     724       1.4473
     725       1.4446
     726       1.4750
     727       1.4821
     728       1.3370
     729       1.4032
     730       1.3411
     731       1.4185
     732       1.4083
     733       1.4688
     734       1.3942
     735       1.2801
     736       1.3161
     737       1.3057
     738       1.3024
     739       1.2766
     740       1.2939
     741       1.3020
     742       1.2124
     743       1.2658
     744       1.2102
     745       1.3510
     746       1.3148
     747       1.3441
     748       1.3273
     749       1.3389
     750       1.2899
     751       1.3418
     752       1.3461
     753       1.4435
     754       1.4530
     755       1.4260
     756       1.3908
     757       1.4444
     758       1.3766
     759       1.3262
     760       1.3225
     761       1.3236
     762       1.3613
     763       1.3198
     764       1.2661
     765       1.2451
     766       1.3362
     767       1.3445
     768       1.2245
     769       1.2328
     770       1.2567
     771       1.3255
     772       1.2974
     773       1.3855
     774       1.4127
     775       1.4135
     776       1.4391
     777       1.4983
     778       1.4788
     779       1.4081
     780       1.2851
     781       1.3939
     782       1.3519
     783       1.3696
     784       1.3362
     785       1.4192
     786       1.4735
     787       1.4753
     788       1.4495
     789       1.4041
     790       1.4453
     791       1.4520
     792       1.3653
     793       1.4279
     794       1.4041
     795       1.4121
     796       1.3635
     797       1.3527
     798       1.3866
     799       1.3343
     800       1.3381
     801       1.4127
     802       1.3669
     803       1.3875
     804       1.3349
     805       1.4713
     806       1.5885
     807       1.4831
     808       1.3880
     809       1.3672
     810       1.3399
     811       1.3232
     812       1.2745
     813       1.2670
     814       1.2744
     815       1.2206
     816       1.3051
     817       1.3980
     818       1.4243
     819       1.3822
     820       1.4429
     821       1.4640
     822       1.5241
     823       1.4657
     824       1.5333
     825       1.5567
     826       1.4936
     827       1.4741
     828       1.5612
     829       1.6588
     830       1.5756
     831       1.7219
     832       1.7263
     833       1.6365
     834       1.5576
     835       1.5956
     836       1.6038
     837       1.6320
     838       1.4616
     839       1.4711
     840       1.4672
     841       1.4649
     842       1.4613
     843       1.4512
     844       1.4789
     845       1.4536
     846       1.4258
     847       1.3429
     848       1.3473
     849       1.2499
     850       1.2955
     851       1.4133
     852       1.4408
     853       1.4913
     854       1.5995
     855       1.4771
     856       1.5692
     857       1.5188
     858       1.4174
     859       1.4717
     860       1.3726
     861       1.4001
     862       1.4264
     863       1.4418
     864       1.5004
     865       1.5628
     866       1.5192
     867       1.4247
     868       1.4731
     869       1.3007
     870       1.4758
     871       1.5354
     872       1.5833
     873       1.5706
     874       1.5225
     875       1.5424
     876       1.4335
     877       1.3466
     878       1.3964
     879       1.4652
     880       1.4802
     881       1.4284
     882       1.5090
     883       1.4746
     884       1.5470
     885       1.6226
     886       1.6350
     887       1.6266
     888       1.4791
     889       1.4329
     890       1.5100
     891       1.4319
     892       1.3418
     893       1.3381
     894       1.3915
     895       1.4176
     896       1.4015
     897       1.3616
     898       1.4955
     899       1.4108
     900       1.4538
     901       1.4820
     902       1.4253
     903       1.3975
     904       1.3863
     905       1.3725
     906       1.3268
     907       1.3957
     908       1.3431
     909       1.2809
     910       1.3292
     911       1.3460
     912       1.3663
     913       1.3087
     914       1.3516
     915       1.3500
     916       1.2942
     917       1.2978
     918       1.2805
     919       1.3630
     920       1.3090
     921       1.3171
     922       1.2527
     923       1.2827
     924       1.3259
     925       1.3551
     926       1.3304
     927       1.3013
     928       1.2571
     929       1.2722
     930       1.2599
     931       1.2851
     932       1.2529
     933       1.3011
     934       1.3287
     935       1.3137
     936       1.3227
     937       1.3726
     938       1.3514
     939       1.3412
     940       1.3481
     941       1.3127
     942       1.3205
     943       1.3246
     944       1.3321
     945       1.2999
     946       1.4236
     947       1.5311
     948       1.4207
     949       1.4381
     950       1.4285
     951       1.4042
     952       1.4129
     953       1.4263
     954       1.4667
     955       1.3961
     956       1.3137
     957       1.4420
     958       1.3356
     959       1.4854
     960       1.4315
     961       1.3508
     962       1.3168
     963       1.3015
     964       1.3448
     965       1.3796
     966       1.5152
     967       1.3985
     968       1.4428
     969       1.3734
     970       1.3453
     971       1.2836
     972       1.3356
     973       1.1896
     974       1.2688
     975       1.2027
     976       1.1994
     977       1.2430
     978       1.2187
     979       1.2457
     980       1.1766
     981       1.2454
     982       1.2895
     983       1.2794
     984       1.2889
     985       1.3315
     986       1.4385
     987       1.3771
     988       1.3680
     989       1.4018
     990       1.4491
     991       1.4435
     992       1.3895
     993       1.3460
     994       1.3189
     995       1.4447
     996       1.5560
     997       1.4236
     998       1.3381
     999       1.4224
    1000       1.4167
    1001       1.3850
    1002       1.3931
    1003       1.3529
    1004       1.2719
    1005       1.3476
    1006       1.2929
    1007       1.3750
    1008       1.4107
    1009       1.4361
    1010       1.5290
    1011       1.4867
    1012       1.4952
    1013       1.5153
    1014       1.4571
    1015       1.4279
    1016       1.4542
    1017       1.5725
    1018       1.4851
    1019       1.4910
    1020       1.4735
    1021       1.3172
    1022       1.3711
    1023       1.3948
    1024       1.3542
    1025       1.4145
    1026       1.4143
    1027       1.3713
    1028       1.4123
    1029       1.4316
    1030       1.4345
    1031       1.4621
    1032       1.4910
    1033       1.4726
    1034       1.5592
    1035       1.4969
    1036       1.4168
    1037       1.4475
    1038       1.5788
    1039       1.5874
    1040       1.5217
    1041       1.5395
    1042       1.5108
    1043       1.5043
    1044       1.4846
    1045       1.4818
    1046       1.3598
    1047       1.3745
    1048       1.4430
    1049       1.4864
    1050       1.5152
    1051       1.4755
    1052       1.4583
    1053       1.5516
    1054       1.5993
    1055       1.5882
    1056       1.6086
    1057       1.5300
    1058       1.5271
    1059       1.5507
    1060       1.5060
    1061       1.4484
    1062       1.4428
    1063       1.5076
    1064       1.5263
    1065       1.5142
    1066       1.5634
    1067       1.5753
    1068       1.5742
    1069       1.5580
    1070       1.4532
    1071       1.4543
    1072       1.4654
    1073       1.4615
    1074       1.4290
    1075       1.5386
    1076       1.4451
    1077       1.3955
    1078       1.5007
    1079       1.5266
    1080       1.5744
    1081       1.5199
    1082       1.5135
    1083       1.4892
    1084       1.4874
    1085       1.5482
    1086       1.5647
    1087       1.5834
    1088       1.5647
    1089       1.5962
    1090       1.5965
    1091       1.6068
    1092       1.6741
    1093       1.6737
    1094       1.6871
    1095       1.6116
    1096       1.7173
    1097       1.6613
    1098       1.6448
    1099       1.5331
    1100       1.5841
    1101       1.5272
    1102       1.5923
    1103       1.4723
    1104       1.5617
    1105       1.5736
    1106       1.5119
    1107       1.6066
    1108       1.6184
    1109       1.5264
    1110       1.5381
    1111       1.5732
    1112       1.5082
    1113       1.5140
    1114       1.5353
    1115       1.5017
    1116       1.5740
    1117       1.5499
    1118       1.5124
    1119       1.4639
    1120       1.4850
    1121       1.4466
    1122       1.5052
    1123       1.5227
    1124       1.4774
    1125       1.3848
    1126       1.4799
    1127       1.5340
    1128       1.5041
    1129       1.4970
    1130       1.4663
    1131       1.4769
    1132       1.5135
    1133       1.4469
    1134       1.4957
    1135       1.3836
    1136       1.3467
    1137       1.4686
    1138       1.3591
    1139       1.4064
    1140       1.4284
    1141       1.4479
    1142       1.4874
    1143       1.4509
    1144       1.5320
    1145       1.5756
    1146       1.5166
    1147       1.5921
    1148       1.5835
    1149       1.5812
    1150       1.5635
    1151       1.6145
    1152       1.5587
    1153       1.5497
    1154       1.5603
    1155       1.5174
    1156       1.3881
    1157       1.4203
    1158       1.4085
    1159       1.4408
    1160       1.3917
    1161       1.4364
    1162       1.3819
    1163       1.4230
    1164       1.4384
    1165       1.4353
    1166       1.5701
    1167       1.6053
    1168       1.4401
    1169       1.4300
    1170       1.4799
    1171       1.4738
    1172       1.4588
    1173       1.5059
    1174       1.4336
    1175       1.4800
    1176       1.4202
    1177       1.4758
    1178       1.5046
    1179       1.4181
    1180       1.3780
    1181       1.4006
    1182       1.3807
    1183       1.4004
    1184       1.3609
    1185       1.3400
    1186       1.2643
    1187       1.3107
    1188       1.3013
    1189       1.3855
    1190       1.4853
    1191       1.4234
    1192       1.4644
    1193       1.4066
    1194       1.4942
    1195       1.4952
    1196       1.5908
    1197       1.4747
    1198       1.4594
    1199       1.5143
    1200       1.5453
    1201       1.5631
    1202       1.5360
    1203       1.5770
    1204       1.4803
    1205       1.5358
    1206       1.5091
    1207       1.5340
    1208       1.4893
    1209       1.4049
    1210       1.4809
    1211       1.4187
    1212       1.3225
    1213       1.3557
    1214       1.3516
    1215       1.3045
    1216       1.2463
    1217       1.2912
    1218       1.3152
    1219       1.3171
    1220       1.4500
    1221       1.4835
    1222       1.4163
    1223       1.4291
    1224       1.4994
    1225       1.4376
    1226       1.4378
    1227       1.4688
    1228       1.4809
    1229       1.4241
    1230       1.4265
    1231       1.4172
    1232       1.4197
    1233       1.3411
    1234       1.2420
    1235       1.2888
    1236       1.3542
    1237       1.2891
    1238       1.3166
    1239       1.3550
    1240       1.2754
    1241       1.2742
    1242       1.3710
    1243       1.3518
    1244       1.3313
    1245       1.3526
    1246       1.2810
    1247       1.2816
    1248       1.3069
    1249       1.3257
    1250       1.3754
    1251       1.3344
    1252       1.3737
    1253       1.3986
    1254       1.3523
    1255       1.3323
    1256       1.3516
    1257       1.3008
    1258       1.3705
    1259       1.3045
    1260       1.4250
    1261       1.3369
    1262       1.3763
    1263       1.3804
    1264       1.3468
    1265       1.4437
    1266       1.4542
    1267       1.3856
    1268       1.4610
    1269       1.4124
    1270       1.4834
    1271       1.3981
    1272       1.4350
    1273       1.4332
    1274       1.5021
    1275       1.4430
    1276       1.3560
    1277       1.3822
    1278       1.3921
    1279       1.3819
    1280       1.4073
    1281       1.4168
    1282       1.5044
    1283       1.4647
    1284       1.4243
    1285       1.4510
    1286       1.4275
    1287       1.4587
    1288       1.5124
    1289       1.5061
    1290       1.5589
    1291       1.5768
    1292       1.4372
    1293       1.4349
    1294       1.4493
    1295       1.4611
    1296       1.4240
    1297       1.4559
    1298       1.4282
    1299       1.4599
    1300       1.3970
    1301       1.4482
    1302       1.4574
    1303       1.5131
    1304       1.4702
    1305       1.4070
    1306       1.3354
    1307       1.3153
    1308       1.3502
    1309       1.3062
    1310       1.3557
    1311       1.3118
    1312       1.4226
    1313       1.4151
    1314       1.3338
    1315       1.4008
    1316       1.4731
    1317       1.4644
    1318       1.4388
    1319       1.4120
    1320       1.4165
    1321       1.4938
    1322       1.4600
    1323       1.3846
    1324       1.4081
    1325       1.4146
    1326       1.4323
    1327       1.4255
    1328       1.4247
    1329       1.4058
    1330       1.4232
    1331       1.4169
    1332       1.3512
    1333       1.3866
    1334       1.4209
    1335       1.3928
    1336       1.3583
    1337       1.3952
    1338       1.3691
    1339       1.3035
    1340       1.3020
    1341       1.3888
    1342       1.3927
    1343       1.3432
    1344       1.3193
    1345       1.2432
    1346       1.2624
    1347       1.2564
    1348       1.2908
    1349       1.3287
    1350       1.4336
    1351       1.4031
    1352       1.3790
    1353       1.3802
    1354       1.3845
    1355       1.3719
    1356       1.4098
    1357       1.4315
    1358       1.4437
    1359       1.4504
    1360       1.4187
    1361       1.3721
    1362       1.3625
    1363       1.4537
    1364       1.3866
    1365       1.3381
    1366       1.3585
    1367       1.4453
    1368       1.4472
    1369       1.4696
    1370       1.5692
    1371       1.6371
    1372       1.6584
    1373       1.6348
    1374       1.5596
    1375       1.7598
    1376       1.6335
    1377       1.5418
    1378       1.6843
    1379       1.6811
    1380       1.6184
    1381       1.5370
    1382       1.6240
    1383       1.6429
    1384       1.6652
    1385       1.6207
    1386       1.5846
    1387       1.6933
    1388       1.6522
    1389       1.5716
    1390       1.6547
    1391       1.6192
    1392       1.5641
    1393       1.5760
    1394       1.5852
    1395       1.5663
    1396       1.5932
    1397       1.6188
    1398       1.5636
    1399       1.5285
    1400       1.5397
    1401       1.5350
    1402       1.5720
    1403       1.5598
    1404       1.5369
    1405       1.5956
    1406       1.6039
    1407       1.6130
    1408       1.5953
    1409       1.5512
    1410       1.5991
    1411       1.6198
    1412       1.6468
    1413       1.6827
    1414       1.6312
    1415       1.5916
    1416       1.6455
    1417       1.7063
    1418       1.6896
    1419       1.6047
    1420       1.5953
    1421       1.5493
    1422       1.5941
    1423       1.6038
    1424       1.5230
    1425       1.5771
    1426       1.6154
    1427       1.6457
    1428       1.6684
    1429       1.6780
    1430       1.6064
    1431       1.5667
    1432       1.5897
    1433       1.5471
    1434       1.5230
    1435       1.5088
    1436       1.5126
    1437       1.5473
    1438       1.5853
    1439       1.5439
    1440       1.5116
    1441       1.6101
    1442       1.5680
    1443       1.5706
    1444       1.5914
    1445       1.5664
    1446       1.5462
    1447       1.5047
    1448       1.5476
    1449       1.5326
    1450       1.6216
    1451       1.5064
    1452       1.5267
    1453       1.5418
    1454       1.5152
    1455       1.5492
    1456       1.4601
    1457       1.4505
    1458       1.5210
    1459       1.5454
    1460       1.4730
    1461       1.4316
    1462       1.4900
    1463       1.4455
    1464       1.3706
    1465       1.3199
    1466       1.3140
    1467       1.3387
    1468       1.3314
    1469       1.3765
    1470       1.3810
    1471       1.3090
    1472       1.3060
    1473       1.2881
    1474       1.3303
    1475       1.4710
    1476       1.4054
    1477       1.4584
    1478       1.4437
    1479       1.4349
    1480       1.4043
    1481       1.4243
    1482       1.4939
    1483       1.3750
    1484       1.4076
    1485       1.4934
    1486       1.5089
    1487       1.5236
    1488       1.4462
    1489       1.4666
    1490       1.4225
    1491       1.3967
    1492       1.3729
    1493       1.3641
    1494       1.3997
    1495       1.3839
    1496       1.4457
    1497       1.4240
    1498       1.3660
    1499       1.3303
    1500       1.3395
    1501       1.4081
    1502       1.3701
    1503       1.3575
    1504       1.3835
    1505       1.3949
    1506       1.4267
    1507       1.4743
    1508       1.4336
    1509       1.3954
    1510       1.3617
    1511       1.4293
    1512       1.4254
    1513       1.4063
    1514       1.4304
    1515       1.4631
    1516       1.4896
    1517       1.4613
    1518       1.5656
    1519       1.4741
    1520       1.4950
    1521       1.4865
    1522       1.5569
    1523       1.6534
    1524       1.6059
    1525       1.5893
    1526       1.5107
    1527       1.4773
    1528       1.4832
    1529       1.4957
    1530       1.4996
    1531       1.6267
    1532       1.4573
    1533       1.5597
    1534       1.5143
    1535       1.4624
    1536       1.4185
    1537       1.3506
    1538       1.4326
    1539       1.4291
    1540       1.4980
    1541       1.4587
    1542       1.3660
    1543       1.4456
    1544       1.4124
    1545       1.3309
    1546       1.3694
    1547       1.3078
    1548       1.3077
    1549       1.3746
    1550       1.3820
    1551       1.3448
    1552       1.3957
    1553       1.4174
    1554       1.3818
    1555       1.4935
    1556       1.4609
    1557       1.4566
    1558       1.3696
    1559       1.2886
    1560       1.3893
    1561       1.4289
    1562       1.3693
    1563       1.2907
    1564       1.3478
    1565       1.3792
    1566       1.3218
    1567       1.2989
    1568       1.3279
    1569       1.3053
    1570       1.2758
    1571       1.3050
    1572       1.2712
    1573       1.2868
    1574       1.2925
    1575       1.3204
    1576       1.3461
    1577       1.4479
    1578       1.4484
    1579       1.4295
    1580       1.4525
    1581       1.4960
    1582       1.5613
    1583       1.4743
    1584       1.5114
    1585       1.5539
    1586       1.5149
    1587       1.4878
    1588       1.4349
    1589       1.5670
    1590       1.5631
    1591       1.6421
    1592       1.6719
    1593       1.7298
    1594       1.5346
    1595       1.5399
    1596       1.6699
    1597       1.6087
    1598       1.5328
    1599       1.4801
    1600       1.5536
    1601       1.5232
    1602       1.4887
    1603       1.4550
    1604       1.5173
    1605       1.5228
    1606       1.4763
    1607       1.5289
    1608       1.4819
    1609       1.4547
    1610       1.4752
    1611       1.4509
    1612       1.4053
    1613       1.3670
    1614       1.3634
    1615       1.3675
    1616       1.3438
    1617       1.2533
    1618       1.2914
    1619       1.2546
    1620       1.2756
    1621       1.3073
    1622       1.2830
    1623       1.3980
    1624       1.3724
    1625       1.3582
    1626       1.3815
    1627       1.4118
    1628       1.3894
    1629       1.3215
    1630       1.3276
    1631       1.3286
    1632       1.2724
    1633       1.3620
    1634       1.4346
    1635       1.3016
    1636       1.2869
    1637       1.2534
    1638       1.2611
    1639       1.2885
    1640       1.2416
    1641       1.2695
    1642       1.3249
    1643       1.3744
    1644       1.2937
    1645       1.2491
    1646       1.3255
    1647       1.4240
    1648       1.3426
    1649       1.3566
    1650       1.4141
    1651       1.3862
    1652       1.3778
    1653       1.3818
    1654       1.4520
    1655       1.3663
    1656       1.3528
    1657       1.4077
    1658       1.4466
    1659       1.3715
    1660       1.4185
    1661       1.3825
    1662       1.3370
    1663       1.4418
    1664       1.4396
    1665       1.4548
    1666       1.5109
    1667       1.4975
    1668       1.3979
    1669       1.4816
    1670       1.4405
    1671       1.4494
    1672       1.3708
    1673       1.3742
    1674       1.3680
    1675       1.4013
    1676       1.4095
    1677       1.4853
    1678       1.4126
    1679       1.4101
    1680       1.4243
    1681       1.4884
    1682       1.4797
    1683       1.5343
    1684       1.3983
    1685       1.4458
    1686       1.4513
    1687       1.3857
    1688       1.4590
    1689       1.4292
    1690       1.4920
    1691       1.4837
    1692       1.4094
    1693       1.4178
    1694       1.4170
    1695       1.3540
    1696       1.4305
    1697       1.4290
    1698       1.4850
    1699       1.3866
    1700       1.3357
    1701       1.3536
    1702       1.3873
    1703       1.4116
    1704       1.4525
    1705       1.4691
    1706       1.4853
    1707       1.5129
    1708       1.4923
    1709       1.4561
    1710       1.4444
    1711       1.4519
    1712       1.4517
    1713       1.4804
    1714       1.5483
    1715       1.5157
    1716       1.6062
    1717       1.6135
    1718       1.5695
    1719       1.6070
    1720       1.5385
    1721       1.5929
    1722       1.4979
    1723       1.5174
    1724       1.5399
    1725       1.4137
    1726       1.4484
    1727       1.4524
    1728       1.4213
    1729       1.4588
    1730       1.4411
    1731       1.4433
    1732       1.4255
    1733       1.4004
    1734       1.4594
    1735       1.4878
    1736       1.4153
    1737       1.5170
    1738       1.5500
    1739       1.4911
    1740       1.5181
    1741       1.4837
    1742       1.4428
    1743       1.4824
    1744       1.4778
    1745       1.4144
    1746       1.4890
    1747       1.4207
    1748       1.4279
    1749       1.4513
    1750       1.4487
    1751       1.4598
    1752       1.4444
    1753       1.4101
    1754       1.3688
    1755       1.3818
    1756       1.4742
    1757       1.4678
    1758       1.3768
    1759       1.3150
    1760       1.3241
    1761       1.3494
    1762       1.3736
    1763       1.3295
    1764       1.3896
    1765       1.3374
    1766       1.3016
    1767       1.3859
    1768       1.3781
    1769       1.3176
    1770       1.4039
    1771       1.3629
    1772       1.3858
    1773       1.3615
    1774       1.3236
    1775       1.2900
    1776       1.3007
    1777       1.3140
    1778       1.3172
    1779       1.2769
    1780       1.2836
    1781       1.3494
    1782       1.2837
    1783       1.2580
    1784       1.3069
    1785       1.3399
    1786       1.3822
    1787       1.3578
    1788       1.3593
    1789       1.3050
    1790       1.2651
    1791       1.3298
    1792       1.2438
    1793       1.2665
    1794       1.2976
    1795       1.2928
    1796       1.3518
    1797       1.3687
    1798       1.3663
    1799       1.4939
    1800       1.4413
    1801       1.3967
    1802       1.4128
    1803       1.4519
    1804       1.3724
    1805       1.3340
    1806       1.4310
    1807       1.4287
    1808       1.4079
    1809       1.4385
    1810       1.4178
    1811       1.3868
    1812       1.4353
    1813       1.4690
    1814       1.4090
    1815       1.3314
    1816       1.4596
    1817       1.4783
    1818       1.4441
    1819       1.4025
    1820       1.3363
    1821       1.4041
    1822       1.4146
    1823       1.4294
    1824       1.3821
    1825       1.4178
    1826       1.3854
    1827       1.4629
    1828       1.4260
    1829       1.3822
    1830       1.3828
    1831       1.3219
    1832       1.4011
    1833       1.3548
    1834       1.3471
    1835       1.3951
    1836       1.4064
    1837       1.3769
    1838       1.3356
    1839       1.3615
    1840       1.3696
    1841       1.3507
    1842       1.3553
    1843       1.3315
    1844       1.4099
    1845       1.3759
    1846       1.3257
    1847       1.3531
    1848       1.4107
    1849       1.3490
    1850       1.3134
    1851       1.3047
    1852       1.3153
    1853       1.2765
    1854       1.3529
    1855       1.2671
    1856       1.2731
    1857       1.2971
    1858       1.2713
    1859       1.2641
    1860       1.3139
    1861       1.2002
    1862       1.2559
    1863       1.2005
    1864       1.2656
    1865       1.1873
    1866       1.2635
    1867       1.2542
    1868       1.2982
    1869       1.3032
    1870       1.2618
    1871       1.2435
    1872       1.3433
    1873       1.3475
    1874       1.3542
    1875       1.2894
    1876       1.2397
    1877       1.2671
    1878       1.2781
    1879       1.3258
    1880       1.3200
    1881       1.3694
    1882       1.3267
    1883       1.3502
    1884       1.2986
    1885       1.3606
    1886       1.2164
    1887       1.2386
    1888       1.2569
    1889       1.4134
    1890       1.3504
    1891       1.4313
    1892       1.4300
    1893       1.3967
    1894       1.3953
    1895       1.3439
    1896       1.3012
    1897       1.2768
    1898       1.2494
    1899       1.3046
    1900       1.2212
    1901       1.3330
    1902       1.2741
    1903       1.2945
    1904       1.3339
    1905       1.2815
    1906       1.2448
    1907       1.2776
    1908       1.2776
    1909       1.2920
    1910       1.2671
    1911       1.2879
    1912       1.2705
    1913       1.2805
    1914       1.3696
    1915       1.3394
    1916       1.3967
    1917       1.3795
    1918       1.3837
    1919       1.3540
    1920       1.3967
    1921       1.3849
    1922       1.3427
    1923       1.3257
    1924       1.3489
    1925       1.3315
    1926       1.4231
    1927       1.3752
    1928       1.3861
    1929       1.4478
    1930       1.4396
    1931       1.3132
    1932       1.2998
    1933       1.3062
    1934       1.2959
    1935       1.3035
    1936       1.3623
    1937       1.3842
    1938       1.3157
    1939       1.2992
    1940       1.4000
    1941       1.3490
    1942       1.4808
    1943       1.4218
    1944       1.3613
    1945       1.3428
    1946       1.3561
    1947       1.2378
    1948       1.3194
    1949       1.3152
    1950       1.2913
    1951       1.2760
    1952       1.2752
    1953       1.1903
    1954       1.2932
    1955       1.2507
    1956       1.2429
    1957       1.2598
    1958       1.2856
    1959       1.2994
    1960       1.3557
    1961       1.3726
    1962       1.3685
    1963       1.2369
    1964       1.3270
    1965       1.2549
    1966       1.3228
    1967       1.3178
    1968       1.3204
    1969       1.3672
    1970       1.3670
    1971       1.4255
    1972       1.3985
    1973       1.4742
    1974       1.3519
    1975       1.3231
    1976       1.3387
    1977       1.2690
    1978       1.3223
    1979       1.3676
    1980       1.4306
    1981       1.3539
    1982       1.3626
    1983       1.4206
    1984       1.3935
    1985       1.4562
    1986       1.3893
    1987       1.4508
    1988       1.4915
    1989       1.4893
    1990       1.4656
    1991       1.3774
    1992       1.4066
    1993       1.4129
    1994       1.4164
    1995       1.2680
    1996       1.3947
    1997       1.3990
    1998       1.3234
    1999       1.2537
    2000       1.2921
    2001       1.3985
    2002       1.3572
    2003       1.3844
    2004       1.4211
    2005       1.4372
    2006       1.4283
    2007       1.3984
    2008       1.3703
    2009       1.3193
    2010       1.3224
    2011       1.4161
    2012       1.3987
    2013       1.3795
    2014       1.2934
    2015       1.3723
    2016       1.3343
    2017       1.2285
    2018       1.2025
    2019       1.2400
    2020       1.3053
    2021       1.2412
    2022       1.3358
    2023       1.3616
    2024       1.3971
    2025       1.3202
    2026       1.2239
    2027       1.2680
    2028       1.2918
    2029       1.2773
    2030       1.2878
    2031       1.3063
    2032       1.2081
    2033       1.2647
    2034       1.2782
    2035       1.3441
    2036       1.3166
    2037       1.3416
    2038       1.4270
    2039       1.3764
    2040       1.3371
    2041       1.3170
    2042       1.2953
    2043       1.2606
    2044       1.2900
    2045       1.2507
    2046       1.3353
    2047       1.3201
    2048       1.3170
    2049       1.2226
    2050       1.2486
    2051       1.2863
    2052       1.3696
    2053       1.4477
    2054       1.4539
    2055       1.5052
    2056       1.4232
    2057       1.4466
    2058       1.4396
    2059       1.4005
    2060       1.4235
    2061       1.3467
    2062       1.3937
    2063       1.4375
    2064       1.5020
    2065       1.4380
    2066       1.3890
    2067       1.3848
    2068       1.3698
    2069       1.4488
    2070       1.5281
    2071       1.5364
    2072       1.5319
    2073       1.5196
    2074       1.5866
    2075       1.6037
    2076       1.6441
    2077       1.6212
    2078       1.5058
    2079       1.5312
    2080       1.5399
    2081       1.4580
    2082       1.4954
    2083       1.5510
    2084       1.5227
    2085       1.6155
    2086       1.5870
    2087       1.6414
    2088       1.6805
    2089       1.6266
    2090       1.5956
    2091       1.5373
    2092       1.5446
    2093       1.5891
    2094       1.5632
    2095       1.5374
    2096       1.5900
    2097       1.5668
    2098       1.5048
    2099       1.4347
    2100       1.4157
    2101       1.5124
    2102       1.5844
    2103       1.5470
    2104       1.6511
    2105       1.5908
    2106       1.5555
    2107       1.5148
    2108       1.5722
    2109       1.6616
    2110       1.6564
    2111       1.6115
    2112       1.6115
    2113       1.5258
    2114       1.5162
    2115       1.5293
    2116       1.4985
    2117       1.5109
    2118       1.6358
    2119       1.6665
    2120       1.5867
    2121       1.5675
    2122       1.6093
    2123       1.5994
    2124       1.5280
    2125       1.5271
    2126       1.5188
    2127       1.5059
    2128       1.5038
    2129       1.4125
    2130       1.4544
    2131       1.5076
    2132       1.5726
    2133       1.5974
    2134       1.5828
    2135       1.5928
    2136       1.5110
    2137       1.4831
    2138       1.6436
    2139       1.6530
    2140       1.6282
    2141       1.6381
    2142       1.5855
    2143       1.5258
    2144       1.5103
    2145       1.4478
    2146       1.5331
    2147       1.4555
    2148       1.5286
    2149       1.4660
    2150       1.5392
    2151       1.5336
    2152       1.5011
    2153       1.5519
    2154       1.5959
    2155       1.5323
    2156       1.5454
    2157       1.5755
    2158       1.5362
    2159       1.5535
    2160       1.5337
    2161       1.5037
    2162       1.4767
    2163       1.5672
    2164       1.5940
    2165       1.6314
    2166       1.5542
    2167       1.5017
    2168       1.5361
    2169       1.4817
    2170       1.4875
    2171       1.5544
    2172       1.5972
    2173       1.5846
    2174       1.5523
    2175       1.5232
    2176       1.5959
    2177       1.5365
    2178       1.5940
    2179       1.6360
    2180       1.5983
    2181       1.5893
    2182       1.5273
    2183       1.4994
    2184       1.5474
    2185       1.6081
    2186       1.5494
    2187       1.5907
    2188       1.6549
    2189       1.6510
    2190       1.5090
    2191       1.5357
    2192       1.4554
    2193       1.4719
    2194       1.6079
    2195       1.5231
    2196       1.5861
    2197       1.6146
    2198       1.5794
    2199       1.5100
    2200       1.5395
    2201       1.5974
    2202       1.5769
    2203       1.5746
    2204       1.6006
    2205       1.5677
    2206       1.6245
    2207       1.6682
    2208       1.5206
    2209       1.5353
    2210       1.5551
    2211       1.5504
    2212       1.4711
    2213       1.4236
    2214       1.4433
    2215       1.4364
    2216       1.4326
    2217       1.4920
    2218       1.4997
    2219       1.5094
    2220       1.6046
    2221       1.5365
    2222       1.3890
    2223       1.4813
    2224       1.4763
    2225       1.4040
    2226       1.3727
    2227       1.3465
    2228       1.3637
    2229       1.4282
    2230       1.4856
    2231       1.4614
    2232       1.5120
    2233       1.5250
    2234       1.6052
    2235       1.7371
    2236       1.6830
    2237       1.6586
    2238       1.5795
    2239       1.6313
    2240       1.6559
    2241       1.6660
    2242       1.6248
    2243       1.6313
    2244       1.5795
    2245       1.5443
    2246       1.6121
    2247       1.5862
    2248       1.5265
    2249       1.5466
    2250       1.5565
    2251       1.4819
    2252       1.5346
    2253       1.5996
    2254       1.6173
    2255       1.5963
    2256       1.5372
    2257       1.5718
    2258       1.5618
    2259       1.6560
    2260       1.5722
    2261       1.5707
    2262       1.5385
    2263       1.5597
    2264       1.5074
    2265       1.5047
    2266       1.5104
    2267       1.4961
    2268       1.5578
    2269       1.4988
    2270       1.4476
    2271       1.4492
    2272       1.4008
    2273       1.4184
    2274       1.4297
    2275       1.4955
    2276       1.5195
    2277       1.5320
    2278       1.5942
    2279       1.5404
    2280       1.4751
    2281       1.5239
    2282       1.5963
    2283       1.5317
    2284       1.5054
    2285       1.4804
    2286       1.4358
    2287       1.4469
    2288       1.4361
    2289       1.5063
    2290       1.4475
    2291       1.5238
    2292       1.4051
    2293       1.3701
    2294       1.4392
    2295       1.5320
    2296       1.4197
    2297       1.4731
    2298       1.4932
    2299       1.4280
    2300       1.4342
    2301       1.4086
    2302       1.3903
    2303       1.4535
    2304       1.5039
    2305       1.5322
    2306       1.4753
    2307       1.4257
    2308       1.3799
    2309       1.4506
    2310       1.4741
    2311       1.4532
    2312       1.4529
    2313       1.2926
    2314       1.2877
    2315       1.2351
    2316       1.2635
    2317       1.4165
    2318       1.2915
    2319       1.3572
    2320       1.4149
    2321       1.3893
    2322       1.4232
    2323       1.4027
    2324       1.2730
    2325       1.2747
    2326       1.3533
    2327       1.4181
    2328       1.2976
    2329       1.3641
    2330       1.3769
    2331       1.3163
    2332       1.3301
    2333       1.3893
    2334       1.3827
    2335       1.4285
    2336       1.4120
    2337       1.4470
    2338       1.4423
    2339       1.3456
    2340       1.3722
    2341       1.4247
    2342       1.4142
    2343       1.3493
    2344       1.3202
    2345       1.2918
    2346       1.3475
    2347       1.3336
    2348       1.2643
    2349       1.1975
    2350       1.2573
    2351       1.1638
    2352       1.2836
    2353       1.2102
    2354       1.3066
    2355       1.3490
    2356       1.3074
    2357       1.3106
    2358       1.3027
    2359       1.3249
    2360       1.4260
    2361       1.4442
    2362       1.4009
    2363       1.4149
    2364       1.3954
    2365       1.4474
    2366       1.4702
    2367       1.4123
    2368       1.3714
    2369       1.3153
    2370       1.3203
    2371       1.3780
    2372       1.2872
    2373       1.3022
    2374       1.3286
    2375       1.3590
    2376       1.3740
    2377       1.3684
    2378       1.3067
    2379       1.3537
    2380       1.3970
    2381       1.3192
    2382       1.3581
    2383       1.4022
    2384       1.3734
    2385       1.3814
    2386       1.2702
    2387       1.3661
    2388       1.3148
    2389       1.3474
    2390       1.3573
    2391       1.4020
    2392       1.3782
    2393       1.3874
    2394       1.2970
    2395       1.3334
    2396       1.3810
    2397       1.3681
    2398       1.3815
    2399       1.4174
    2400       1.4042
    2401       1.3998
    2402       1.4548
    2403       1.4241
    2404       1.4612
    2405       1.5550
    2406       1.5318
    2407       1.4533
    2408       1.4113
    2409       1.3942
    2410       1.4522
    2411       1.4870
    2412       1.4314
    2413       1.4292
    2414       1.3832
    2415       1.4490
    2416       1.5474
    2417       1.5202
    2418       1.4785
    2419       1.5172
    2420       1.4322
    2421       1.4632
    2422       1.4438
    2423       1.4851
    2424       1.5464
    2425       1.5572
    2426       1.5088
    2427       1.5180
    2428       1.5441
    2429       1.4860
    2430       1.4348
    2431       1.4633
    2432       1.5600
    2433       1.4891
    2434       1.4692
    2435       1.4654
    2436       1.3731
    2437       1.4160
    2438       1.4407
    2439       1.4933
    2440       1.4005
    2441       1.4029
    2442       1.3539
    2443       1.3635
    2444       1.3934
    2445       1.3842
    2446       1.3607
    2447       1.4705
    2448       1.4411
    2449       1.4302
    2450       1.4080
    2451       1.3946
    2452       1.4321
    2453       1.3812
    2454       1.3940
    2455       1.3436
    2456       1.4207
    2457       1.3932
    2458       1.3538
    2459       1.3058
    2460       1.3893
    2461       1.4041
    2462       1.2795
    2463       1.2617
    2464       1.3418
    2465       1.3483
    2466       1.3337
    2467       1.3566
    2468       1.3987
    2469       1.4133
    2470       1.4256
    2471       1.4430
    2472       1.4140
    2473       1.3859
    2474       1.3928
    2475       1.4690
    2476       1.4703
    2477       1.4809
    2478       1.5058
    2479       1.3743
    2480       1.4231
    2481       1.3493
    2482       1.3927
    2483       1.3593
    2484       1.3099
    2485       1.3409
    2486       1.3636
    2487       1.3814
    2488       1.6241
    2489       1.4450
    2490       1.4155
    2491       1.3985
    2492       1.3286
    2493       1.3757
    2494       1.3940
    2495       1.3829
    2496       1.4169
    2497       1.3890
    2498       1.3116
    2499       1.3744
    2500       1.4567
    2501       1.4080
    2502       1.4985
    2503       1.3157
    2504       1.4214
    2505       1.3973
    2506       1.3835
    2507       1.3639
    2508       1.3218
    2509       1.2220
    2510       1.3106
    2511       1.2433
    2512       1.2515
    2513       1.2115
    2514       1.2728
    2515       1.3960
    2516       1.3572
    2517       1.3205
    2518       1.3459
    2519       1.3420
    2520       1.4027
    2521       1.3465
    2522       1.4813
    2523       1.5123
    2524       1.4038
    2525       1.3906
    2526       1.3747
    2527       1.3202
    2528       1.3443
    2529       1.4168
    2530       1.2765
    2531       1.3423
    2532       1.4099
    2533       1.3868
    2534       1.4051
    2535       1.3594
    2536       1.3409
    2537       1.2804
    2538       1.2883
    2539       1.2895
    2540       1.2671
    2541       1.2523
    2542       1.2736
    2543       1.2719
    2544       1.3461
    2545       1.3527
    2546       1.3236
    2547       1.2603
    2548       1.2525
    2549       1.2341
    2550       1.2163
    2551       1.2220
    2552       1.2446
    2553       1.2970
    2554       1.2508
    2555       1.2967
    2556       1.2983
    2557       1.2388
    2558       1.2493
    2559       1.2143
    2560       1.3075
    2561       1.2687
    2562       1.2783
    2563       1.3056
    2564       1.2453
    2565       1.3269
    2566       1.2967
    2567       1.3207
    2568       1.2843
    2569       1.2615
    2570       1.2365
    2571       1.2209
    2572       1.2292
    2573       1.2567
    2574       1.3547
    2575       1.3037
    2576       1.3412
    2577       1.3605
    2578       1.3555
    2579       1.3074
    2580       1.3351
    2581       1.3761
    2582       1.3713
    2583       1.3074
    2584       1.3453
    2585       1.3053
    2586       1.3400
    2587       1.3289
    2588       1.3021
    2589       1.2986
    2590       1.2750
    2591       1.2581
    2592       1.2755
    2593       1.3814
    2594       1.3618
    2595       1.3772
    2596       1.3012
    2597       1.3892
    2598       1.4078
    2599       1.5131
    2600       1.4638
    2601       1.4331
    2602       1.4297
    2603       1.4436
    2604       1.4318
    2605       1.5118
    2606       1.5069
    2607       1.4091
    2608       1.4128
    2609       1.4093
    2610       1.4265
    2611       1.3938
    2612       1.3801
    2613       1.4045
    2614       1.3408
    2615       1.4111
    2616       1.3863
    2617       1.3627
    2618       1.3740
    2619       1.3123
    2620       1.3883
    2621       1.3272
    2622       1.2709
    2623       1.2840
    2624       1.3307
    2625       1.3204
    2626       1.3693
    2627       1.3269
    2628       1.3035
    2629       1.3401
    2630       1.3505
    2631       1.3209
    2632       1.2884
    2633       1.3384
    2634       1.3914
    2635       1.4264
    2636       1.3725
    2637       1.4138
    2638       1.3888
    2639       1.3521
    2640       1.3979
    2641       1.4273
    2642       1.4953
    2643       1.4270
    2644       1.4417
    2645       1.3337
    2646       1.3679
    2647       1.4034
    2648       1.3249
    2649       1.3150
    2650       1.3652
    2651       1.4035
    2652       1.3390
    2653       1.2834
    2654       1.3199
    2655       1.2740
    2656       1.2698
    2657       1.2339
    2658       1.2234
    2659       1.1809
    2660       1.2930
    2661       1.2772
    2662       1.3028
    2663       1.3560
    2664       1.3156
    2665       1.3768
    2666       1.3189
    2667       1.3764
    2668       1.3622
    2669       1.2789
    2670       1.3265
    2671       1.3630
    2672       1.2856
    2673       1.3069
    2674       1.2767
    2675       1.1813
    2676       1.2152
    2677       1.2274
    2678       1.2632
    2679       1.2049
    2680       1.2336
    2681       1.2504
    2682       1.1891
    2683       1.2302
    2684       1.2095
    2685       1.1867
    2686       1.1460
    2687       1.2183
    2688       1.2826
    2689       1.2814
    2690       1.2176
    2691       1.3008
    2692       1.2420
    2693       1.2083
    2694       1.2238
    2695       1.2658
    2696       1.2636
    2697       1.1944
    2698       1.2701
    2699       1.3346
    2700       1.3725
    2701       1.2949
    2702       1.3433
    2703       1.3664
    2704       1.3715
    2705       1.4281
    2706       1.4307
    2707       1.3660
    2708       1.4020
    2709       1.3682
    2710       1.4311
    2711       1.3490
    2712       1.3809
    2713       1.3287
    2714       1.3925
    2715       1.3685
    2716       1.3964
    2717       1.3190
    2718       1.3120
    2719       1.3098
    2720       1.4487
    2721       1.3392
    2722       1.3508
    2723       1.3730
    2724       1.3984
    2725       1.4101
    2726       1.3824
    2727       1.3564
    2728       1.3823
    2729       1.3574
    2730       1.3496
    2731       1.3622
    2732       1.4356
    2733       1.5094
    2734       1.5681
    2735       1.5389
    2736       1.5618
    2737       1.5544
    2738       1.5998
    2739       1.6243
    2740       1.5613
    2741       1.4698
    2742       1.6065
    2743       1.5599
    2744       1.6221
    2745       1.6056
    2746       1.5754
    2747       1.5612
    2748       1.5251
    2749       1.5023
    2750       1.5719
    2751       1.6042
    2752       1.5223
    2753       1.5662
    2754       1.5685
    2755       1.5074
    2756       1.5555
    2757       1.5561
    2758       1.5709
    2759       1.5671
    2760       1.5346
    2761       1.5675
    2762       1.5439
    2763       1.4492
    2764       1.4032
    2765       1.4370
    2766       1.4666
    2767       1.5596
    2768       1.5196
    2769       1.4932
    2770       1.3972
    2771       1.4439
    2772       1.4719
    2773       1.4580
    2774       1.4972
    2775       1.4605
    2776       1.4891
    2777       1.4181
    2778       1.3722
    2779       1.4026
    2780       1.4760
    2781       1.4184
    2782       1.4473
    2783       1.4566
    2784       1.4303
    2785       1.4621
    2786       1.4486
    2787       1.4941
    2788       1.4441
    2789       1.4127
    2790       1.4083
    2791       1.3872
    2792       1.3952
    2793       1.3387
    2794       1.3678
    2795       1.3769
    2796       1.3806
    2797       1.3916
    2798       1.4040
    2799       1.4143
    2800       1.3774
    2801       1.4368
    2802       1.3426
    2803       1.4095
    2804       1.5005
    2805       1.3592
    2806       1.3514
    2807       1.3688
    2808       1.3664
    2809       1.3020
    2810       1.2996
    2811       1.2855
    2812       1.3135
    2813       1.4124
    2814       1.4356
    2815       1.3723
    2816       1.3883
    2817       1.4028
    2818       1.3882
    2819       1.4049
    2820       1.4322
    2821       1.4469
    2822       1.4049
    2823       1.3286
    2824       1.2840
    2825       1.3658
    2826       1.4207
    2827       1.3602
    2828       1.3911
    2829       1.3637
    2830       1.3875
    2831       1.3471
    2832       1.3074
    2833       1.2791
    2834       1.3609
    2835       1.3135
    2836       1.3337
    2837       1.2714
    2838       1.2943
    2839       1.3293
    2840       1.3830
    2841       1.3538
    2842       1.3123
    2843       1.3619
    2844       1.4068
    2845       1.3506
    2846       1.3895
    2847       1.2911
    2848       1.3193
    2849       1.3883
    2850       1.4348
    2851       1.4797
    2852       1.4178
    2853       1.4463
    2854       1.4533
    2855       1.4645
    2856       1.4100
    2857       1.4043
    2858       1.4359
    2859       1.5164
    2860       1.4646
    2861       1.5016
    2862       1.4572
    2863       1.4877
    2864       1.5741
    2865       1.5604
    2866       1.5793
    2867       1.5991
    2868       1.6280
    2869       1.5924
    2870       1.5869
    2871       1.5064
    2872       1.5561
    2873       1.4900
    2874       1.4469
    2875       1.4585
    2876       1.4191
    2877       1.3763
    2878       1.4088
    2879       1.3999
    2880       1.3018
    2881       1.3524
    2882       1.4000
    2883       1.4018
    2884       1.4587
    2885       1.3841
    2886       1.3905
    2887       1.4377
    2888       1.4406
    2889       1.4875
    2890       1.6129
    2891       1.6441
    2892       1.6965
    2893       1.6633
    2894       1.6416
    2895       1.6468
    2896       1.6061
    2897       1.6099
    2898       1.5726
    2899       1.5611
    2900       1.5161
    2901       1.4540
    2902       1.4262
    2903       1.4715
    2904       1.4986
    2905       1.5168
    2906       1.3560
    2907       1.4176
    2908       1.4206
    2909       1.4906
    2910       1.4445
    2911       1.5254
    2912       1.4980
    2913       1.5346
    2914       1.5045
    2915       1.5653
    2916       1.5376
    2917       1.5971
    2918       1.5447
    2919       1.5408
    2920       1.5697
    2921       1.5566
    2922       1.4932
    2923       1.4642
    2924       1.5048
    2925       1.5386
    2926       1.5282
    2927       1.4949
    2928       1.4938
    2929       1.4633
    2930       1.4387
    2931       1.3804
    2932       1.3815
    2933       1.3307
    2934       1.3805
    2935       1.3707
    2936       1.3949
    2937       1.3694
    2938       1.2779
    2939       1.2837
    2940       1.3095
    2941       1.3538
    2942       1.3442
    2943       1.2895
    2944       1.2883
    2945       1.2865
    2946       1.3473
    2947       1.3555
    2948       1.3233
    2949       1.2788
    2950       1.2469
    2951       1.2746
    2952       1.2618
    2953       1.2265
    2954       1.2806
    2955       1.2442
    2956       1.3242
    2957       1.3438
    2958       1.3269
    2959       1.2984
    2960       1.2712
    2961       1.2978
    2962       1.3435
    2963       1.3402
    2964       1.2946
    2965       1.2733
    2966       1.3591
    2967       1.2904
    2968       1.3213
    2969       1.2401
    2970       1.2583
    2971       1.2546
    2972       1.2447
    2973       1.2479
    2974       1.2408
    2975       1.2076
    2976       1.2756
    2977       1.3034
    2978       1.2925
    2979       1.3124
    2980       1.2654
    2981       1.2901
    2982       1.3550
    2983       1.3165
    2984       1.3896
    2985       1.3924
    2986       1.3195
    2987       1.3959
    2988       1.4259
    2989       1.4180
    2990       1.4089
    2991       1.4229
    2992       1.4148
    2993       1.4372
    2994       1.3833
    2995       1.4160
    2996       1.3520
    2997       1.3779
    2998       1.3169
    2999       1.3985
    3000       1.4209
    3001       1.4216
    3002       1.3681
    3003       1.4416
    3004       1.3528
    3005       1.4251
    3006       1.4191
    3007       1.4461
    3008       1.4956
    3009       1.5159
    3010       1.5435
    3011       1.5300
    3012       1.4995
    3013       1.3461
    3014       1.3407
    3015       1.3107
    3016       1.3950
    3017       1.4225
    3018       1.4298
    3019       1.4039
    3020       1.4075
    3021       1.3862
    3022       1.5448
    3023       1.4977
    3024       1.4263
    3025       1.4907
    3026       1.4311
    3027       1.3996
    3028       1.3789
    3029       1.3988
    3030       1.4041
    3031       1.4598
    3032       1.5098
    3033       1.6124
    3034       1.5429
    3035       1.5297
    3036       1.4792
    3037       1.4983
    3038       1.4550
    3039       1.3788
    3040       1.4188
    3041       1.4450
    3042       1.4190
    3043       1.4822
    3044       1.4594
    3045       1.4962
    3046       1.5375
    3047       1.4997
    3048       1.4888
    3049       1.4035
    3050       1.4344
    3051       1.4117
    3052       1.4373
    3053       1.4212
    3054       1.5054
    3055       1.4415
    3056       1.5098
    3057       1.4534
    3058       1.4593
    3059       1.4260
    3060       1.4156
    3061       1.4406
    3062       1.4848
    3063       1.4883
    3064       1.4649
    3065       1.4779
    3066       1.4150
    3067       1.4239
    3068       1.4719
    3069       1.3945
    3070       1.3681
    3071       1.4556
    3072       1.3746
    3073       1.4256
    3074       1.3893
    3075       1.3369
    3076       1.3361
    3077       1.2962
    3078       1.3690
    3079       1.3503
    3080       1.3655
    3081       1.3642
    3082       1.2182
    3083       1.2443
    3084       1.3133
    3085       1.3414
    3086       1.3199
    3087       1.2752
    3088       1.3275
    3089       1.3057
    3090       1.2821
    3091       1.2477
    3092       1.2631
    3093       1.2628
    3094       1.3484
    3095       1.3715
    3096       1.4049
    3097       1.3216
    3098       1.3316
    3099       1.2790
    3100       1.2651
    3101       1.3278
    3102       1.3955
    3103       1.3596
    3104       1.3005
    3105       1.3038
    3106       1.2739
    3107       1.3007
    3108       1.2717
    3109       1.2831
    3110       1.3031
    3111       1.3084
    3112       1.2995
    3113       1.2895
    3114       1.3041
    3115       1.2801
    3116       1.2283
    3117       1.2747
    3118       1.3236
    3119       1.3702
    3120       1.3675
    3121       1.2908
    3122       1.3023
    3123       1.2807
    3124       1.3081
    3125       1.2967
