#Frame     RMSD_00001
       1       0.0000
       2       0.5624
       3       0.6557
       4       0.7316
       5       0.7989
       6       0.8337
       7       0.8153
       8       0.8545
       9       0.8903
      10       0.9393
      11       0.8832
      12       0.9249
      13       0.9164
      14       1.0521
      15       1.0135
      16       0.9846
      17       0.9531
      18       0.9482
      19       0.9416
      20       0.9738
      21       0.9582
      22       0.9634
      23       0.9361
      24       0.9300
      25       0.8973
      26       0.9826
      27       0.9655
      28       0.8893
      29       0.9030
      30       0.9039
      31       0.8752
      32       0.9818
      33       0.8984
      34       0.8887
      35       0.9082
      36       0.8415
      37       0.8647
      38       0.8321
      39       0.8389
      40       0.9501
      41       0.8548
      42       0.8972
      43       0.9350
      44       0.9082
      45       0.8978
      46       0.9118
      47       0.8394
      48       0.8842
      49       0.8978
      50       0.8490
      51       0.8430
      52       0.9121
      53       0.9099
      54       0.9509
      55       1.0209
      56       1.0558
      57       1.0306
      58       1.1902
      59       1.0913
      60       1.0738
      61       1.0207
      62       1.0550
      63       1.0669
      64       1.0984
      65       1.1592
      66       1.1050
      67       1.0390
      68       0.9790
      69       1.0369
      70       1.0646
      71       0.9541
      72       0.9381
      73       0.9874
      74       0.9683
      75       0.9575
      76       0.9716
      77       1.0858
      78       1.0978
      79       1.0611
      80       1.0111
      81       1.0198
      82       1.0323
      83       1.0977
      84       1.0773
      85       1.1966
      86       1.1958
      87       1.1751
      88       1.1833
      89       1.1843
      90       1.1673
      91       1.1377
      92       1.0771
      93       1.0443
      94       0.9819
      95       0.9518
      96       0.9631
      97       1.0373
      98       1.1136
      99       1.0662
     100       1.0681
     101       0.9590
     102       0.9676
     103       1.0062
     104       1.0172
     105       1.0152
     106       1.0617
     107       1.0762
     108       0.9821
     109       0.9574
     110       1.0405
     111       1.0276
     112       1.0327
     113       0.9409
     114       0.9634
     115       1.0150
     116       0.9206
     117       0.9182
     118       0.9956
     119       0.9900
     120       1.0920
     121       1.0434
     122       1.0527
     123       1.0999
     124       1.0674
     125       1.1010
     126       0.9679
     127       0.9641
     128       1.0710
     129       1.1533
     130       1.1372
     131       1.1404
     132       1.0726
     133       1.1481
     134       1.2375
     135       1.1391
     136       1.1159
     137       1.0820
     138       1.0382
     139       1.0535
     140       1.0201
     141       1.0104
     142       1.0135
     143       0.9923
     144       0.9736
     145       0.9491
     146       0.9341
     147       0.9558
     148       0.9438
     149       0.9500
     150       0.9480
     151       0.9288
     152       0.9116
     153       0.9532
     154       0.9641
     155       1.0132
     156       1.0026
     157       0.9697
     158       1.0894
     159       1.0840
     160       1.1241
     161       1.0838
     162       0.9900
     163       1.1222
     164       1.0469
     165       1.0948
     166       1.0629
     167       0.9436
     168       1.0263
     169       0.9592
     170       1.0942
     171       1.0573
     172       1.1736
     173       1.1768
     174       1.2216
     175       1.2355
     176       1.1495
     177       1.1550
     178       1.1167
     179       1.0351
     180       1.0670
     181       0.9805
     182       0.9948
     183       1.0378
     184       1.1202
     185       1.1484
     186       1.1083
     187       1.1188
     188       1.1435
     189       1.0973
     190       1.1353
     191       1.1454
     192       1.1273
     193       1.1613
     194       1.0347
     195       1.0444
     196       1.0968
     197       1.1371
     198       1.1515
     199       1.1778
     200       1.0985
     201       1.1297
     202       1.1207
     203       1.0346
     204       1.0624
     205       1.1496
     206       1.1537
     207       1.1547
     208       1.0961
     209       1.1071
     210       1.1883
     211       1.3187
     212       1.3188
     213       1.2728
     214       1.3451
     215       1.1980
     216       1.2062
     217       1.2246
     218       1.1931
     219       1.2957
     220       1.2789
     221       1.2768
     222       1.2976
     223       1.3441
     224       1.3063
     225       1.3346
     226       1.2527
     227       1.2305
     228       1.1851
     229       1.1828
     230       1.2560
     231       1.1954
     232       1.1962
     233       1.1008
     234       1.0559
     235       1.1416
     236       1.1360
     237       1.1046
     238       1.1228
     239       1.1335
     240       1.0215
     241       1.0781
     242       1.0733
     243       1.0329
     244       1.0407
     245       1.0904
     246       1.0464
     247       1.1347
     248       1.1496
     249       1.1889
     250       1.1440
     251       1.1075
     252       1.1007
     253       1.1833
     254       1.0642
     255       1.1408
     256       1.1338
     257       1.0571
     258       1.0914
     259       1.0587
     260       1.0499
     261       0.9923
     262       0.9937
     263       1.0578
     264       1.1007
     265       1.0960
     266       1.1750
     267       1.1801
     268       1.1107
     269       1.1637
     270       1.0937
     271       1.1534
     272       1.1733
     273       1.2358
     274       1.2119
     275       1.1810
     276       1.1743
     277       1.0931
     278       1.0271
     279       1.0710
     280       1.0347
     281       1.1382
     282       1.1400
     283       1.2390
     284       1.3071
     285       1.2301
     286       1.2187
     287       1.2014
     288       1.0456
     289       1.1675
     290       1.1648
     291       1.1412
     292       1.1431
     293       1.0807
     294       1.1192
     295       1.0421
     296       1.1223
     297       1.1771
     298       1.1443
     299       1.0766
     300       1.1254
     301       1.1616
     302       1.2410
     303       1.2335
     304       1.2534
     305       1.2860
     306       1.1700
     307       1.1357
     308       1.1571
     309       1.0827
     310       1.0315
     311       1.1314
     312       1.2103
     313       1.2244
     314       1.1850
     315       1.2280
     316       1.2018
     317       1.1518
     318       1.1913
     319       1.0640
     320       1.0762
     321       1.1664
     322       1.1442
     323       1.1428
     324       1.1648
     325       1.0946
     326       1.1314
     327       1.1755
     328       1.1938
     329       1.2280
     330       1.1598
     331       1.3107
     332       1.2766
     333       1.2913
     334       1.2452
     335       1.2757
     336       1.2816
     337       1.2475
     338       1.1907
     339       1.2153
     340       1.1241
     341       1.1697
     342       1.2024
     343       1.2556
     344       1.2521
     345       1.2188
     346       1.2711
     347       1.1676
     348       1.1418
     349       1.1977
     350       1.0980
     351       1.0978
     352       1.1229
     353       1.0861
     354       1.0624
     355       1.0327
     356       1.0620
     357       1.0836
     358       1.0838
     359       1.0188
     360       1.0369
     361       1.0036
     362       1.0294
     363       1.0137
     364       1.0472
     365       1.0528
     366       1.1117
     367       1.0939
     368       1.0812
     369       1.0921
     370       1.0918
     371       1.1020
     372       1.0937
     373       1.1984
     374       1.1507
     375       1.1530
     376       1.1508
     377       1.1255
     378       1.1208
     379       1.0598
     380       1.1953
     381       1.1797
     382       1.1784
     383       1.1970
     384       1.1770
     385       1.1564
     386       1.1589
     387       1.1294
     388       1.1735
     389       1.1706
     390       1.1825
     391       1.1703
     392       1.1802
     393       1.1985
     394       1.1729
     395       1.1376
     396       1.1280
     397       1.0643
     398       1.0403
     399       1.1247
     400       1.0447
     401       1.0692
     402       1.0733
     403       1.1470
     404       1.0547
     405       1.0622
     406       1.0951
     407       1.1356
     408       1.0990
     409       1.1387
     410       1.1482
     411       1.1638
     412       1.2190
     413       1.1468
     414       1.2085
     415       1.1927
     416       1.1841
     417       1.1974
     418       1.1841
     419       1.2377
     420       1.1447
     421       1.1561
     422       1.0901
     423       1.1881
     424       1.2725
     425       1.2549
     426       1.3210
     427       1.2142
     428       1.2155
     429       1.1631
     430       1.1340
     431       1.1056
     432       1.2220
     433       1.2602
     434       1.2570
     435       1.1977
     436       1.2427
     437       1.2561
     438       1.1824
     439       1.2033
     440       1.1766
     441       1.2187
     442       1.2276
     443       1.1970
     444       1.1166
     445       1.1483
     446       1.1839
     447       1.1547
     448       1.1600
     449       1.1722
     450       1.1451
     451       1.1255
     452       1.0606
     453       1.1274
     454       1.1142
     455       1.0791
     456       1.0972
     457       1.0984
     458       1.0993
     459       1.1035
     460       1.1799
     461       1.1972
     462       1.0862
     463       1.1912
     464       1.1358
     465       1.1641
     466       1.2413
     467       1.1887
     468       1.2887
     469       1.2565
     470       1.3282
     471       1.2410
     472       1.2105
     473       1.1671
     474       1.1099
     475       1.1072
     476       1.0948
     477       1.0965
     478       1.1837
     479       1.1976
     480       1.1891
     481       1.1667
     482       1.1646
     483       1.1497
     484       1.1127
     485       1.0999
     486       1.0724
     487       1.0919
     488       1.1362
     489       1.1467
     490       1.1139
     491       1.1306
     492       1.1342
     493       1.1454
     494       1.0790
     495       1.0305
     496       1.0214
     497       1.0474
     498       1.0259
     499       1.0665
     500       1.0640
     501       1.0765
     502       1.0596
     503       1.0439
     504       1.0383
     505       1.0418
     506       1.0124
     507       0.9630
     508       0.9803
     509       1.0482
     510       1.1297
     511       1.1313
     512       1.1764
     513       1.1713
     514       1.1353
     515       1.0739
     516       1.0626
     517       1.0504
     518       1.0481
     519       1.0599
     520       1.0986
     521       1.0127
     522       0.9859
     523       1.0346
     524       1.1092
     525       1.0536
     526       1.0511
     527       1.0579
     528       1.0631
     529       1.1078
     530       1.0326
     531       1.0142
     532       1.0788
     533       1.0586
     534       1.0676
     535       1.0234
     536       1.0794
     537       0.9982
     538       1.0796
     539       1.1223
     540       1.0740
     541       1.1459
     542       1.1931
     543       1.2748
     544       1.1766
     545       1.2155
     546       1.2034
     547       1.1219
     548       1.1589
     549       1.1737
     550       1.1506
     551       1.1462
     552       1.1279
     553       1.1498
     554       1.0856
     555       1.0521
     556       1.0301
     557       0.9921
     558       0.9844
     559       1.1072
     560       0.9828
     561       1.1062
     562       1.1148
     563       1.1151
     564       1.1846
     565       1.1575
     566       1.2174
     567       1.2241
     568       1.1998
     569       1.1843
     570       1.1974
     571       1.2578
     572       1.1999
     573       1.1588
     574       1.2023
     575       1.2049
     576       1.0533
     577       1.0875
     578       1.0417
     579       1.0359
     580       1.0788
     581       1.0480
     582       1.0658
     583       1.0674
     584       1.0769
     585       1.1112
     586       1.0504
     587       0.9915
     588       1.0142
     589       1.0520
     590       1.0319
     591       1.0733
     592       1.0249
     593       1.0530
     594       1.0922
     595       1.0317
     596       1.0561
     597       1.0244
     598       1.0298
     599       1.0481
     600       1.0256
     601       1.1109
     602       1.1736
     603       1.1195
     604       1.1041
     605       1.0710
     606       1.1005
     607       1.0503
     608       1.0427
     609       1.0658
     610       1.1214
     611       1.0756
     612       1.1190
     613       1.0824
     614       1.0249
     615       1.0376
     616       1.0906
     617       1.0093
     618       1.0474
     619       1.0023
     620       0.9616
     621       0.8950
     622       0.8995
     623       0.8951
     624       0.9542
     625       0.9054
     626       0.8996
     627       0.9678
     628       0.9579
     629       0.9409
     630       0.9280
     631       0.8993
     632       0.8649
     633       0.9151
     634       0.9484
     635       0.9937
     636       0.9127
     637       0.9786
     638       1.0124
     639       1.0038
     640       1.0128
     641       1.1085
     642       1.1366
     643       1.0602
     644       1.1118
     645       0.9949
     646       1.0472
     647       1.0948
     648       1.0235
     649       1.0101
     650       1.0138
     651       1.1098
     652       1.0424
     653       1.1097
     654       1.1006
     655       1.1706
     656       1.0566
     657       1.0950
     658       1.1235
     659       1.1961
     660       1.2531
     661       1.3556
     662       1.2409
     663       1.1068
     664       1.1607
     665       1.1521
     666       1.2496
     667       1.2469
     668       1.2104
     669       1.1616
     670       1.1486
     671       1.0977
     672       1.1557
     673       1.1128
     674       1.0858
     675       1.0733
     676       1.1033
     677       1.0990
     678       1.0622
     679       1.0898
     680       1.1286
     681       1.0519
     682       1.0981
     683       1.1029
     684       1.1319
     685       1.1095
     686       1.1173
     687       1.1673
     688       1.1582
     689       1.0702
     690       1.1372
     691       1.1484
     692       1.2021
     693       1.1545
     694       1.1313
     695       1.0735
     696       1.0730
     697       1.0497
     698       1.0851
     699       1.0122
     700       1.0074
     701       0.9334
     702       0.9687
     703       0.9381
     704       0.9842
     705       1.0207
     706       1.0240
     707       1.0087
     708       1.0013
     709       1.0289
     710       1.0966
     711       0.9985
     712       0.9736
     713       1.0822
     714       1.0530
     715       0.9743
     716       0.9724
     717       0.9928
     718       0.9857
     719       0.9308
     720       0.9874
     721       0.9644
     722       0.9039
     723       0.9795
     724       0.9962
     725       1.0344
     726       1.0639
     727       1.0354
     728       1.0322
     729       1.0344
     730       1.0409
     731       0.9098
     732       0.9712
     733       0.8598
     734       0.9342
     735       0.9705
     736       0.9834
     737       0.9727
     738       1.0375
     739       1.0044
     740       0.9243
     741       0.9630
     742       0.9403
     743       0.9699
     744       1.0160
     745       0.9608
     746       0.9764
     747       0.9529
     748       0.9646
     749       0.8941
     750       0.9154
     751       0.9349
     752       0.9362
     753       0.9010
     754       0.9373
     755       0.9774
     756       0.9127
     757       0.9488
     758       0.9530
     759       0.9172
     760       0.9628
     761       0.9622
     762       1.0247
     763       1.0181
     764       1.0246
     765       1.0613
     766       1.0002
     767       0.9879
     768       1.0427
     769       1.0258
     770       0.9942
     771       0.9947
     772       1.0138
     773       1.1027
     774       1.0279
     775       1.0170
     776       1.0383
     777       1.0699
     778       0.9871
     779       1.0788
     780       1.0416
     781       1.0495
     782       0.9971
     783       1.1143
     784       1.1399
     785       1.1344
     786       1.0612
     787       1.0125
     788       1.0105
     789       1.0449
     790       1.0060
     791       0.9936
     792       1.0429
     793       1.0195
     794       1.0610
     795       1.0997
     796       1.0695
     797       1.0446
     798       1.0026
     799       0.9857
     800       0.9407
     801       0.9574
     802       0.9913
     803       1.0001
     804       0.9915
     805       1.0124
     806       1.0632
     807       1.0646
     808       1.0564
     809       1.0356
     810       0.9928
     811       0.9748
     812       1.0713
     813       0.9675
     814       1.1293
     815       1.1046
     816       1.1399
     817       1.1328
     818       1.0561
     819       1.0246
     820       0.9916
     821       1.0181
     822       1.0072
     823       1.0520
     824       1.0738
     825       1.0518
     826       1.0523
     827       1.0508
     828       1.0382
     829       1.1283
     830       1.1520
     831       1.1414
     832       1.1291
     833       1.0667
     834       1.0955
     835       1.1840
     836       1.1373
     837       1.1285
     838       1.1362
     839       1.1248
     840       1.0674
     841       1.0878
     842       1.0295
     843       1.0114
     844       1.1125
     845       1.1047
     846       1.1166
     847       1.1141
     848       1.1135
     849       1.1071
     850       1.1280
     851       1.1054
     852       1.0914
     853       1.0901
     854       1.0886
     855       1.1171
     856       1.0390
     857       1.0659
     858       1.0480
     859       1.0757
     860       1.0505
     861       1.0829
     862       1.0456
     863       1.0119
     864       1.1046
     865       1.1100
     866       1.1372
     867       1.1335
     868       1.1249
     869       1.1001
     870       1.1432
     871       1.0482
     872       1.0223
     873       1.0160
     874       1.0809
     875       1.0994
     876       1.1103
     877       1.1185
     878       1.0605
     879       1.0796
     880       1.1229
     881       1.1101
     882       1.1021
     883       1.0488
     884       1.1214
     885       1.2071
     886       1.0768
     887       1.0231
     888       1.1675
     889       1.1131
     890       1.1191
     891       1.1313
     892       1.1340
     893       1.1211
     894       1.0600
     895       1.0894
     896       1.0623
     897       1.0990
     898       1.0416
     899       1.0058
     900       1.0994
     901       1.1448
     902       1.1194
     903       1.1250
     904       1.0820
     905       1.1256
     906       1.1275
     907       1.1181
     908       1.1065
     909       1.1077
     910       1.0966
     911       1.0331
     912       1.1344
     913       1.1610
     914       1.1750
     915       1.1953
     916       1.1865
     917       1.1763
     918       1.2023
     919       1.3086
     920       1.2814
     921       1.2440
     922       1.2467
     923       1.2057
     924       1.1750
     925       1.2212
     926       1.2027
     927       1.1791
     928       1.1602
     929       1.2124
     930       1.2304
     931       1.2177
     932       1.1913
     933       1.1954
     934       1.1761
     935       1.1532
     936       1.1473
     937       1.1312
     938       1.1319
     939       1.1370
     940       1.1728
     941       1.2040
     942       1.1733
     943       1.2324
     944       1.2130
     945       1.1929
     946       1.1901
     947       1.1433
     948       1.1108
     949       1.2108
     950       1.1621
     951       1.1314
     952       1.1719
     953       1.1469
     954       1.0739
     955       1.0567
     956       1.1199
     957       1.0745
     958       1.0496
     959       1.1034
     960       1.1430
     961       1.0982
     962       1.0598
     963       1.0513
     964       1.0509
     965       1.1063
     966       1.0518
     967       1.0505
     968       0.9768
     969       0.9692
     970       1.0856
     971       1.0397
     972       1.0373
     973       1.0137
     974       1.0191
     975       1.0649
     976       1.0264
     977       1.0854
     978       1.0751
     979       1.0795
     980       1.1324
     981       1.0759
     982       1.1175
     983       1.1297
     984       1.0902
     985       1.1222
     986       1.1104
     987       1.1223
     988       1.1031
     989       1.0902
     990       1.1496
     991       1.1543
     992       1.1807
     993       1.1856
     994       1.1982
     995       1.2397
     996       1.1011
     997       1.0748
     998       1.0867
     999       1.1780
    1000       1.1921
    1001       1.3404
    1002       1.3341
    1003       1.2657
    1004       1.2723
    1005       1.1815
    1006       1.1805
    1007       1.1632
    1008       1.1170
    1009       1.1720
    1010       1.2607
    1011       1.1894
    1012       1.0961
    1013       1.1478
    1014       1.0367
    1015       1.1880
    1016       1.2235
    1017       1.2576
    1018       1.2066
    1019       1.0769
    1020       1.1326
    1021       1.1612
    1022       1.1437
    1023       1.1151
    1024       1.2085
    1025       1.0909
    1026       1.1282
    1027       1.0186
    1028       1.0444
    1029       1.1661
    1030       1.1550
    1031       1.1701
    1032       1.2048
    1033       1.1800
    1034       1.1572
    1035       1.1894
    1036       1.1523
    1037       1.1754
    1038       1.1467
    1039       1.1083
    1040       1.0654
    1041       1.0839
    1042       1.0423
    1043       1.0368
    1044       1.1053
    1045       1.1264
    1046       1.0776
    1047       1.0921
    1048       1.0617
    1049       1.0377
    1050       1.0122
    1051       1.0534
    1052       1.0721
    1053       1.0773
    1054       1.0607
    1055       1.1189
    1056       1.0602
    1057       1.1097
    1058       1.1196
    1059       1.1526
    1060       1.0840
    1061       1.0819
    1062       1.0936
    1063       1.1049
    1064       1.0983
    1065       1.0927
    1066       1.0590
    1067       1.1270
    1068       1.0681
    1069       1.0882
    1070       1.1198
    1071       1.1207
    1072       1.0238
    1073       1.0566
    1074       1.0554
    1075       1.0386
    1076       1.0387
    1077       1.0642
    1078       1.0172
    1079       1.0402
    1080       1.0397
    1081       1.0697
    1082       1.0900
    1083       1.0616
    1084       1.0878
    1085       1.0572
    1086       1.0297
    1087       1.0745
    1088       1.0539
    1089       1.0834
    1090       1.1224
    1091       1.1599
    1092       1.2280
    1093       1.2802
    1094       1.2770
    1095       1.3142
    1096       1.2271
    1097       1.2811
    1098       1.3569
    1099       1.2889
    1100       1.2748
    1101       1.1974
    1102       1.2092
    1103       1.1892
    1104       1.1943
    1105       1.1416
    1106       1.1732
    1107       1.0804
    1108       1.1975
    1109       1.1739
    1110       1.1646
    1111       1.1234
    1112       1.1349
    1113       1.0657
    1114       1.1723
    1115       1.0516
    1116       1.0980
    1117       1.1393
    1118       1.1249
    1119       1.1683
    1120       1.1787
    1121       1.2428
    1122       1.1893
    1123       1.1662
    1124       1.1894
    1125       1.2096
    1126       1.2103
    1127       1.1656
    1128       1.1814
    1129       1.2014
    1130       1.1582
    1131       1.0962
    1132       1.1297
    1133       1.1527
    1134       1.1055
    1135       1.1368
    1136       1.1004
    1137       1.0778
    1138       1.0747
    1139       1.0696
    1140       1.0116
    1141       1.1227
    1142       1.0965
    1143       1.0834
    1144       1.0729
    1145       1.0335
    1146       1.0350
    1147       1.0429
    1148       1.0969
    1149       1.0739
    1150       1.0949
    1151       1.0308
    1152       0.9601
    1153       1.0177
    1154       1.0508
    1155       1.0462
    1156       1.0792
    1157       1.0315
    1158       1.0711
    1159       1.1027
    1160       1.0955
    1161       1.0565
    1162       1.1290
    1163       1.1297
    1164       1.0664
    1165       1.0862
    1166       1.0419
    1167       0.9998
    1168       1.0266
    1169       1.0129
    1170       1.0889
    1171       1.0784
    1172       1.0360
    1173       1.0455
    1174       1.0405
    1175       1.0524
    1176       1.0639
    1177       1.0323
    1178       1.0015
    1179       1.0623
    1180       1.0868
    1181       0.9930
    1182       1.0182
    1183       1.1262
    1184       1.0487
    1185       1.0026
    1186       0.9878
    1187       0.9767
    1188       1.0196
    1189       0.9989
    1190       0.9986
    1191       1.0046
    1192       1.0494
    1193       1.0138
    1194       0.9881
    1195       1.0015
    1196       1.0201
    1197       1.0444
    1198       1.0684
    1199       1.0873
    1200       1.1190
    1201       1.0503
    1202       1.0527
    1203       1.0865
    1204       0.9873
    1205       1.0449
    1206       1.0165
    1207       0.9443
    1208       0.9877
    1209       0.9912
    1210       1.0695
    1211       1.0166
    1212       1.0752
    1213       1.0529
    1214       1.0764
    1215       1.0310
    1216       1.0248
    1217       1.0718
    1218       1.1203
    1219       1.0629
    1220       1.0565
    1221       1.0383
    1222       1.0534
    1223       0.9914
    1224       1.0787
    1225       1.0404
    1226       1.0774
    1227       1.0897
    1228       1.0487
    1229       1.1252
    1230       1.0796
    1231       1.0945
    1232       1.1008
    1233       1.0972
    1234       0.9844
    1235       1.0039
    1236       1.0607
    1237       1.0119
    1238       1.0896
    1239       1.1048
    1240       1.0976
    1241       1.1108
    1242       1.0413
    1243       1.0781
    1244       1.1252
    1245       1.1478
    1246       1.1328
    1247       1.1484
    1248       1.1473
    1249       1.1744
    1250       1.1538
    1251       1.1821
    1252       1.1769
    1253       1.1201
    1254       1.1275
    1255       1.1285
    1256       1.1063
    1257       1.0618
    1258       1.1016
    1259       1.0150
    1260       1.0931
    1261       1.1305
    1262       1.1269
    1263       1.1965
    1264       1.1298
    1265       1.1703
    1266       1.1765
    1267       1.1280
    1268       1.0908
    1269       1.0850
    1270       1.1052
    1271       1.1199
    1272       1.1663
    1273       1.1230
    1274       1.1500
    1275       1.0852
    1276       1.0894
    1277       0.9940
    1278       1.0663
    1279       1.0956
    1280       1.0872
    1281       1.1914
    1282       1.1447
    1283       1.0993
    1284       1.0643
    1285       1.1111
    1286       1.1143
    1287       1.0824
    1288       1.0775
    1289       1.0467
    1290       1.0833
    1291       1.0322
    1292       1.0713
    1293       1.0960
    1294       1.0662
    1295       1.0742
    1296       1.0447
    1297       0.9707
    1298       0.9675
    1299       1.0582
    1300       1.0963
    1301       1.1129
    1302       1.0787
    1303       1.0908
    1304       1.0811
    1305       1.1245
    1306       1.1894
    1307       1.1794
    1308       1.1536
    1309       1.1511
    1310       1.0439
    1311       1.0379
    1312       1.0362
    1313       1.0578
    1314       1.0908
    1315       1.1033
    1316       1.1165
    1317       1.1854
    1318       1.1756
    1319       1.1713
    1320       1.1203
    1321       1.1551
    1322       1.1746
    1323       1.2339
    1324       1.2138
    1325       1.0996
    1326       1.1185
    1327       1.0856
    1328       1.1261
    1329       1.0677
    1330       1.1584
    1331       1.0902
    1332       1.0653
    1333       1.0213
    1334       1.0914
    1335       1.1842
    1336       1.1899
    1337       1.1697
    1338       1.1619
    1339       1.1498
    1340       1.1381
    1341       1.1710
    1342       1.0914
    1343       1.1539
    1344       1.1328
    1345       1.1991
    1346       1.2768
    1347       1.2251
    1348       1.2738
    1349       1.2327
    1350       1.2683
    1351       1.3534
    1352       1.3418
    1353       1.2654
    1354       1.2224
    1355       1.2091
    1356       1.2660
    1357       1.2986
    1358       1.2237
    1359       1.2658
    1360       1.2141
    1361       1.2444
    1362       1.2510
    1363       1.2908
    1364       1.2223
    1365       1.2386
    1366       1.1851
    1367       1.2577
    1368       1.1813
    1369       1.1851
    1370       1.2685
    1371       1.1738
    1372       1.1869
    1373       1.2471
    1374       1.1833
    1375       1.1854
    1376       1.1269
    1377       1.1456
    1378       1.1151
    1379       1.1287
    1380       1.0979
    1381       1.2039
    1382       1.2108
    1383       1.1904
    1384       1.1376
    1385       1.2332
    1386       1.2329
    1387       1.2625
    1388       1.2537
    1389       1.2250
    1390       1.2020
    1391       1.2211
    1392       1.1491
    1393       1.1787
    1394       1.1434
    1395       1.1387
    1396       1.1327
    1397       1.1520
    1398       1.1817
    1399       1.1891
    1400       1.2048
    1401       1.1845
    1402       1.1119
    1403       1.0524
    1404       1.0475
    1405       1.0930
    1406       1.0504
    1407       1.1088
    1408       1.1265
    1409       1.1066
    1410       1.0398
    1411       1.1019
    1412       1.1982
    1413       1.1373
    1414       1.1036
    1415       1.1227
    1416       1.1021
    1417       1.1399
    1418       1.1335
    1419       1.1947
    1420       1.2300
    1421       1.2245
    1422       1.3216
    1423       1.2205
    1424       1.2748
    1425       1.1953
    1426       1.1423
    1427       1.1607
    1428       1.1718
    1429       1.1227
    1430       1.0887
    1431       1.1146
    1432       1.1834
    1433       1.1461
    1434       1.1425
    1435       1.1722
    1436       1.1974
    1437       1.1496
    1438       1.2161
    1439       1.2375
    1440       1.2117
    1441       1.1667
    1442       1.2484
    1443       1.2270
    1444       1.2294
    1445       1.2416
    1446       1.1726
    1447       1.2025
    1448       1.1767
    1449       1.1000
    1450       1.1303
    1451       1.2241
    1452       1.2773
    1453       1.2777
    1454       1.3324
    1455       1.2769
    1456       1.3064
    1457       1.2032
    1458       1.3350
    1459       1.3220
    1460       1.3751
    1461       1.2916
    1462       1.2562
    1463       1.1368
    1464       1.1074
    1465       1.2368
    1466       1.1568
    1467       1.1671
    1468       1.1920
    1469       1.2078
    1470       1.2844
    1471       1.3045
    1472       1.2785
    1473       1.3531
    1474       1.2112
    1475       1.2231
    1476       1.2096
    1477       1.1862
    1478       1.1257
    1479       1.0862
    1480       1.1007
    1481       1.0911
    1482       1.1570
    1483       1.1549
    1484       1.2061
    1485       1.1232
    1486       1.0561
    1487       1.1743
    1488       1.1278
    1489       1.1621
    1490       1.1712
    1491       1.1648
    1492       1.2078
    1493       1.2645
    1494       1.1715
    1495       1.1451
    1496       1.2735
    1497       1.2068
    1498       1.2351
    1499       1.1502
    1500       1.1423
    1501       1.0775
    1502       1.0708
    1503       1.1779
    1504       1.1857
    1505       1.2248
    1506       1.1684
    1507       1.1892
    1508       1.3246
    1509       1.2495
    1510       1.2700
    1511       1.2559
    1512       1.3076
    1513       1.2342
    1514       1.1981
    1515       1.2209
    1516       1.1916
    1517       1.2394
    1518       1.1707
    1519       1.1364
    1520       1.2637
    1521       1.2748
    1522       1.1646
    1523       1.1818
    1524       1.2008
    1525       1.0781
    1526       1.0828
    1527       1.1090
    1528       1.1036
    1529       1.1164
    1530       1.1578
    1531       1.1406
    1532       1.1678
    1533       1.1590
    1534       1.2627
    1535       1.1263
    1536       1.1221
    1537       1.1775
    1538       1.1913
    1539       1.2262
    1540       1.2051
    1541       1.1740
    1542       1.1844
    1543       1.2296
    1544       1.3053
    1545       1.2627
    1546       1.2516
    1547       1.2203
    1548       1.1732
    1549       1.1565
    1550       1.1313
    1551       1.1271
    1552       1.0965
    1553       1.1781
    1554       1.1918
    1555       1.1640
    1556       1.1171
    1557       1.1899
    1558       1.1453
    1559       1.1696
    1560       1.2291
    1561       1.1853
    1562       1.1571
    1563       1.1108
    1564       1.1751
    1565       1.1563
    1566       1.2158
    1567       1.1470
    1568       1.2017
    1569       1.1133
    1570       1.0948
    1571       1.2900
    1572       1.2125
    1573       1.2427
    1574       1.1665
    1575       1.1466
    1576       1.1202
    1577       1.1090
    1578       1.1485
    1579       1.1763
    1580       1.1130
    1581       1.1556
    1582       1.2320
    1583       1.1785
    1584       1.1895
    1585       1.1393
    1586       1.1584
    1587       1.1997
    1588       1.2131
    1589       1.2098
    1590       1.2458
    1591       1.1975
    1592       1.2527
    1593       1.0974
    1594       1.0997
    1595       1.1654
    1596       1.2073
    1597       1.1885
    1598       1.2412
    1599       1.2925
    1600       1.3259
    1601       1.2609
    1602       1.2620
    1603       1.3646
    1604       1.2419
    1605       1.3208
    1606       1.3725
    1607       1.3424
    1608       1.3357
    1609       1.3945
    1610       1.3572
    1611       1.3229
    1612       1.3292
    1613       1.3433
    1614       1.2483
    1615       1.2888
    1616       1.2981
    1617       1.2616
    1618       1.3287
    1619       1.2623
    1620       1.3065
    1621       1.3424
    1622       1.2730
    1623       1.1887
    1624       1.0851
    1625       1.1414
    1626       1.1382
    1627       1.1960
    1628       1.1259
    1629       1.1529
    1630       1.1714
    1631       1.2194
    1632       1.1518
    1633       1.3139
    1634       1.2165
    1635       1.2381
    1636       1.1725
    1637       1.2446
    1638       1.2093
    1639       1.3318
    1640       1.3795
    1641       1.3408
    1642       1.3080
    1643       1.3334
    1644       1.2472
    1645       1.2090
    1646       1.1937
    1647       1.1355
    1648       1.1780
    1649       1.2414
    1650       1.2959
    1651       1.3244
    1652       1.2700
    1653       1.2931
    1654       1.2928
    1655       1.2325
    1656       1.1732
    1657       1.1396
    1658       1.2528
    1659       1.2554
    1660       1.2284
    1661       1.2539
    1662       1.2491
    1663       1.3207
    1664       1.3417
    1665       1.2149
    1666       1.1965
    1667       1.2109
    1668       1.1682
    1669       1.2328
    1670       1.2287
    1671       1.1796
    1672       1.1167
    1673       1.0729
    1674       1.1023
    1675       1.0601
    1676       1.0562
    1677       1.0491
    1678       1.0606
    1679       1.0269
    1680       1.0498
    1681       1.0566
    1682       1.0215
    1683       1.1276
    1684       1.1390
    1685       1.1582
    1686       1.1442
    1687       1.0738
    1688       1.1565
    1689       1.0894
    1690       1.0312
    1691       1.1457
    1692       1.1107
    1693       1.2223
    1694       1.0891
    1695       1.0957
    1696       1.1481
    1697       1.1142
    1698       1.0978
    1699       1.1258
    1700       1.1450
    1701       1.2417
    1702       1.1830
    1703       1.1278
    1704       1.1157
    1705       1.1068
    1706       1.1217
    1707       1.1283
    1708       1.1706
    1709       1.1836
    1710       1.1701
    1711       1.1046
    1712       1.1064
    1713       1.1131
    1714       1.1143
    1715       1.1015
    1716       1.1515
    1717       1.1353
    1718       1.1045
    1719       1.1050
    1720       1.0382
    1721       1.0309
    1722       1.1012
    1723       1.1659
    1724       1.0627
    1725       1.1358
    1726       1.0893
    1727       1.0538
    1728       1.0379
    1729       0.9987
    1730       1.0411
    1731       1.0658
    1732       1.0463
    1733       1.0331
    1734       0.9911
    1735       1.0599
    1736       1.0066
    1737       1.1024
    1738       1.0115
    1739       1.1708
    1740       1.1096
    1741       1.3039
    1742       1.3903
    1743       1.2224
    1744       1.1866
    1745       1.1633
    1746       1.1862
    1747       1.2198
    1748       1.1152
    1749       1.0968
    1750       1.1056
    1751       1.1846
    1752       1.0516
    1753       1.0922
    1754       1.1396
    1755       1.0268
    1756       1.1411
    1757       1.1450
    1758       1.1005
    1759       1.1275
    1760       1.2148
    1761       1.2533
    1762       1.2194
    1763       1.2346
    1764       1.2565
    1765       1.1912
    1766       1.1508
    1767       1.0921
    1768       1.1445
    1769       1.1575
    1770       1.1425
    1771       1.2329
    1772       1.3040
    1773       1.2505
    1774       1.3464
    1775       1.3409
    1776       1.3856
    1777       1.3506
    1778       1.2576
    1779       1.2362
    1780       1.2504
    1781       1.2484
    1782       1.2421
    1783       1.2274
    1784       1.1407
    1785       1.1664
    1786       1.1705
    1787       1.1050
    1788       1.1503
    1789       1.1683
    1790       1.2140
    1791       1.2284
    1792       1.2789
    1793       1.2099
    1794       1.2286
    1795       1.2012
    1796       1.1398
    1797       1.1494
    1798       1.1658
    1799       1.1632
    1800       1.0974
    1801       1.1622
    1802       1.1550
    1803       1.1183
    1804       1.0988
    1805       1.0597
    1806       1.0643
    1807       1.1625
    1808       1.1753
    1809       1.1731
    1810       1.1367
    1811       1.1480
    1812       1.0634
    1813       1.0886
    1814       1.0823
    1815       1.0522
    1816       1.0005
    1817       1.0965
    1818       1.1124
    1819       1.1073
    1820       1.0802
    1821       1.0982
    1822       1.1458
    1823       1.1145
    1824       1.1009
    1825       1.2085
    1826       1.2114
    1827       1.1635
    1828       1.2264
    1829       1.2378
    1830       1.1699
    1831       1.1782
    1832       1.1844
    1833       1.1362
    1834       1.2161
    1835       1.2499
    1836       1.1935
    1837       1.1604
    1838       1.2629
    1839       1.1978
    1840       1.1396
    1841       1.1519
    1842       1.1171
    1843       1.0597
    1844       1.1347
    1845       1.1017
    1846       1.1027
    1847       1.1308
    1848       1.0985
    1849       1.1168
    1850       1.1036
    1851       1.1172
    1852       1.1437
    1853       1.1648
    1854       1.2087
    1855       1.2016
    1856       1.2310
    1857       1.2130
    1858       1.3090
    1859       1.2766
    1860       1.2894
    1861       1.2695
    1862       1.3093
    1863       1.2711
    1864       1.2551
    1865       1.3251
    1866       1.2902
    1867       1.2393
    1868       1.2175
    1869       1.2683
    1870       1.2488
    1871       1.2206
    1872       1.2443
    1873       1.2126
    1874       1.1687
    1875       1.2568
    1876       1.2287
    1877       1.3015
    1878       1.2608
    1879       1.2339
    1880       1.2283
    1881       1.2863
    1882       1.2876
    1883       1.3349
    1884       1.3057
    1885       1.2809
    1886       1.2421
    1887       1.2751
    1888       1.2415
    1889       1.2136
    1890       1.1731
    1891       1.1639
    1892       1.2116
    1893       1.1873
    1894       1.2150
    1895       1.1809
    1896       1.2077
    1897       1.1622
    1898       1.1318
    1899       1.1741
    1900       1.1359
    1901       1.1671
    1902       1.1804
    1903       1.1662
    1904       1.1814
    1905       1.1872
    1906       1.2245
    1907       1.2536
    1908       1.2707
    1909       1.2563
    1910       1.2248
    1911       1.2719
    1912       1.1506
    1913       1.2520
    1914       1.2319
    1915       1.2160
    1916       1.1785
    1917       1.2082
    1918       1.1764
    1919       1.1735
    1920       1.1645
    1921       1.2076
    1922       1.1971
    1923       1.2477
    1924       1.2441
    1925       1.2497
    1926       1.2899
    1927       1.3492
    1928       1.3916
    1929       1.2330
    1930       1.2601
    1931       1.3044
    1932       1.3634
    1933       1.4673
    1934       1.2909
    1935       1.3306
    1936       1.3714
    1937       1.3706
    1938       1.2346
    1939       1.2907
    1940       1.1820
    1941       1.2207
    1942       1.2298
    1943       1.1838
    1944       1.0697
    1945       1.1881
    1946       1.1230
    1947       1.1022
    1948       1.1253
    1949       1.1126
    1950       1.0890
    1951       1.1872
    1952       1.1163
    1953       1.1364
    1954       1.1616
    1955       1.2847
    1956       1.2116
    1957       1.2739
    1958       1.1747
    1959       1.2078
    1960       1.2423
    1961       1.1800
    1962       1.2165
    1963       1.3346
    1964       1.3582
    1965       1.3594
    1966       1.2745
    1967       1.2706
    1968       1.2624
    1969       1.1931
    1970       1.2090
    1971       1.2916
    1972       1.3082
    1973       1.2625
    1974       1.1632
    1975       1.2694
    1976       1.3064
    1977       1.3322
    1978       1.4309
    1979       1.4606
    1980       1.2929
    1981       1.3256
    1982       1.3040
    1983       1.3432
    1984       1.3327
    1985       1.3786
    1986       1.4193
    1987       1.3135
    1988       1.3463
    1989       1.3525
    1990       1.3029
    1991       1.2409
    1992       1.2437
    1993       1.2567
    1994       1.2359
    1995       1.1821
    1996       1.1536
    1997       1.0840
    1998       1.0485
    1999       1.1473
    2000       1.2256
    2001       1.2313
    2002       1.1610
    2003       1.1095
    2004       1.0427
    2005       1.0337
    2006       1.0968
    2007       1.0466
    2008       1.0528
    2009       1.0343
    2010       1.0353
    2011       1.0608
    2012       1.1005
    2013       1.0257
    2014       0.9970
    2015       1.0257
    2016       1.0533
    2017       1.0511
    2018       1.0989
    2019       1.0525
    2020       1.0453
    2021       1.0932
    2022       1.1752
    2023       1.1689
    2024       1.1594
    2025       1.1423
    2026       1.1329
    2027       1.1004
    2028       1.1476
    2029       1.0866
    2030       1.1687
    2031       1.1168
    2032       1.1127
    2033       1.0423
    2034       1.1159
    2035       1.0924
    2036       1.0846
    2037       1.0517
    2038       1.0497
    2039       1.0551
    2040       1.1017
    2041       1.0704
    2042       1.1088
    2043       1.0600
    2044       1.0182
    2045       1.0493
    2046       1.1100
    2047       1.0330
    2048       1.0495
    2049       1.0872
    2050       1.0720
    2051       1.1317
    2052       1.2244
    2053       1.3104
    2054       1.2001
    2055       1.2371
    2056       1.2165
    2057       1.1933
    2058       1.2123
    2059       1.2507
    2060       1.2363
    2061       1.1813
    2062       1.1488
    2063       1.1144
    2064       1.1557
    2065       1.2693
    2066       1.3235
    2067       1.3539
    2068       1.3498
    2069       1.3110
    2070       1.2602
    2071       1.1608
    2072       1.1491
    2073       1.2202
    2074       1.1991
    2075       1.1714
    2076       1.1110
    2077       1.0357
    2078       1.0821
    2079       1.1452
    2080       1.1536
    2081       1.0510
    2082       1.1142
    2083       1.0989
    2084       1.1715
    2085       1.1415
    2086       1.2042
    2087       1.2021
    2088       1.2854
    2089       1.1939
    2090       1.2854
    2091       1.1852
    2092       1.2040
    2093       1.1527
    2094       1.1086
    2095       1.0385
    2096       1.1035
    2097       1.1462
    2098       1.1716
    2099       1.1263
    2100       1.0542
    2101       1.1378
    2102       1.1235
    2103       1.1520
    2104       1.0954
    2105       1.1211
    2106       1.2232
    2107       1.2192
    2108       1.2196
    2109       1.2315
    2110       1.2799
    2111       1.3452
    2112       1.3602
    2113       1.3678
    2114       1.3575
    2115       1.4178
    2116       1.3568
    2117       1.3479
    2118       1.3521
    2119       1.3754
    2120       1.2286
    2121       1.2623
    2122       1.1976
    2123       1.1745
    2124       1.1829
    2125       1.2222
    2126       1.1527
    2127       1.1701
    2128       1.1287
    2129       1.1542
    2130       1.1591
    2131       1.1961
    2132       1.2139
    2133       1.2771
    2134       1.3114
    2135       1.2833
    2136       1.2841
    2137       1.2746
    2138       1.2912
    2139       1.1437
    2140       1.1940
    2141       1.2093
    2142       1.2755
    2143       1.3354
    2144       1.3409
    2145       1.3433
    2146       1.3137
    2147       1.2321
    2148       1.3155
    2149       1.4085
    2150       1.4245
    2151       1.4203
    2152       1.3304
    2153       1.3138
    2154       1.3365
    2155       1.3071
    2156       1.3572
    2157       1.2662
    2158       1.2528
    2159       1.2662
    2160       1.2737
    2161       1.2311
    2162       1.2428
    2163       1.2966
    2164       1.3516
    2165       1.3755
    2166       1.3671
    2167       1.4310
    2168       1.3433
    2169       1.3327
    2170       1.2393
    2171       1.2957
    2172       1.2902
    2173       1.2913
    2174       1.2854
    2175       1.2757
    2176       1.2645
    2177       1.3388
    2178       1.3451
    2179       1.2982
    2180       1.1715
    2181       1.2279
    2182       1.2411
    2183       1.2523
    2184       1.1974
    2185       1.2799
    2186       1.2507
    2187       1.2237
    2188       1.1699
    2189       1.1985
    2190       1.1825
    2191       1.1801
    2192       1.1993
    2193       1.2425
    2194       1.2417
    2195       1.3035
    2196       1.2852
    2197       1.2346
    2198       1.2858
    2199       1.3030
    2200       1.2715
    2201       1.2133
    2202       1.1992
    2203       1.2246
    2204       1.2869
    2205       1.3503
    2206       1.3023
    2207       1.2915
    2208       1.2965
    2209       1.3484
    2210       1.3271
    2211       1.2573
    2212       1.2530
    2213       1.3440
    2214       1.3208
    2215       1.3009
    2216       1.3032
    2217       1.3120
    2218       1.2835
    2219       1.3215
    2220       1.3508
    2221       1.3106
    2222       1.3477
    2223       1.2852
    2224       1.2424
    2225       1.2284
    2226       1.3248
    2227       1.2809
    2228       1.3028
    2229       1.2211
    2230       1.2211
    2231       1.3007
    2232       1.3246
    2233       1.3016
    2234       1.2991
    2235       1.4327
    2236       1.3429
    2237       1.3405
    2238       1.2560
    2239       1.2077
    2240       1.2164
    2241       1.2536
    2242       1.2061
    2243       1.2512
    2244       1.2546
    2245       1.2854
    2246       1.1675
    2247       1.1308
    2248       1.1208
    2249       1.1784
    2250       1.2013
    2251       1.1002
    2252       1.1763
    2253       1.1759
    2254       1.1668
    2255       1.1312
    2256       1.1463
    2257       1.1438
    2258       1.1224
    2259       1.1819
    2260       1.2123
    2261       1.1166
    2262       1.1985
    2263       1.1592
    2264       1.1525
    2265       1.0780
    2266       1.1306
    2267       1.1460
    2268       1.1496
    2269       1.0471
    2270       0.9944
    2271       1.0985
    2272       1.0897
    2273       1.1704
    2274       1.1693
    2275       1.2258
    2276       1.2918
    2277       1.2446
    2278       1.1845
    2279       1.2504
    2280       1.1930
    2281       1.2441
    2282       1.3745
    2283       1.4153
    2284       1.3226
    2285       1.2664
    2286       1.3540
    2287       1.3034
    2288       1.2708
    2289       1.2170
    2290       1.2501
    2291       1.2684
    2292       1.3017
    2293       1.3207
    2294       1.3414
    2295       1.2662
    2296       1.3790
    2297       1.3159
    2298       1.3101
    2299       1.3578
    2300       1.2714
    2301       1.2944
    2302       1.2479
    2303       1.1976
    2304       1.1366
    2305       1.1793
    2306       1.2576
    2307       1.2677
    2308       1.3390
    2309       1.4094
    2310       1.3208
    2311       1.3786
    2312       1.3700
    2313       1.2844
    2314       1.2129
    2315       1.2507
    2316       1.2733
    2317       1.2666
    2318       1.1741
    2319       1.1980
    2320       1.2060
    2321       1.1826
    2322       1.2532
    2323       1.1908
    2324       1.2079
    2325       1.2668
    2326       1.2634
    2327       1.3771
    2328       1.3621
    2329       1.3368
    2330       1.3831
    2331       1.3209
    2332       1.3072
    2333       1.2686
    2334       1.2963
    2335       1.3005
    2336       1.3585
    2337       1.2882
    2338       1.3363
    2339       1.3726
    2340       1.3960
    2341       1.2804
    2342       1.3019
    2343       1.3453
    2344       1.4118
    2345       1.3413
    2346       1.2690
    2347       1.2911
    2348       1.2954
    2349       1.2600
    2350       1.3185
    2351       1.2495
    2352       1.2207
    2353       1.3265
    2354       1.2711
    2355       1.3191
    2356       1.3410
    2357       1.2749
    2358       1.2767
    2359       1.2322
    2360       1.1774
    2361       1.3040
    2362       1.1886
    2363       1.2726
    2364       1.2322
    2365       1.2403
    2366       1.2600
    2367       1.4016
    2368       1.3526
    2369       1.3192
    2370       1.3148
    2371       1.3430
    2372       1.4075
    2373       1.3889
    2374       1.3678
    2375       1.3485
    2376       1.3118
    2377       1.3402
    2378       1.4140
    2379       1.5116
    2380       1.5059
    2381       1.4621
    2382       1.4983
    2383       1.4378
    2384       1.3582
    2385       1.3411
    2386       1.3371
    2387       1.3340
    2388       1.3038
    2389       1.3632
    2390       1.3995
    2391       1.3887
    2392       1.4215
    2393       1.4575
    2394       1.4377
    2395       1.4585
    2396       1.3068
    2397       1.3115
    2398       1.4081
    2399       1.4119
    2400       1.4388
    2401       1.3935
    2402       1.4059
    2403       1.4624
    2404       1.3725
    2405       1.3647
    2406       1.3674
    2407       1.4235
    2408       1.4213
    2409       1.3582
    2410       1.3701
    2411       1.3366
    2412       1.3245
    2413       1.3206
    2414       1.3278
    2415       1.2380
    2416       1.2509
    2417       1.2219
    2418       1.2174
    2419       1.2461
    2420       1.3323
    2421       1.3164
    2422       1.3366
    2423       1.3891
    2424       1.3508
    2425       1.4357
    2426       1.4039
    2427       1.3081
    2428       1.3597
    2429       1.3937
    2430       1.3431
    2431       1.2475
    2432       1.3483
    2433       1.4380
    2434       1.4250
    2435       1.3512
    2436       1.4263
    2437       1.3999
    2438       1.2819
    2439       1.2832
    2440       1.2805
    2441       1.2316
    2442       1.2789
    2443       1.3036
    2444       1.3009
    2445       1.3061
    2446       1.2772
    2447       1.2170
    2448       1.2647
    2449       1.2876
    2450       1.2924
    2451       1.3509
    2452       1.3255
    2453       1.2744
    2454       1.2407
    2455       1.3207
    2456       1.4576
    2457       1.4532
    2458       1.3627
    2459       1.3474
    2460       1.2582
    2461       1.1774
    2462       1.2411
    2463       1.3230
    2464       1.3459
    2465       1.3315
    2466       1.3807
    2467       1.3866
    2468       1.3367
    2469       1.3153
    2470       1.2782
    2471       1.2267
    2472       1.2883
    2473       1.2862
    2474       1.3395
    2475       1.3155
    2476       1.2957
    2477       1.3449
    2478       1.3246
    2479       1.4072
    2480       1.3717
    2481       1.3616
    2482       1.3182
    2483       1.2378
    2484       1.2242
    2485       1.2848
    2486       1.2835
    2487       1.3345
    2488       1.2879
    2489       1.2710
    2490       1.2145
    2491       1.2190
    2492       1.2140
    2493       1.2120
    2494       1.1843
    2495       1.2786
    2496       1.1308
    2497       1.1673
    2498       1.1853
    2499       1.1293
    2500       1.1696
    2501       1.1122
    2502       1.1677
    2503       1.1781
    2504       1.1618
    2505       1.2336
    2506       1.1150
    2507       1.0730
    2508       1.1481
    2509       1.1359
    2510       1.1226
    2511       1.1425
    2512       1.2340
    2513       1.2828
    2514       1.2119
    2515       1.1667
    2516       1.2147
    2517       1.2173
    2518       1.2658
    2519       1.4143
    2520       1.3501
    2521       1.3738
    2522       1.2327
    2523       1.2333
    2524       1.2443
    2525       1.2281
    2526       1.2826
    2527       1.3475
    2528       1.3327
    2529       1.3763
    2530       1.2897
    2531       1.2745
    2532       1.3395
    2533       1.3233
    2534       1.3289
    2535       1.2034
    2536       1.3048
    2537       1.3218
    2538       1.2863
    2539       1.3071
    2540       1.4309
    2541       1.3727
    2542       1.3208
    2543       1.3669
    2544       1.2731
    2545       1.2936
    2546       1.2724
    2547       1.2166
    2548       1.2072
    2549       1.2228
    2550       1.2651
    2551       1.2312
    2552       1.2368
    2553       1.2793
    2554       1.3108
    2555       1.3231
    2556       1.3317
    2557       1.2890
    2558       1.3993
    2559       1.3634
    2560       1.3418
    2561       1.3770
    2562       1.4024
    2563       1.2980
    2564       1.2991
    2565       1.3515
    2566       1.3158
    2567       1.2674
    2568       1.2834
    2569       1.3065
    2570       1.2973
    2571       1.2383
    2572       1.2915
    2573       1.3433
    2574       1.3893
    2575       1.4313
    2576       1.3833
    2577       1.4629
    2578       1.3585
    2579       1.4510
    2580       1.4933
    2581       1.5371
    2582       1.4516
    2583       1.4125
    2584       1.5063
    2585       1.4163
    2586       1.5137
    2587       1.3833
    2588       1.2655
    2589       1.2481
    2590       1.3173
    2591       1.3755
    2592       1.3033
    2593       1.2874
    2594       1.3164
    2595       1.2611
    2596       1.3120
    2597       1.2705
    2598       1.2698
    2599       1.2883
    2600       1.3060
    2601       1.2974
    2602       1.3310
    2603       1.3250
    2604       1.3543
    2605       1.3522
    2606       1.2816
    2607       1.3160
    2608       1.3441
    2609       1.2835
    2610       1.3062
    2611       1.3106
    2612       1.2571
    2613       1.2779
    2614       1.2769
    2615       1.4023
    2616       1.3496
    2617       1.3250
    2618       1.3577
    2619       1.2926
    2620       1.1815
    2621       1.2308
    2622       1.3209
    2623       1.3675
    2624       1.3425
    2625       1.2788
    2626       1.2903
    2627       1.2695
    2628       1.3782
    2629       1.4230
    2630       1.3952
    2631       1.4578
    2632       1.3472
    2633       1.3682
    2634       1.4231
    2635       1.4709
    2636       1.4521
    2637       1.5401
    2638       1.4418
    2639       1.3910
    2640       1.4030
    2641       1.3507
    2642       1.3307
    2643       1.3395
    2644       1.3521
    2645       1.3618
    2646       1.3371
    2647       1.3415
    2648       1.3682
    2649       1.3567
    2650       1.2935
    2651       1.3367
    2652       1.3013
    2653       1.3454
    2654       1.3786
    2655       1.3404
    2656       1.3808
    2657       1.3965
    2658       1.5249
    2659       1.3876
    2660       1.4501
    2661       1.4208
    2662       1.3761
    2663       1.2910
    2664       1.2766
    2665       1.1865
    2666       1.3013
    2667       1.3318
    2668       1.3662
    2669       1.3717
    2670       1.4466
    2671       1.5510
    2672       1.5317
    2673       1.3550
    2674       1.3423
    2675       1.3620
    2676       1.3561
    2677       1.4566
    2678       1.3913
    2679       1.4911
    2680       1.5062
    2681       1.5575
    2682       1.5489
    2683       1.4631
    2684       1.4584
    2685       1.3098
    2686       1.3324
    2687       1.3673
    2688       1.4684
    2689       1.4085
    2690       1.4431
    2691       1.3950
    2692       1.3853
    2693       1.3405
    2694       1.3264
    2695       1.4534
    2696       1.4634
    2697       1.3452
    2698       1.3179
    2699       1.3955
    2700       1.4466
    2701       1.3422
    2702       1.4264
    2703       1.3852
    2704       1.3161
    2705       1.3124
    2706       1.3548
    2707       1.3564
    2708       1.3112
    2709       1.3957
    2710       1.4003
    2711       1.4738
    2712       1.4785
    2713       1.4442
    2714       1.4683
    2715       1.3902
    2716       1.4298
    2717       1.4524
    2718       1.4165
    2719       1.4029
    2720       1.3964
    2721       1.4289
    2722       1.4261
    2723       1.4746
    2724       1.4838
    2725       1.4934
    2726       1.3832
    2727       1.4533
    2728       1.5261
    2729       1.4629
    2730       1.4344
    2731       1.4329
    2732       1.3232
    2733       1.4570
    2734       1.4012
    2735       1.3873
    2736       1.3278
    2737       1.4175
    2738       1.4355
    2739       1.4466
    2740       1.3658
    2741       1.3758
    2742       1.5137
    2743       1.5030
    2744       1.4495
    2745       1.5585
    2746       1.6925
    2747       1.5644
    2748       1.5272
    2749       1.5059
    2750       1.4184
    2751       1.4792
    2752       1.4882
    2753       1.4296
    2754       1.5028
    2755       1.4541
    2756       1.4808
    2757       1.5589
    2758       1.4577
    2759       1.3927
    2760       1.4135
    2761       1.4427
    2762       1.5129
    2763       1.4217
    2764       1.4386
    2765       1.5057
    2766       1.5770
    2767       1.5080
    2768       1.4908
    2769       1.4964
    2770       1.4488
    2771       1.3207
    2772       1.3585
    2773       1.3354
    2774       1.3203
    2775       1.4170
    2776       1.4052
    2777       1.4152
    2778       1.4708
    2779       1.4154
    2780       1.3307
    2781       1.4055
    2782       1.3229
    2783       1.3344
    2784       1.3482
    2785       1.4390
    2786       1.3790
    2787       1.4342
    2788       1.4356
    2789       1.4428
    2790       1.3147
    2791       1.2810
    2792       1.3184
    2793       1.3319
    2794       1.3721
    2795       1.4144
    2796       1.4611
    2797       1.4734
    2798       1.5066
    2799       1.5230
    2800       1.5129
    2801       1.4603
    2802       1.4993
    2803       1.4314
    2804       1.4783
    2805       1.4124
    2806       1.4751
    2807       1.4868
    2808       1.4998
    2809       1.4578
    2810       1.4738
    2811       1.4131
    2812       1.3822
    2813       1.3746
    2814       1.2916
    2815       1.3596
    2816       1.3471
    2817       1.2571
    2818       1.2785
    2819       1.3226
    2820       1.4067
    2821       1.3908
    2822       1.4798
    2823       1.4230
    2824       1.3670
    2825       1.3625
    2826       1.4065
    2827       1.4267
    2828       1.4189
    2829       1.4459
    2830       1.4645
    2831       1.4682
    2832       1.4540
    2833       1.4348
    2834       1.3298
    2835       1.3440
    2836       1.3956
    2837       1.4269
    2838       1.3618
    2839       1.3775
    2840       1.3422
    2841       1.2868
    2842       1.2917
    2843       1.3714
    2844       1.3285
    2845       1.2568
    2846       1.2853
    2847       1.2367
    2848       1.3802
    2849       1.2837
    2850       1.3308
    2851       1.3482
    2852       1.4058
    2853       1.4055
    2854       1.4907
    2855       1.4136
    2856       1.4091
    2857       1.4228
    2858       1.5548
    2859       1.5068
    2860       1.4825
    2861       1.5050
    2862       1.5268
    2863       1.4763
    2864       1.4396
    2865       1.4486
    2866       1.4656
    2867       1.5260
    2868       1.5872
    2869       1.5514
    2870       1.5429
    2871       1.4815
    2872       1.4235
    2873       1.4091
    2874       1.4932
    2875       1.4028
    2876       1.3998
    2877       1.3989
    2878       1.4202
    2879       1.3314
    2880       1.3687
    2881       1.3937
    2882       1.3491
    2883       1.3845
    2884       1.4650
    2885       1.3990
    2886       1.3685
    2887       1.4631
    2888       1.4478
    2889       1.4123
    2890       1.4082
    2891       1.4157
    2892       1.4042
    2893       1.4183
    2894       1.3952
    2895       1.3775
    2896       1.3055
    2897       1.3678
    2898       1.3583
    2899       1.4065
    2900       1.3749
    2901       1.4334
    2902       1.4219
    2903       1.3805
    2904       1.3671
    2905       1.4787
    2906       1.4287
    2907       1.3343
    2908       1.3859
    2909       1.4048
    2910       1.5038
    2911       1.5009
    2912       1.5004
    2913       1.5135
    2914       1.5565
    2915       1.5563
    2916       1.4839
    2917       1.4256
    2918       1.3843
    2919       1.3778
    2920       1.3325
    2921       1.3303
    2922       1.3061
    2923       1.3199
    2924       1.2143
    2925       1.2692
    2926       1.2481
    2927       1.2700
    2928       1.2621
    2929       1.3640
    2930       1.4013
    2931       1.4511
    2932       1.4011
    2933       1.4119
    2934       1.3686
    2935       1.5251
    2936       1.4320
    2937       1.3542
    2938       1.2985
    2939       1.3843
    2940       1.2848
    2941       1.3645
    2942       1.3266
    2943       1.2851
    2944       1.2293
    2945       1.2711
    2946       1.2531
    2947       1.1806
    2948       1.2515
    2949       1.2763
    2950       1.2313
    2951       1.1238
    2952       1.2316
    2953       1.2414
    2954       1.2381
    2955       1.2051
    2956       1.1923
    2957       1.2412
    2958       1.2622
    2959       1.2917
    2960       1.2490
    2961       1.2327
    2962       1.2734
    2963       1.3738
    2964       1.2755
    2965       1.3306
    2966       1.3408
    2967       1.3396
    2968       1.3100
    2969       1.2681
    2970       1.2535
    2971       1.3172
    2972       1.2639
    2973       1.3389
    2974       1.2860
    2975       1.2697
    2976       1.3214
    2977       1.2745
    2978       1.2787
    2979       1.2643
    2980       1.2467
    2981       1.2227
    2982       1.2388
    2983       1.2338
    2984       1.1690
    2985       1.1681
    2986       1.1330
    2987       1.2050
    2988       1.1877
    2989       1.1980
    2990       1.2172
    2991       1.2766
    2992       1.2130
    2993       1.2025
    2994       1.1868
    2995       1.1460
    2996       1.1345
    2997       1.1691
    2998       1.1791
    2999       1.1852
    3000       1.1547
    3001       1.2223
    3002       1.2835
    3003       1.2898
    3004       1.2346
    3005       1.2093
    3006       1.1750
    3007       1.2118
    3008       1.2901
    3009       1.3022
    3010       1.2740
    3011       1.3110
    3012       1.3097
    3013       1.2607
    3014       1.2645
    3015       1.3024
    3016       1.2521
    3017       1.2161
    3018       1.2829
    3019       1.2765
    3020       1.3201
    3021       1.3834
    3022       1.2467
    3023       1.3009
    3024       1.3795
    3025       1.4198
    3026       1.4279
    3027       1.5000
    3028       1.3952
    3029       1.4111
    3030       1.4236
    3031       1.4187
    3032       1.4346
    3033       1.3901
    3034       1.4625
    3035       1.4674
    3036       1.3691
    3037       1.2778
    3038       1.3011
    3039       1.3434
    3040       1.5061
    3041       1.3897
    3042       1.4032
    3043       1.3902
    3044       1.5133
    3045       1.4489
    3046       1.4262
    3047       1.4278
    3048       1.3229
    3049       1.3669
    3050       1.3640
    3051       1.3973
    3052       1.3191
    3053       1.3619
    3054       1.3860
    3055       1.3875
    3056       1.3898
    3057       1.3697
    3058       1.3666
    3059       1.3042
    3060       1.4559
    3061       1.4468
    3062       1.4311
    3063       1.3113
    3064       1.2630
    3065       1.3846
    3066       1.3036
    3067       1.4058
    3068       1.3213
    3069       1.3806
    3070       1.3687
    3071       1.4022
    3072       1.3762
    3073       1.4805
    3074       1.4013
    3075       1.3703
    3076       1.3899
    3077       1.4400
    3078       1.3548
    3079       1.3380
    3080       1.3885
    3081       1.3541
    3082       1.3396
    3083       1.4145
    3084       1.3302
    3085       1.3930
    3086       1.2728
    3087       1.3137
    3088       1.3919
    3089       1.4701
    3090       1.4153
    3091       1.3396
    3092       1.3262
    3093       1.3514
    3094       1.4356
    3095       1.3057
    3096       1.3529
    3097       1.3667
    3098       1.3615
    3099       1.3692
    3100       1.3721
    3101       1.4913
    3102       1.4996
    3103       1.3960
    3104       1.3541
    3105       1.3482
    3106       1.3636
    3107       1.3036
    3108       1.2905
    3109       1.3102
    3110       1.3286
    3111       1.3228
    3112       1.4348
    3113       1.4899
    3114       1.4158
    3115       1.4637
    3116       1.4531
    3117       1.4868
    3118       1.4416
    3119       1.3649
    3120       1.2600
    3121       1.2752
    3122       1.2408
    3123       1.2961
    3124       1.2789
    3125       1.3879
