#Frame     RMSD_00001
       1       0.0000
       2       0.6262
       3       0.7625
       4       0.8023
       5       0.8084
       6       0.9025
       7       0.8382
       8       0.8479
       9       0.8553
      10       0.9190
      11       0.8255
      12       0.8123
      13       0.7952
      14       0.8701
      15       0.9370
      16       0.9341
      17       0.8399
      18       0.8448
      19       0.8927
      20       0.8200
      21       0.9220
      22       0.8458
      23       0.8738
      24       0.8961
      25       0.8904
      26       0.9967
      27       0.9627
      28       0.9274
      29       0.9002
      30       0.9023
      31       0.8296
      32       0.9067
      33       0.9344
      34       0.9298
      35       0.9742
      36       0.9467
      37       0.9284
      38       1.0091
      39       1.0022
      40       0.9065
      41       0.8868
      42       0.9647
      43       1.0260
      44       0.9531
      45       0.9463
      46       0.9984
      47       1.0361
      48       1.0041
      49       0.9771
      50       1.0348
      51       1.0517
      52       1.0469
      53       1.0463
      54       1.0081
      55       1.0202
      56       1.0119
      57       0.9200
      58       0.9785
      59       1.0134
      60       0.9909
      61       0.9919
      62       1.0275
      63       1.0776
      64       1.0819
      65       1.0652
      66       1.0348
      67       1.0738
      68       1.0256
      69       1.0525
      70       1.0265
      71       0.9533
      72       0.9753
      73       0.9388
      74       0.9941
      75       0.9157
      76       1.0182
      77       0.9902
      78       0.9639
      79       0.9392
      80       0.9488
      81       0.9504
      82       0.9434
      83       0.9268
      84       0.9594
      85       0.9085
      86       1.0045
      87       1.0215
      88       1.0093
      89       0.9738
      90       1.1113
      91       1.1329
      92       1.1864
      93       1.0551
      94       1.0524
      95       1.0562
      96       1.0441
      97       1.1202
      98       1.0702
      99       1.0300
     100       0.9950
     101       1.0294
     102       1.0199
     103       1.0314
     104       1.0189
     105       1.0290
     106       1.0264
     107       1.0406
     108       1.0045
     109       0.9789
     110       0.9916
     111       1.0315
     112       1.0367
     113       0.9797
     114       1.0286
     115       0.9929
     116       0.9410
     117       0.9350
     118       0.9877
     119       0.9259
     120       0.9568
     121       0.9448
     122       0.9702
     123       0.9425
     124       1.0019
     125       1.0330
     126       0.9980
     127       1.0502
     128       1.0318
     129       0.9857
     130       1.1253
     131       1.0909
     132       1.1186
     133       1.0566
     134       0.9651
     135       0.9837
     136       0.9949
     137       0.9759
     138       0.9835
     139       1.0029
     140       0.9372
     141       0.9782
     142       0.9826
     143       0.9924
     144       1.0182
     145       1.0187
     146       1.0798
     147       1.0480
     148       0.9441
     149       1.0205
     150       1.0692
     151       1.0055
     152       0.9790
     153       0.9956
     154       0.9413
     155       0.9611
     156       1.0651
     157       1.0534
     158       0.9846
     159       1.0308
     160       1.0045
     161       1.0631
     162       1.0195
     163       1.0610
     164       1.1113
     165       1.0695
     166       1.0636
     167       1.0867
     168       1.0450
     169       1.0186
     170       0.9849
     171       0.9292
     172       1.0113
     173       0.9991
     174       0.9605
     175       1.0795
     176       1.0603
     177       1.0776
     178       1.1192
     179       1.0585
     180       1.1034
     181       1.0695
     182       1.0282
     183       1.0670
     184       1.0697
     185       1.1651
     186       1.0307
     187       1.1735
     188       1.1926
     189       1.2808
     190       1.2968
     191       1.2594
     192       1.2139
     193       1.2625
     194       1.2882
     195       1.1814
     196       1.2098
     197       1.1522
     198       1.1408
     199       1.2131
     200       1.2884
     201       1.2822
     202       1.2783
     203       1.2670
     204       1.2649
     205       1.2274
     206       1.2411
     207       1.2047
     208       1.2283
     209       1.1974
     210       1.1484
     211       1.1014
     212       1.0856
     213       1.0250
     214       0.9991
     215       0.9563
     216       1.0471
     217       0.9551
     218       0.9778
     219       0.9858
     220       0.9907
     221       0.8739
     222       0.9097
     223       0.9934
     224       1.0009
     225       0.9575
     226       1.0058
     227       1.0498
     228       1.0351
     229       0.9201
     230       0.9188
     231       1.0627
     232       1.0458
     233       0.9172
     234       0.9654
     235       0.9590
     236       0.9469
     237       0.9095
     238       0.8962
     239       0.9735
     240       0.9409
     241       0.9689
     242       0.9356
     243       0.9327
     244       0.9392
     245       0.9438
     246       1.0531
     247       1.0422
     248       1.0151
     249       1.0743
     250       1.0492
     251       1.0393
     252       1.0284
     253       1.0639
     254       1.0288
     255       1.0397
     256       1.0505
     257       1.0198
     258       1.0343
     259       1.0883
     260       1.0936
     261       1.1607
     262       1.0748
     263       1.0303
     264       1.0454
     265       1.0757
     266       1.0487
     267       1.0463
     268       1.0485
     269       1.0750
     270       1.1141
     271       1.0818
     272       1.0230
     273       1.0585
     274       1.0216
     275       1.0339
     276       1.1092
     277       1.0078
     278       0.9983
     279       0.9507
     280       0.9819
     281       1.0295
     282       0.9832
     283       0.9102
     284       0.9639
     285       0.9294
     286       0.9466
     287       1.0088
     288       1.0669
     289       1.0403
     290       1.1561
     291       1.1085
     292       0.9804
     293       1.0306
     294       1.0221
     295       1.0324
     296       1.0106
     297       0.9915
     298       1.0962
     299       1.0903
     300       1.1126
     301       1.0651
     302       1.0622
     303       1.1453
     304       1.1864
     305       1.1504
     306       1.1185
     307       1.1194
     308       1.0133
     309       1.1097
     310       1.0312
     311       1.0960
     312       1.0859
     313       1.2000
     314       1.1569
     315       1.0435
     316       1.0079
     317       1.0784
     318       1.0903
     319       1.0666
     320       1.1143
     321       0.9911
     322       1.0213
     323       0.9756
     324       0.9809
     325       0.9537
     326       0.9672
     327       0.9771
     328       1.0595
     329       0.9656
     330       1.0275
     331       0.9979
     332       1.0440
     333       0.9853
     334       1.0307
     335       0.9866
     336       1.0250
     337       1.0417
     338       1.0318
     339       0.9836
     340       0.9973
     341       1.0211
     342       1.0356
     343       0.9967
     344       1.1157
     345       1.1332
     346       1.0890
     347       1.1239
     348       1.0928
     349       1.1404
     350       1.0808
     351       1.1627
     352       1.1329
     353       1.1172
     354       1.0377
     355       1.0700
     356       0.9759
     357       1.0695
     358       1.0375
     359       1.0365
     360       1.0392
     361       1.1048
     362       1.0358
     363       1.0305
     364       1.0156
     365       1.0343
     366       1.0969
     367       1.0947
     368       1.0805
     369       1.0109
     370       0.9649
     371       0.9089
     372       0.9785
     373       0.9763
     374       1.0349
     375       1.0335
     376       1.0405
     377       1.0257
     378       1.0429
     379       1.0620
     380       1.0012
     381       1.0062
     382       1.0403
     383       1.1353
     384       1.1008
     385       1.1761
     386       1.0273
     387       1.0773
     388       1.0441
     389       1.0426
     390       1.0368
     391       1.0355
     392       0.9926
     393       1.0056
     394       0.9471
     395       0.9915
     396       1.0775
     397       1.0410
     398       0.9931
     399       0.9268
     400       1.0164
     401       0.9891
     402       0.9476
     403       0.9847
     404       0.9449
     405       0.9274
     406       1.0275
     407       0.9841
     408       0.9948
     409       0.9962
     410       1.0031
     411       1.0282
     412       0.9910
     413       1.0575
     414       1.0533
     415       1.0240
     416       1.0160
     417       1.0613
     418       1.0218
     419       1.0583
     420       1.0474
     421       1.0585
     422       1.0566
     423       1.0965
     424       1.0502
     425       1.0465
     426       1.0430
     427       1.0011
     428       1.0265
     429       1.0183
     430       1.0465
     431       1.0785
     432       1.0479
     433       1.0480
     434       1.2187
     435       1.1502
     436       1.1594
     437       1.1370
     438       1.0313
     439       1.1115
     440       1.0683
     441       1.0261
     442       1.0646
     443       1.0031
     444       1.0034
     445       1.0198
     446       1.1076
     447       1.0440
     448       1.1054
     449       1.0546
     450       1.0576
     451       1.0865
     452       1.0185
     453       1.0370
     454       1.0342
     455       1.0113
     456       1.0290
     457       1.0614
     458       1.0971
     459       1.0354
     460       1.0606
     461       1.0210
     462       1.0246
     463       0.9883
     464       1.0198
     465       1.0313
     466       0.9649
     467       0.9830
     468       0.9819
     469       1.0872
     470       1.0869
     471       1.1979
     472       1.0741
     473       1.1450
     474       1.0844
     475       1.0692
     476       1.1114
     477       1.1119
     478       1.1444
     479       1.1812
     480       1.1453
     481       1.1388
     482       1.1567
     483       1.1475
     484       1.1891
     485       1.1320
     486       1.0880
     487       1.1060
     488       1.1060
     489       1.1894
     490       1.1610
     491       1.1862
     492       1.0933
     493       1.1337
     494       1.1552
     495       1.0590
     496       1.0695
     497       1.0422
     498       1.0479
     499       1.0123
     500       1.1253
     501       1.1077
     502       1.0963
     503       1.0857
     504       1.1691
     505       1.1971
     506       1.1190
     507       1.2350
     508       1.2307
     509       1.3162
     510       1.2744
     511       1.2236
     512       1.1113
     513       1.0702
     514       1.0578
     515       1.0104
     516       1.0970
     517       1.0718
     518       1.1222
     519       1.0281
     520       1.0617
     521       1.0301
     522       1.0428
     523       0.9839
     524       1.0473
     525       1.0812
     526       1.0819
     527       1.0359
     528       1.0487
     529       1.0829
     530       1.0615
     531       1.0547
     532       1.0695
     533       1.0501
     534       1.1651
     535       1.0693
     536       0.9877
     537       1.0065
     538       1.0230
     539       1.0368
     540       1.0202
     541       1.0303
     542       1.0654
     543       1.0452
     544       1.0276
     545       1.1003
     546       1.0520
     547       1.0523
     548       0.9745
     549       1.0065
     550       1.0033
     551       1.0292
     552       1.0285
     553       1.1214
     554       1.0889
     555       1.0248
     556       1.0281
     557       1.0441
     558       1.1231
     559       1.1294
     560       1.0919
     561       1.0399
     562       0.9979
     563       0.9649
     564       1.0900
     565       1.0863
     566       1.0299
     567       1.0272
     568       1.0656
     569       1.0033
     570       1.0701
     571       1.0489
     572       1.0315
     573       0.9864
     574       0.9970
     575       0.9198
     576       0.9371
     577       0.9302
     578       0.9720
     579       0.8903
     580       0.9414
     581       0.9243
     582       0.9103
     583       0.9433
     584       0.9585
     585       0.9965
     586       0.9844
     587       0.9527
     588       0.9408
     589       0.9513
     590       0.9707
     591       0.9493
     592       0.9714
     593       0.9616
     594       0.9611
     595       0.9725
     596       0.9834
     597       0.9942
     598       0.9932
     599       1.0010
     600       1.0334
     601       1.0480
     602       0.9890
     603       0.9378
     604       0.9474
     605       0.9586
     606       1.0040
     607       1.0908
     608       1.1236
     609       1.1268
     610       1.0214
     611       1.0413
     612       1.0388
     613       1.0285
     614       1.0162
     615       1.1031
     616       1.0724
     617       1.0582
     618       1.0064
     619       0.9950
     620       1.0010
     621       1.0488
     622       1.0020
     623       1.1176
     624       1.1185
     625       1.1229
     626       1.1746
     627       1.1168
     628       1.0644
     629       1.0752
     630       1.1269
     631       1.1210
     632       1.0693
     633       1.0282
     634       1.0117
     635       1.0195
     636       1.0445
     637       0.9987
     638       0.9822
     639       1.0153
     640       1.0392
     641       1.0830
     642       1.0207
     643       1.0335
     644       0.9793
     645       1.0876
     646       1.0623
     647       1.0924
     648       1.0891
     649       1.0581
     650       1.0763
     651       1.0616
     652       1.0742
     653       1.0077
     654       1.1440
     655       1.0557
     656       1.0651
     657       1.0875
     658       1.0967
     659       1.0611
     660       1.1164
     661       1.0783
     662       1.1002
     663       1.1369
     664       1.1107
     665       1.1337
     666       1.0893
     667       1.0931
     668       1.0244
     669       1.0681
     670       1.0726
     671       1.0316
     672       1.0899
     673       1.0285
     674       0.9760
     675       1.0307
     676       1.0205
     677       1.0235
     678       0.9820
     679       0.9960
     680       1.0082
     681       1.0354
     682       1.0257
     683       0.8979
     684       0.9684
     685       1.0437
     686       1.0091
     687       1.0880
     688       1.0815
     689       1.1682
     690       1.1226
     691       1.1353
     692       1.0461
     693       1.0479
     694       1.0708
     695       1.1134
     696       1.1679
     697       1.1646
     698       1.1947
     699       1.3276
     700       1.2594
     701       1.1920
     702       1.1682
     703       1.2311
     704       1.2335
     705       1.1895
     706       1.0661
     707       1.0782
     708       1.0374
     709       1.0340
     710       1.0694
     711       1.0519
     712       1.1050
     713       1.1117
     714       1.0814
     715       1.0721
     716       1.0828
     717       1.0525
     718       1.0415
     719       1.0861
     720       1.0393
     721       1.0913
     722       1.0038
     723       0.9828
     724       0.9585
     725       0.9932
     726       0.9667
     727       1.0043
     728       0.9507
     729       1.0261
     730       1.0891
     731       1.0806
     732       1.1074
     733       1.0963
     734       1.0621
     735       1.1305
     736       1.1504
     737       1.1106
     738       1.0834
     739       1.0334
     740       1.1002
     741       1.0533
     742       1.0783
     743       1.0032
     744       0.9721
     745       0.9846
     746       0.9955
     747       0.9817
     748       1.0844
     749       1.1427
     750       1.1476
     751       1.0613
     752       1.1673
     753       1.0990
     754       1.0305
     755       1.0694
     756       1.0686
     757       0.9307
     758       0.9916
     759       1.0207
     760       0.9693
     761       0.9628
     762       0.9917
     763       0.9141
     764       0.9758
     765       1.0213
     766       1.0966
     767       1.0398
     768       0.9606
     769       0.9626
     770       0.9905
     771       0.9843
     772       0.9687
     773       0.9590
     774       1.0056
     775       1.0439
     776       1.1237
     777       1.1546
     778       1.1106
     779       1.1223
     780       1.0161
     781       1.0354
     782       1.0850
     783       1.0279
     784       0.9811
     785       1.0526
     786       1.0401
     787       1.0636
     788       1.0562
     789       1.0790
     790       1.1030
     791       1.0570
     792       1.0626
     793       1.0325
     794       0.9828
     795       0.9604
     796       1.0140
     797       0.9915
     798       0.9428
     799       0.9426
     800       0.9080
     801       0.9540
     802       0.9242
     803       0.9875
     804       0.9852
     805       1.0049
     806       1.0247
     807       1.0315
     808       1.0291
     809       0.9899
     810       0.9702
     811       0.9939
     812       0.9990
     813       1.0536
     814       1.0607
     815       1.0532
     816       1.0708
     817       1.0703
     818       1.0930
     819       1.1653
     820       1.1512
     821       1.1682
     822       1.1274
     823       1.1139
     824       1.1037
     825       1.0950
     826       1.1682
     827       1.2754
     828       1.1826
     829       1.2855
     830       1.3084
     831       1.1638
     832       1.1793
     833       1.1772
     834       1.2326
     835       1.2223
     836       1.2394
     837       1.2959
     838       1.3101
     839       1.2186
     840       1.1978
     841       1.1154
     842       1.0916
     843       1.1520
     844       1.1906
     845       1.1849
     846       1.1872
     847       1.1865
     848       1.1560
     849       1.2553
     850       1.2299
     851       1.3252
     852       1.2508
     853       1.2724
     854       1.3267
     855       1.2642
     856       1.2534
     857       1.1369
     858       1.1019
     859       1.1483
     860       1.0955
     861       1.0642
     862       1.0514
     863       1.0411
     864       1.0346
     865       1.0801
     866       1.1107
     867       1.0788
     868       1.1862
     869       1.1117
     870       1.0313
     871       1.0767
     872       1.1038
     873       1.0984
     874       1.1117
     875       1.1860
     876       1.1932
     877       1.1638
     878       1.1361
     879       1.1457
     880       1.1427
     881       1.1153
     882       1.1204
     883       1.0991
     884       1.0674
     885       1.0817
     886       1.0484
     887       1.0634
     888       1.0978
     889       1.1041
     890       1.0994
     891       1.0695
     892       1.0730
     893       1.1116
     894       1.0974
     895       1.1119
     896       1.0957
     897       1.0786
     898       1.0308
     899       1.0426
     900       1.1240
     901       0.9880
     902       1.0667
     903       1.0102
     904       1.0671
     905       1.0564
     906       1.0339
     907       0.9820
     908       0.9340
     909       0.9982
     910       0.9846
     911       0.9515
     912       1.0393
     913       0.9448
     914       0.9650
     915       0.9873
     916       0.9954
     917       1.0280
     918       1.0460
     919       1.0550
     920       1.0717
     921       1.1130
     922       1.0786
     923       1.0178
     924       1.1089
     925       1.0498
     926       1.0429
     927       1.0409
     928       1.0880
     929       1.1060
     930       1.0787
     931       1.0902
     932       1.0378
     933       1.0932
     934       1.0777
     935       1.1044
     936       1.1255
     937       1.1670
     938       1.1369
     939       1.1326
     940       1.1271
     941       1.0756
     942       1.0327
     943       0.9741
     944       0.9677
     945       1.0277
     946       1.0048
     947       1.0081
     948       1.0578
     949       1.0340
     950       1.0863
     951       1.0768
     952       1.0727
     953       1.0365
     954       1.0986
     955       1.1288
     956       1.1679
     957       1.0980
     958       1.0670
     959       1.0430
     960       1.0513
     961       1.0817
     962       1.0763
     963       1.0809
     964       1.0514
     965       1.0815
     966       1.0876
     967       1.0216
     968       1.0366
     969       1.0028
     970       1.0806
     971       1.0968
     972       1.0574
     973       1.0924
     974       1.0479
     975       1.0464
     976       1.0733
     977       1.0544
     978       1.0722
     979       1.0492
     980       1.0457
     981       1.0808
     982       1.0457
     983       1.0721
     984       1.0775
     985       1.1286
     986       1.1105
     987       1.1408
     988       1.2035
     989       1.1709
     990       1.1932
     991       1.1905
     992       1.1549
     993       1.1338
     994       1.1077
     995       1.0830
     996       1.1257
     997       1.1716
     998       1.1242
     999       1.2144
    1000       1.2135
    1001       1.2507
    1002       1.2874
    1003       1.2618
    1004       1.2369
    1005       1.2493
    1006       1.2008
    1007       1.1573
    1008       1.2151
    1009       1.2884
    1010       1.1822
    1011       1.2109
    1012       1.0476
    1013       1.0770
    1014       1.0761
    1015       1.0432
    1016       1.0272
    1017       1.0438
    1018       1.1159
    1019       1.0406
    1020       1.0392
    1021       1.0101
    1022       1.0564
    1023       1.0912
    1024       1.1365
    1025       1.1442
    1026       1.0636
    1027       1.0111
    1028       1.1033
    1029       1.0860
    1030       1.1239
    1031       1.1112
    1032       1.1030
    1033       1.1263
    1034       1.0852
    1035       1.1204
    1036       1.0748
    1037       1.0726
    1038       1.0975
    1039       1.0770
    1040       1.0846
    1041       1.1474
    1042       1.0954
    1043       1.0701
    1044       1.0507
    1045       0.9975
    1046       1.0103
    1047       1.0313
    1048       1.0189
    1049       1.0587
    1050       1.1059
    1051       1.1060
    1052       1.0610
    1053       1.1218
    1054       1.1616
    1055       1.2378
    1056       1.2544
    1057       1.1730
    1058       1.1357
    1059       1.1057
    1060       1.1107
    1061       1.0838
    1062       1.1165
    1063       1.0748
    1064       1.1252
    1065       1.1235
    1066       1.0867
    1067       1.0829
    1068       1.0414
    1069       1.0524
    1070       1.0620
    1071       1.1587
    1072       1.1678
    1073       1.1782
    1074       1.1562
    1075       1.2036
    1076       1.1880
    1077       1.1355
    1078       1.1770
    1079       1.1544
    1080       1.1761
    1081       1.1407
    1082       1.0892
    1083       1.1729
    1084       1.2197
    1085       1.1366
    1086       1.1483
    1087       1.1510
    1088       1.1466
    1089       1.1162
    1090       1.2311
    1091       1.2077
    1092       1.2284
    1093       1.1780
    1094       1.2176
    1095       1.1841
    1096       1.1475
    1097       1.1348
    1098       1.1962
    1099       1.2052
    1100       1.1757
    1101       1.2768
    1102       1.3779
    1103       1.2645
    1104       1.2292
    1105       1.2467
    1106       1.2336
    1107       1.2324
    1108       1.2756
    1109       1.2622
    1110       1.2146
    1111       1.2500
    1112       1.1960
    1113       1.1766
    1114       1.2090
    1115       1.2249
    1116       1.2434
    1117       1.3321
    1118       1.2774
    1119       1.3094
    1120       1.2740
    1121       1.2134
    1122       1.2184
    1123       1.1200
    1124       1.1986
    1125       1.1889
    1126       1.2563
    1127       1.1833
    1128       1.2876
    1129       1.2683
    1130       1.2549
    1131       1.2453
    1132       1.2615
    1133       1.3433
    1134       1.3149
    1135       1.3226
    1136       1.2409
    1137       1.2634
    1138       1.2714
    1139       1.2657
    1140       1.2389
    1141       1.1936
    1142       1.1535
    1143       1.1368
    1144       1.1693
    1145       1.1184
    1146       1.0985
    1147       1.0973
    1148       1.0933
    1149       1.1822
    1150       1.0867
    1151       1.1129
    1152       1.2229
    1153       1.2501
    1154       1.1446
    1155       1.1973
    1156       1.2520
    1157       1.1714
    1158       1.1416
    1159       1.1378
    1160       1.1925
    1161       1.0987
    1162       1.1644
    1163       1.1312
    1164       1.1985
    1165       1.1061
    1166       1.0953
    1167       1.1698
    1168       1.0808
    1169       1.1390
    1170       1.2627
    1171       1.2610
    1172       1.2379
    1173       1.2303
    1174       1.2631
    1175       1.2642
    1176       1.2034
    1177       1.3131
    1178       1.1867
    1179       1.1083
    1180       1.1466
    1181       1.0822
    1182       1.1351
    1183       1.1366
    1184       1.1130
    1185       1.0989
    1186       1.0561
    1187       1.0939
    1188       1.1415
    1189       1.0435
    1190       0.9821
    1191       1.0003
    1192       1.0156
    1193       1.0405
    1194       0.9610
    1195       0.9573
    1196       0.9989
    1197       0.9901
    1198       0.9527
    1199       0.9800
    1200       0.9820
    1201       1.0122
    1202       0.9529
    1203       0.9226
    1204       0.9986
    1205       1.0125
    1206       1.0433
    1207       0.9747
    1208       1.1181
    1209       1.0762
    1210       1.1180
    1211       1.0978
    1212       1.0640
    1213       1.0891
    1214       1.0421
    1215       1.1152
    1216       1.0227
    1217       1.0815
    1218       1.0483
    1219       1.0509
    1220       1.0296
    1221       1.0222
    1222       1.0687
    1223       1.0065
    1224       1.0572
    1225       1.0482
    1226       1.0603
    1227       1.1187
    1228       1.0639
    1229       1.1785
    1230       1.2015
    1231       1.2869
    1232       1.2187
    1233       1.2100
    1234       1.2210
    1235       1.1618
    1236       1.1599
    1237       1.1809
    1238       1.1364
    1239       1.1816
    1240       1.1339
    1241       1.1725
    1242       1.1810
    1243       1.2974
    1244       1.2290
    1245       1.1462
    1246       1.1227
    1247       1.0510
    1248       1.1149
    1249       1.1285
    1250       1.1975
    1251       1.1640
    1252       1.0815
    1253       1.2139
    1254       1.1797
    1255       1.1990
    1256       1.2570
    1257       1.1667
    1258       1.1951
    1259       1.1709
    1260       1.1630
    1261       1.2435
    1262       1.2159
    1263       1.1537
    1264       1.1690
    1265       1.1600
    1266       1.0806
    1267       1.1580
    1268       1.1269
    1269       1.1020
    1270       1.1465
    1271       1.1436
    1272       1.1838
    1273       1.1476
    1274       1.1537
    1275       1.1451
    1276       1.1840
    1277       1.1177
    1278       1.1037
    1279       1.1694
    1280       1.1884
    1281       1.2094
    1282       1.2831
    1283       1.2329
    1284       1.1983
    1285       1.2173
    1286       1.2623
    1287       1.2468
    1288       1.1887
    1289       1.2231
    1290       1.2084
    1291       1.1943
    1292       1.2622
    1293       1.2236
    1294       1.2281
    1295       1.3182
    1296       1.2283
    1297       1.2775
    1298       1.2656
    1299       1.2567
    1300       1.2504
    1301       1.2614
    1302       1.1961
    1303       1.2493
    1304       1.3356
    1305       1.2877
    1306       1.2953
    1307       1.2291
    1308       1.2665
    1309       1.2492
    1310       1.1963
    1311       1.1618
    1312       1.1503
    1313       1.1836
    1314       1.2689
    1315       1.2390
    1316       1.2729
    1317       1.2698
    1318       1.2118
    1319       1.2154
    1320       1.2142
    1321       1.2616
    1322       1.1971
    1323       1.1227
    1324       1.1225
    1325       1.2037
    1326       1.2143
    1327       1.2646
    1328       1.3102
    1329       1.2220
    1330       1.2830
    1331       1.1674
    1332       1.1742
    1333       1.1815
    1334       1.1804
    1335       1.1739
    1336       1.2547
    1337       1.2322
    1338       1.2388
    1339       1.2303
    1340       1.2130
    1341       1.1794
    1342       1.1549
    1343       1.1747
    1344       1.2176
    1345       1.3172
    1346       1.2650
    1347       1.2673
    1348       1.2475
    1349       1.2177
    1350       1.2594
    1351       1.2230
    1352       1.2583
    1353       1.2493
    1354       1.2447
    1355       1.2103
    1356       1.2301
    1357       1.1797
    1358       1.2217
    1359       1.1900
    1360       1.1989
    1361       1.1630
    1362       1.1482
    1363       1.1596
    1364       1.2597
    1365       1.3174
    1366       1.2584
    1367       1.2271
    1368       1.1649
    1369       1.0957
    1370       1.1295
    1371       1.1422
    1372       1.2862
    1373       1.2696
    1374       1.2229
    1375       1.3444
    1376       1.2177
    1377       1.1635
    1378       1.1353
    1379       1.1475
    1380       1.1963
    1381       1.1637
    1382       1.2181
    1383       1.1828
    1384       1.1880
    1385       1.1753
    1386       1.1579
    1387       1.1841
    1388       1.1722
    1389       1.2185
    1390       1.2234
    1391       1.1964
    1392       1.1874
    1393       1.2671
    1394       1.2355
    1395       1.2459
    1396       1.2458
    1397       1.2793
    1398       1.2110
    1399       1.2101
    1400       1.2462
    1401       1.1861
    1402       1.1857
    1403       1.2011
    1404       1.2282
    1405       1.2264
    1406       1.2000
    1407       1.1496
    1408       1.1879
    1409       1.1949
    1410       1.2152
    1411       1.1898
    1412       1.1868
    1413       1.1899
    1414       1.1941
    1415       1.2205
    1416       1.2368
    1417       1.1927
    1418       1.1758
    1419       1.1930
    1420       1.1683
    1421       1.1986
    1422       1.1763
    1423       1.2700
    1424       1.2886
    1425       1.2512
    1426       1.1872
    1427       1.1240
    1428       1.1356
    1429       1.0956
    1430       1.1255
    1431       1.1445
    1432       1.1270
    1433       1.0763
    1434       1.1104
    1435       1.0591
    1436       1.0242
    1437       1.0732
    1438       1.1835
    1439       1.1335
    1440       1.1420
    1441       1.1147
    1442       1.0591
    1443       1.0886
    1444       1.1043
    1445       1.0863
    1446       1.0838
    1447       1.0680
    1448       1.0793
    1449       1.0773
    1450       1.0499
    1451       1.0756
    1452       1.0981
    1453       1.0761
    1454       1.1912
    1455       1.1045
    1456       1.1578
    1457       1.0604
    1458       1.0121
    1459       1.0788
    1460       1.0460
    1461       1.0155
    1462       1.0673
    1463       1.0455
    1464       1.0256
    1465       1.0983
    1466       1.0872
    1467       1.0950
    1468       1.1235
    1469       1.1660
    1470       1.1443
    1471       1.1486
    1472       1.0744
    1473       1.1105
    1474       1.1547
    1475       1.2017
    1476       1.1538
    1477       1.2111
    1478       1.2477
    1479       1.1955
    1480       1.2340
    1481       1.1969
    1482       1.2362
    1483       1.3170
    1484       1.3741
    1485       1.3462
    1486       1.4992
    1487       1.4596
    1488       1.4295
    1489       1.4454
    1490       1.3020
    1491       1.2871
    1492       1.3223
    1493       1.2992
    1494       1.3071
    1495       1.2808
    1496       1.2298
    1497       1.1821
    1498       1.1985
    1499       1.2356
    1500       1.2998
    1501       1.2315
    1502       1.2704
    1503       1.2096
    1504       1.0749
    1505       1.1918
    1506       1.2208
    1507       1.1087
    1508       1.2109
    1509       1.2129
    1510       1.1527
    1511       1.2249
    1512       1.1666
    1513       1.1931
    1514       1.1385
    1515       1.0774
    1516       1.0885
    1517       1.0637
    1518       0.9628
    1519       1.0256
    1520       1.0348
    1521       1.0338
    1522       1.0047
    1523       1.0595
    1524       1.0555
    1525       1.0565
    1526       1.0438
    1527       1.0074
    1528       1.0346
    1529       1.0228
    1530       1.1099
    1531       1.0542
    1532       1.0203
    1533       1.0702
    1534       1.0524
    1535       1.0909
    1536       1.0858
    1537       1.0219
    1538       1.0608
    1539       1.0871
    1540       1.1092
    1541       1.1484
    1542       1.0842
    1543       1.0772
    1544       1.0898
    1545       1.0605
    1546       1.0704
    1547       1.1039
    1548       1.0485
    1549       1.1118
    1550       1.1285
    1551       1.0997
    1552       1.1426
    1553       1.1446
    1554       1.1618
    1555       1.1763
    1556       1.2064
    1557       1.1903
    1558       1.1653
    1559       1.1665
    1560       1.1478
    1561       1.1450
    1562       1.1802
    1563       1.1458
    1564       1.2315
    1565       1.1095
    1566       1.0975
    1567       1.1286
    1568       1.1652
    1569       1.0746
    1570       0.9871
    1571       0.9802
    1572       1.0759
    1573       1.0403
    1574       1.0684
    1575       1.1113
    1576       1.0509
    1577       1.1557
    1578       1.0998
    1579       1.1020
    1580       1.0657
    1581       1.0669
    1582       1.0708
    1583       1.0408
    1584       1.0731
    1585       1.0446
    1586       1.0629
    1587       1.0536
    1588       1.0751
    1589       1.1053
    1590       1.0835
    1591       1.1117
    1592       1.0820
    1593       1.0752
    1594       1.1066
    1595       1.1146
    1596       1.1586
    1597       1.1158
    1598       1.1083
    1599       1.0590
    1600       1.0761
    1601       1.0604
    1602       1.0609
    1603       1.0154
    1604       1.0529
    1605       1.0723
    1606       1.0342
    1607       1.0100
    1608       1.0511
    1609       1.0251
    1610       1.0477
    1611       1.1026
    1612       1.1131
    1613       1.1523
    1614       1.1686
    1615       1.0446
    1616       1.0487
    1617       1.1479
    1618       1.1453
    1619       1.0873
    1620       1.0387
    1621       1.0954
    1622       1.0265
    1623       1.1075
    1624       1.0755
    1625       1.0929
    1626       1.0731
    1627       1.0993
    1628       1.0961
    1629       1.1039
    1630       1.1468
    1631       1.0914
    1632       1.0757
    1633       1.0347
    1634       1.0784
    1635       1.0989
    1636       1.1778
    1637       1.1661
    1638       1.2168
    1639       1.2185
    1640       1.2467
    1641       1.1539
    1642       1.1362
    1643       1.1558
    1644       1.1739
    1645       1.1348
    1646       1.0790
    1647       1.0662
    1648       1.0642
    1649       1.1334
    1650       1.0360
    1651       1.0509
    1652       1.0039
    1653       1.1000
    1654       1.0836
    1655       1.1350
    1656       1.1222
    1657       1.1986
    1658       1.1502
    1659       1.2530
    1660       1.1556
    1661       1.1330
    1662       1.1759
    1663       1.1865
    1664       1.2139
    1665       1.1931
    1666       1.1975
    1667       1.1064
    1668       1.1555
    1669       1.1304
    1670       1.1488
    1671       1.2304
    1672       1.1690
    1673       1.1325
    1674       1.1536
    1675       1.1779
    1676       1.2387
    1677       1.2559
    1678       1.2281
    1679       1.2673
    1680       1.2842
    1681       1.3442
    1682       1.2909
    1683       1.3323
    1684       1.3228
    1685       1.2557
    1686       1.3237
    1687       1.2538
    1688       1.2667
    1689       1.2441
    1690       1.2274
    1691       1.2556
    1692       1.1662
    1693       1.1951
    1694       1.2345
    1695       1.2858
    1696       1.3304
    1697       1.2171
    1698       1.1720
    1699       1.3123
    1700       1.3032
    1701       1.3467
    1702       1.3131
    1703       1.3518
    1704       1.3698
    1705       1.3601
    1706       1.4011
    1707       1.3935
    1708       1.2964
    1709       1.2677
    1710       1.2521
    1711       1.2090
    1712       1.2653
    1713       1.2936
    1714       1.2354
    1715       1.2348
    1716       1.1983
    1717       1.1996
    1718       1.2566
    1719       1.2190
    1720       1.1919
    1721       1.1654
    1722       1.1795
    1723       1.2112
    1724       1.2429
    1725       1.2842
    1726       1.2813
    1727       1.2549
    1728       1.2286
    1729       1.2667
    1730       1.2155
    1731       1.1774
    1732       1.2293
    1733       1.2894
    1734       1.2575
    1735       1.2505
    1736       1.2304
    1737       1.1900
    1738       1.2418
    1739       1.1997
    1740       1.2222
    1741       1.1942
    1742       1.1942
    1743       1.2373
    1744       1.3106
    1745       1.2726
    1746       1.2663
    1747       1.2071
    1748       1.2515
    1749       1.2568
    1750       1.2265
    1751       1.2354
    1752       1.1939
    1753       1.2885
    1754       1.2506
    1755       1.2442
    1756       1.2875
    1757       1.2452
    1758       1.2815
    1759       1.2686
    1760       1.3307
    1761       1.3213
    1762       1.3024
    1763       1.2990
    1764       1.1868
    1765       1.2180
    1766       1.2762
    1767       1.2456
    1768       1.2360
    1769       1.1732
    1770       1.2556
    1771       1.2202
    1772       1.2612
    1773       1.2421
    1774       1.2270
    1775       1.2380
    1776       1.2761
    1777       1.2435
    1778       1.2468
    1779       1.3108
    1780       1.1856
    1781       1.1967
    1782       1.2478
    1783       1.2718
    1784       1.2967
    1785       1.3433
    1786       1.2989
    1787       1.2588
    1788       1.2163
    1789       1.2312
    1790       1.1975
    1791       1.1980
    1792       1.2260
    1793       1.2257
    1794       1.1673
    1795       1.1611
    1796       1.2133
    1797       1.2625
    1798       1.2273
    1799       1.1544
    1800       1.1478
    1801       1.1708
    1802       1.1085
    1803       1.1190
    1804       1.1445
    1805       1.0915
    1806       1.1785
    1807       1.1261
    1808       1.1033
    1809       1.1535
    1810       1.1639
    1811       1.1884
    1812       1.1740
    1813       1.1505
    1814       1.1499
    1815       1.1523
    1816       1.1155
    1817       1.1538
    1818       1.1486
    1819       1.1511
    1820       1.1452
    1821       1.1981
    1822       1.1667
    1823       1.1287
    1824       1.1257
    1825       1.1929
    1826       1.1645
    1827       1.1714
    1828       1.2070
    1829       1.3572
    1830       1.2832
    1831       1.2873
    1832       1.2277
    1833       1.2370
    1834       1.2205
    1835       1.1582
    1836       1.0863
    1837       1.1604
    1838       1.1667
    1839       1.1750
    1840       1.1936
    1841       1.1920
    1842       1.1268
    1843       1.1949
    1844       1.2413
    1845       1.2353
    1846       1.2426
    1847       1.3407
    1848       1.2305
    1849       1.2885
    1850       1.2583
    1851       1.2674
    1852       1.1891
    1853       1.2471
    1854       1.2764
    1855       1.3612
    1856       1.3526
    1857       1.3454
    1858       1.2774
    1859       1.3426
    1860       1.3218
    1861       1.2657
    1862       1.1649
    1863       1.1609
    1864       1.1779
    1865       1.1654
    1866       1.1392
    1867       1.1844
    1868       1.2090
    1869       1.2403
    1870       1.2381
    1871       1.1890
    1872       1.2050
    1873       1.1697
    1874       1.2842
    1875       1.3317
    1876       1.2047
    1877       1.1319
    1878       1.1768
    1879       1.2516
    1880       1.1895
    1881       1.2395
    1882       1.2639
    1883       1.2125
    1884       1.1387
    1885       1.1700
    1886       1.1439
    1887       1.1403
    1888       1.1354
    1889       1.2105
    1890       1.1778
    1891       1.2549
    1892       1.2198
    1893       1.2681
    1894       1.2591
    1895       1.1524
    1896       1.2286
    1897       1.2750
    1898       1.2687
    1899       1.2676
    1900       1.2200
    1901       1.2419
    1902       1.3087
    1903       1.3379
    1904       1.3734
    1905       1.2478
    1906       1.2520
    1907       1.2994
    1908       1.2934
    1909       1.2099
    1910       1.2515
    1911       1.2890
    1912       1.2930
    1913       1.2899
    1914       1.3827
    1915       1.2395
    1916       1.2828
    1917       1.2553
    1918       1.3365
    1919       1.3779
    1920       1.4002
    1921       1.4083
    1922       1.3980
    1923       1.3223
    1924       1.3348
    1925       1.2320
    1926       1.2394
    1927       1.2916
    1928       1.3052
    1929       1.2965
    1930       1.3328
    1931       1.3725
    1932       1.2600
    1933       1.3163
    1934       1.3262
    1935       1.2673
    1936       1.3118
    1937       1.2953
    1938       1.3136
    1939       1.2791
    1940       1.3266
    1941       1.2616
    1942       1.3154
    1943       1.3838
    1944       1.2799
    1945       1.2467
    1946       1.2186
    1947       1.1848
    1948       1.2393
    1949       1.2561
    1950       1.3012
    1951       1.2239
    1952       1.2816
    1953       1.2246
    1954       1.2877
    1955       1.3032
    1956       1.2885
    1957       1.2902
    1958       1.2791
    1959       1.2940
    1960       1.2445
    1961       1.3124
    1962       1.3160
    1963       1.2706
    1964       1.2980
    1965       1.2514
    1966       1.2894
    1967       1.2853
    1968       1.2792
    1969       1.2545
    1970       1.2192
    1971       1.2301
    1972       1.2392
    1973       1.3304
    1974       1.2297
    1975       1.3062
    1976       1.3095
    1977       1.2648
    1978       1.2788
    1979       1.2597
    1980       1.2295
    1981       1.2128
    1982       1.2346
    1983       1.2124
    1984       1.2360
    1985       1.2059
    1986       1.1438
    1987       1.2585
    1988       1.2394
    1989       1.2051
    1990       1.2610
    1991       1.2122
    1992       1.2585
    1993       1.2560
    1994       1.1948
    1995       1.1938
    1996       1.2146
    1997       1.2879
    1998       1.2259
    1999       1.2679
    2000       1.2732
    2001       1.1722
    2002       1.1017
    2003       1.2243
    2004       1.1570
    2005       1.2301
    2006       1.1821
    2007       1.1804
    2008       1.1957
    2009       1.1364
    2010       1.1578
    2011       1.1844
    2012       1.1775
    2013       1.1902
    2014       1.1746
    2015       1.1317
    2016       1.1945
    2017       1.2553
    2018       1.2121
    2019       1.2285
    2020       1.1778
    2021       1.1411
    2022       1.2602
    2023       1.1936
    2024       1.1834
    2025       1.1690
    2026       1.2242
    2027       1.1951
    2028       1.2351
    2029       1.2049
    2030       1.1924
    2031       1.1689
    2032       1.1889
    2033       1.2235
    2034       1.2278
    2035       1.2376
    2036       1.2805
    2037       1.2846
    2038       1.2501
    2039       1.2354
    2040       1.2379
    2041       1.2742
    2042       1.2133
    2043       1.2154
    2044       1.1716
    2045       1.2304
    2046       1.2170
    2047       1.2079
    2048       1.1541
    2049       1.1431
    2050       1.1134
    2051       1.1428
    2052       1.1877
    2053       1.1774
    2054       1.2379
    2055       1.2488
    2056       1.1670
    2057       1.1950
    2058       1.2427
    2059       1.2484
    2060       1.3323
    2061       1.2935
    2062       1.2191
    2063       1.2618
    2064       1.2506
    2065       1.2342
    2066       1.1786
    2067       1.2195
    2068       1.2551
    2069       1.2032
    2070       1.2918
    2071       1.2779
    2072       1.2752
    2073       1.2413
    2074       1.2307
    2075       1.2141
    2076       1.2751
    2077       1.2760
    2078       1.2899
    2079       1.2580
    2080       1.2516
    2081       1.2793
    2082       1.2512
    2083       1.4082
    2084       1.2356
    2085       1.2522
    2086       1.1913
    2087       1.2350
    2088       1.1764
    2089       1.1402
    2090       1.1425
    2091       1.1383
    2092       1.1672
    2093       1.1445
    2094       1.1819
    2095       1.2441
    2096       1.2557
    2097       1.2352
    2098       1.2608
    2099       1.2214
    2100       1.2284
    2101       1.2334
    2102       1.2005
    2103       1.1644
    2104       1.1869
    2105       1.2160
    2106       1.2093
    2107       1.2102
    2108       1.2748
    2109       1.2176
    2110       1.3477
    2111       1.3087
    2112       1.2223
    2113       1.2117
    2114       1.2348
    2115       1.3018
    2116       1.1975
    2117       1.1905
    2118       1.1821
    2119       1.1436
    2120       1.1489
    2121       1.1486
    2122       1.1721
    2123       1.1610
    2124       1.1647
    2125       1.2251
    2126       1.2522
    2127       1.2127
    2128       1.2117
    2129       1.2123
    2130       1.2447
    2131       1.2235
    2132       1.2582
    2133       1.2801
    2134       1.1835
    2135       1.2627
    2136       1.2519
    2137       1.2479
    2138       1.2360
    2139       1.2332
    2140       1.3268
    2141       1.3347
    2142       1.4790
    2143       1.4156
    2144       1.3507
    2145       1.2960
    2146       1.2695
    2147       1.3452
    2148       1.2950
    2149       1.3836
    2150       1.3177
    2151       1.2349
    2152       1.2911
    2153       1.3153
    2154       1.3115
    2155       1.2648
    2156       1.3029
    2157       1.2598
    2158       1.2182
    2159       1.2163
    2160       1.2160
    2161       1.2002
    2162       1.1631
    2163       1.1696
    2164       1.2019
    2165       1.2521
    2166       1.2058
    2167       1.2045
    2168       1.1924
    2169       1.2161
    2170       1.2160
    2171       1.2407
    2172       1.2538
    2173       1.1711
    2174       1.1496
    2175       1.1796
    2176       1.2097
    2177       1.2466
    2178       1.1964
    2179       1.1874
    2180       1.2577
    2181       1.2260
    2182       1.1846
    2183       1.1917
    2184       1.1600
    2185       1.2222
    2186       1.1831
    2187       1.2086
    2188       1.1894
    2189       1.1347
    2190       1.1450
    2191       1.2137
    2192       1.2129
    2193       1.2453
    2194       1.3312
    2195       1.2299
    2196       1.3316
    2197       1.2940
    2198       1.2564
    2199       1.1812
    2200       1.1860
    2201       1.2146
    2202       1.2504
    2203       1.2420
    2204       1.1848
    2205       1.1522
    2206       1.1701
    2207       1.1941
    2208       1.1494
    2209       1.1807
    2210       1.1915
    2211       1.2096
    2212       1.2061
    2213       1.1383
    2214       1.1713
    2215       1.1626
    2216       1.2065
    2217       1.2880
    2218       1.2888
    2219       1.3011
    2220       1.2190
    2221       1.2225
    2222       1.2020
    2223       1.2173
    2224       1.2843
    2225       1.2341
    2226       1.2279
    2227       1.2185
    2228       1.2403
    2229       1.2943
    2230       1.2841
    2231       1.2552
    2232       1.2337
    2233       1.2713
    2234       1.2841
    2235       1.2186
    2236       1.1997
    2237       1.1782
    2238       1.2243
    2239       1.2253
    2240       1.2537
    2241       1.1449
    2242       1.1749
    2243       1.1954
    2244       1.1714
    2245       1.1768
    2246       1.1241
    2247       1.1517
    2248       1.1744
    2249       1.2044
    2250       1.1592
    2251       1.1230
    2252       1.0927
    2253       1.1854
    2254       1.1391
    2255       1.1920
    2256       1.2366
    2257       1.1957
    2258       1.2530
    2259       1.2143
    2260       1.2168
    2261       1.1944
    2262       1.1408
    2263       1.2029
    2264       1.1945
    2265       1.2532
    2266       1.3143
    2267       1.3057
    2268       1.2821
    2269       1.2588
    2270       1.2275
    2271       1.1903
    2272       1.2229
    2273       1.1639
    2274       1.2118
    2275       1.2707
    2276       1.2325
    2277       1.1894
    2278       1.2278
    2279       1.2225
    2280       1.1443
    2281       1.2752
    2282       1.1679
    2283       1.2072
    2284       1.2158
    2285       1.2470
    2286       1.1891
    2287       1.1975
    2288       1.1875
    2289       1.2044
    2290       1.2038
    2291       1.2387
    2292       1.2498
    2293       1.2488
    2294       1.2475
    2295       1.2856
    2296       1.2326
    2297       1.3243
    2298       1.2545
    2299       1.2252
    2300       1.2203
    2301       1.1626
    2302       1.1688
    2303       1.2329
    2304       1.1593
    2305       1.2740
    2306       1.2301
    2307       1.2392
    2308       1.2293
    2309       1.2394
    2310       1.2046
    2311       1.2678
    2312       1.2693
    2313       1.2095
    2314       1.1970
    2315       1.1905
    2316       1.1098
    2317       1.1027
    2318       1.2482
    2319       1.2592
    2320       1.1788
    2321       1.2198
    2322       1.2172
    2323       1.1628
    2324       1.2620
    2325       1.1977
    2326       1.2558
    2327       1.2615
    2328       1.2388
    2329       1.2435
    2330       1.2839
    2331       1.2381
    2332       1.2239
    2333       1.1915
    2334       1.2542
    2335       1.2688
    2336       1.2883
    2337       1.2457
    2338       1.2433
    2339       1.2061
    2340       1.1808
    2341       1.1960
    2342       1.1291
    2343       1.1365
    2344       1.2411
    2345       1.2306
    2346       1.1589
    2347       1.2098
    2348       1.1925
    2349       1.1898
    2350       1.1438
    2351       1.1170
    2352       1.1311
    2353       1.1540
    2354       1.2103
    2355       1.1673
    2356       1.1675
    2357       1.0896
    2358       1.1740
    2359       1.1216
    2360       1.1720
    2361       1.1884
    2362       1.2059
    2363       1.2105
    2364       1.1603
    2365       1.1747
    2366       1.1901
    2367       1.1828
    2368       1.2425
    2369       1.2511
    2370       1.2216
    2371       1.2463
    2372       1.2695
    2373       1.2523
    2374       1.2191
    2375       1.2304
    2376       1.2753
    2377       1.2321
    2378       1.3065
    2379       1.2986
    2380       1.3236
    2381       1.3236
    2382       1.3092
    2383       1.2541
    2384       1.2600
    2385       1.2513
    2386       1.2632
    2387       1.1798
    2388       1.2360
    2389       1.3152
    2390       1.2819
    2391       1.3064
    2392       1.3747
    2393       1.3717
    2394       1.3129
    2395       1.3374
    2396       1.3727
    2397       1.4213
    2398       1.4728
    2399       1.4310
    2400       1.4376
    2401       1.3958
    2402       1.4759
    2403       1.3921
    2404       1.4628
    2405       1.3818
    2406       1.3956
    2407       1.3653
    2408       1.3325
    2409       1.3618
    2410       1.3406
    2411       1.3619
    2412       1.2844
    2413       1.3752
    2414       1.2698
    2415       1.2529
    2416       1.2612
    2417       1.3495
    2418       1.3853
    2419       1.3684
    2420       1.3555
    2421       1.3185
    2422       1.3273
    2423       1.4019
    2424       1.3739
    2425       1.4777
    2426       1.4479
    2427       1.3722
    2428       1.4062
    2429       1.3423
    2430       1.2500
    2431       1.2091
    2432       1.3371
    2433       1.2767
    2434       1.3194
    2435       1.3486
    2436       1.2963
    2437       1.3116
    2438       1.2451
    2439       1.2167
    2440       1.2379
    2441       1.2467
    2442       1.2721
    2443       1.4191
    2444       1.3723
    2445       1.3217
    2446       1.4078
    2447       1.3111
    2448       1.3602
    2449       1.2923
    2450       1.3170
    2451       1.2642
    2452       1.3016
    2453       1.3593
    2454       1.3444
    2455       1.3423
    2456       1.3301
    2457       1.3528
    2458       1.3078
    2459       1.3162
    2460       1.2422
    2461       1.2108
    2462       1.2780
    2463       1.2972
    2464       1.3233
    2465       1.3572
    2466       1.3341
    2467       1.2902
    2468       1.2990
    2469       1.2766
    2470       1.3509
    2471       1.3805
    2472       1.2866
    2473       1.2888
    2474       1.3487
    2475       1.2641
    2476       1.2886
    2477       1.1837
    2478       1.1603
    2479       1.1826
    2480       1.1671
    2481       1.1652
    2482       1.1637
    2483       1.1850
    2484       1.1936
    2485       1.2089
    2486       1.2072
    2487       1.2062
    2488       1.2246
    2489       1.1974
    2490       1.1596
    2491       1.1823
    2492       1.2020
    2493       1.1661
    2494       1.1818
    2495       1.2100
    2496       1.2029
    2497       1.2293
    2498       1.2628
    2499       1.2218
    2500       1.1795
    2501       1.2640
    2502       1.3127
    2503       1.2650
    2504       1.2330
    2505       1.2274
    2506       1.1844
    2507       1.1350
    2508       1.2075
    2509       1.1944
    2510       1.1893
    2511       1.1877
    2512       1.1908
    2513       1.1447
    2514       1.1955
    2515       1.2092
    2516       1.1541
    2517       1.2003
    2518       1.2030
    2519       1.2298
    2520       1.2157
    2521       1.2063
    2522       1.2155
    2523       1.2032
    2524       1.2114
    2525       1.2019
    2526       1.1955
    2527       1.2617
    2528       1.2445
    2529       1.2371
    2530       1.2953
    2531       1.2782
    2532       1.3292
    2533       1.2926
    2534       1.3734
    2535       1.3286
    2536       1.3291
    2537       1.3350
    2538       1.2860
    2539       1.3484
    2540       1.2861
    2541       1.2932
    2542       1.1827
    2543       1.2194
    2544       1.3773
    2545       1.2884
    2546       1.2877
    2547       1.2611
    2548       1.2691
    2549       1.2898
    2550       1.2077
    2551       1.2277
    2552       1.1881
    2553       1.2289
    2554       1.2143
    2555       1.2164
    2556       1.1287
    2557       1.2066
    2558       1.1489
    2559       1.1244
    2560       1.1672
    2561       1.2024
    2562       1.1631
    2563       1.2329
    2564       1.3300
    2565       1.1928
    2566       1.2035
    2567       1.2276
    2568       1.2312
    2569       1.1869
    2570       1.2648
    2571       1.2613
    2572       1.4325
    2573       1.3156
    2574       1.3252
    2575       1.3644
    2576       1.2411
    2577       1.2549
    2578       1.2750
    2579       1.2412
    2580       1.2379
    2581       1.2752
    2582       1.2131
    2583       1.2145
    2584       1.2270
    2585       1.2348
    2586       1.2279
    2587       1.2239
    2588       1.1476
    2589       1.2523
    2590       1.2164
    2591       1.3249
    2592       1.3019
    2593       1.2366
    2594       1.2165
    2595       1.1852
    2596       1.2241
    2597       1.2911
    2598       1.3499
    2599       1.3829
    2600       1.2395
    2601       1.1952
    2602       1.2276
    2603       1.1913
    2604       1.2484
    2605       1.2052
    2606       1.2336
    2607       1.2198
    2608       1.2658
    2609       1.2343
    2610       1.2431
    2611       1.2096
    2612       1.2025
    2613       1.1602
    2614       1.2029
    2615       1.2292
    2616       1.2300
    2617       1.2445
    2618       1.1735
    2619       1.1824
    2620       1.2375
    2621       1.2864
    2622       1.2929
    2623       1.2461
    2624       1.1732
    2625       1.2098
    2626       1.1525
    2627       1.1368
    2628       1.1273
    2629       1.1275
    2630       1.1851
    2631       1.1663
    2632       1.1503
    2633       1.1648
    2634       1.1715
    2635       1.2310
    2636       1.2399
    2637       1.1573
    2638       1.1575
    2639       1.1699
    2640       1.1885
    2641       1.1452
    2642       1.1300
    2643       1.2283
    2644       1.1445
    2645       1.2422
    2646       1.1607
    2647       1.1823
    2648       1.1877
    2649       1.1566
    2650       1.1175
    2651       1.1657
    2652       1.1890
    2653       1.1781
    2654       1.1985
    2655       1.1521
    2656       1.1958
    2657       1.1637
    2658       1.1991
    2659       1.1663
    2660       1.1874
    2661       1.1748
    2662       1.1687
    2663       1.1340
    2664       1.1943
    2665       1.2081
    2666       1.2863
    2667       1.2609
    2668       1.2439
    2669       1.2768
    2670       1.2987
    2671       1.3057
    2672       1.2907
    2673       1.3154
    2674       1.3040
    2675       1.2796
    2676       1.2376
    2677       1.3249
    2678       1.3572
    2679       1.3045
    2680       1.2332
    2681       1.2516
    2682       1.3227
    2683       1.2747
    2684       1.1913
    2685       1.2066
    2686       1.2694
    2687       1.2795
    2688       1.2538
    2689       1.2099
    2690       1.2095
    2691       1.2129
    2692       1.2835
    2693       1.2927
    2694       1.2696
    2695       1.1562
    2696       1.1178
    2697       1.2064
    2698       1.2241
    2699       1.2473
    2700       1.1997
    2701       1.2003
    2702       1.1445
    2703       1.1926
    2704       1.2177
    2705       1.1797
    2706       1.2158
    2707       1.1560
    2708       1.1999
    2709       1.2050
    2710       1.1859
    2711       1.1167
    2712       1.1701
    2713       1.2342
    2714       1.2434
    2715       1.2429
    2716       1.3467
    2717       1.2494
    2718       1.2007
    2719       1.2047
    2720       1.1248
    2721       1.1450
    2722       1.1804
    2723       1.2367
    2724       1.1972
    2725       1.1675
    2726       1.1561
    2727       1.2009
    2728       1.2274
    2729       1.2858
    2730       1.2402
    2731       1.2540
    2732       1.2855
    2733       1.1264
    2734       1.1718
    2735       1.1378
    2736       1.1256
    2737       1.0848
    2738       1.1371
    2739       1.1265
    2740       1.1661
    2741       1.1143
    2742       1.0854
    2743       1.1146
    2744       1.1271
    2745       1.1751
    2746       1.2615
    2747       1.2682
    2748       1.2354
    2749       1.2285
    2750       1.3340
    2751       1.3603
    2752       1.3532
    2753       1.2773
    2754       1.2694
    2755       1.3276
    2756       1.2526
    2757       1.2166
    2758       1.1911
    2759       1.2373
    2760       1.2572
    2761       1.2241
    2762       1.1882
    2763       1.1893
    2764       1.2058
    2765       1.1831
    2766       1.1694
    2767       1.1051
    2768       1.1486
    2769       1.1878
    2770       1.2185
    2771       1.2429
    2772       1.2630
    2773       1.2851
    2774       1.3845
    2775       1.3372
    2776       1.2934
    2777       1.1784
    2778       1.1340
    2779       1.1826
    2780       1.1330
    2781       1.1308
    2782       1.2094
    2783       1.1580
    2784       1.1919
    2785       1.1730
    2786       1.1411
    2787       1.2209
    2788       1.2248
    2789       1.1464
    2790       1.2122
    2791       1.2654
    2792       1.2389
    2793       1.2355
    2794       1.2339
    2795       1.2053
    2796       1.2282
    2797       1.2206
    2798       1.1543
    2799       1.1354
    2800       1.2433
    2801       1.2848
    2802       1.2480
    2803       1.1661
    2804       1.1726
    2805       1.1663
    2806       1.1737
    2807       1.1747
    2808       1.2019
    2809       1.1863
    2810       1.2374
    2811       1.2856
    2812       1.2242
    2813       1.2037
    2814       1.1836
    2815       1.1480
    2816       1.2209
    2817       1.2219
    2818       1.3209
    2819       1.2924
    2820       1.2229
    2821       1.1729
    2822       1.1605
    2823       1.1756
    2824       1.1953
    2825       1.2871
    2826       1.2763
    2827       1.3607
    2828       1.2986
    2829       1.2978
    2830       1.2286
    2831       1.2475
    2832       1.2220
    2833       1.2212
    2834       1.2226
    2835       1.3083
    2836       1.2805
    2837       1.1948
    2838       1.2826
    2839       1.2852
    2840       1.2528
    2841       1.2510
    2842       1.2655
    2843       1.2970
    2844       1.1920
    2845       1.2632
    2846       1.3166
    2847       1.2555
    2848       1.2342
    2849       1.2355
    2850       1.2200
    2851       1.2161
    2852       1.2245
    2853       1.2859
    2854       1.3270
    2855       1.3082
    2856       1.3724
    2857       1.3314
    2858       1.2971
    2859       1.2444
    2860       1.2871
    2861       1.2552
    2862       1.2490
    2863       1.2321
    2864       1.3484
    2865       1.2868
    2866       1.2606
    2867       1.3215
    2868       1.3327
    2869       1.3150
    2870       1.3676
    2871       1.2805
    2872       1.2621
    2873       1.2645
    2874       1.2707
    2875       1.2052
    2876       1.2730
    2877       1.2804
    2878       1.2363
    2879       1.2108
    2880       1.2006
    2881       1.2425
    2882       1.1977
    2883       1.1189
    2884       1.1141
    2885       1.0556
    2886       1.0877
    2887       1.1757
    2888       1.1476
    2889       1.1592
    2890       1.2309
    2891       1.3557
    2892       1.2746
    2893       1.1855
    2894       1.1628
    2895       1.2658
    2896       1.2562
    2897       1.3348
    2898       1.3492
    2899       1.2989
    2900       1.2412
    2901       1.2115
    2902       1.2704
    2903       1.1880
    2904       1.1163
    2905       1.1297
    2906       1.1592
    2907       1.2188
    2908       1.1958
    2909       1.1229
    2910       1.1852
    2911       1.2114
    2912       1.1901
    2913       1.2482
    2914       1.3428
    2915       1.3292
    2916       1.2844
    2917       1.3197
    2918       1.3123
    2919       1.2130
    2920       1.2016
    2921       1.1805
    2922       1.2246
    2923       1.2787
    2924       1.2260
    2925       1.1315
    2926       1.1883
    2927       1.1724
    2928       1.0953
    2929       1.1727
    2930       1.1969
    2931       1.2240
    2932       1.1821
    2933       1.1973
    2934       1.1731
    2935       1.0890
    2936       1.1149
    2937       1.1606
    2938       1.1115
    2939       1.0859
    2940       1.1512
    2941       1.1077
    2942       1.1658
    2943       1.1519
    2944       1.1297
    2945       1.1779
    2946       1.1358
    2947       1.1853
    2948       1.1222
    2949       1.1614
    2950       1.1909
    2951       1.1348
    2952       1.1316
    2953       1.1759
    2954       1.1929
    2955       1.2240
    2956       1.2142
    2957       1.2115
    2958       1.1475
    2959       1.1997
    2960       1.1327
    2961       1.0710
    2962       1.1568
    2963       1.1803
    2964       1.1738
    2965       1.2004
    2966       1.1458
    2967       1.0963
    2968       1.1395
    2969       1.0836
    2970       1.0473
    2971       0.9822
    2972       1.0146
    2973       1.0295
    2974       1.0649
    2975       1.0384
    2976       1.0268
    2977       1.0879
    2978       1.1390
    2979       1.0974
    2980       1.0894
    2981       1.1119
    2982       1.1550
    2983       1.1277
    2984       1.0510
    2985       1.1603
    2986       1.1955
    2987       1.1903
    2988       1.1372
    2989       1.1689
    2990       1.2306
    2991       1.2144
    2992       1.1358
    2993       1.1208
    2994       1.1475
    2995       1.1449
    2996       1.1967
    2997       1.0694
    2998       1.1206
    2999       1.0852
    3000       1.0778
    3001       1.0936
    3002       1.1166
    3003       1.1339
    3004       1.1299
    3005       1.1083
    3006       1.1200
    3007       1.1203
    3008       1.0289
    3009       1.0394
    3010       1.0389
    3011       1.0429
    3012       1.0786
    3013       1.1053
    3014       1.1142
    3015       1.0620
    3016       1.0857
    3017       1.0928
    3018       1.2019
    3019       1.1740
    3020       1.1342
    3021       1.2097
    3022       1.1526
    3023       1.1108
    3024       1.1460
    3025       1.1250
    3026       1.0875
    3027       1.1021
    3028       1.0841
    3029       1.1125
    3030       1.1095
    3031       1.0548
    3032       1.0194
    3033       1.0758
    3034       1.1012
    3035       1.0605
    3036       1.0618
    3037       1.0778
    3038       1.0040
    3039       1.0549
    3040       1.1198
    3041       1.1336
    3042       1.1404
    3043       1.1382
    3044       1.1660
    3045       1.1609
    3046       1.1310
    3047       1.1308
    3048       1.1805
    3049       1.1449
    3050       1.0872
    3051       1.1654
    3052       1.0894
    3053       1.0504
    3054       1.1126
    3055       1.2448
    3056       1.1410
    3057       1.1732
    3058       1.1165
    3059       1.0618
    3060       1.0336
    3061       1.0452
    3062       1.0794
    3063       1.1127
    3064       1.0299
    3065       1.1080
    3066       1.0166
    3067       1.0191
    3068       0.9961
    3069       0.9397
    3070       1.0684
    3071       1.0668
    3072       1.0886
    3073       1.0796
    3074       1.1171
    3075       1.0966
    3076       1.1628
    3077       1.1551
    3078       1.1879
    3079       1.2262
    3080       1.2311
    3081       1.2547
    3082       1.3026
    3083       1.1856
    3084       1.1865
    3085       1.1618
    3086       1.1601
    3087       1.1528
    3088       1.2132
    3089       1.1377
    3090       1.1381
    3091       1.2166
    3092       1.1352
    3093       1.1265
    3094       1.1598
    3095       1.2641
    3096       1.2106
    3097       1.1767
    3098       1.1907
    3099       1.1582
    3100       1.0992
    3101       1.1485
    3102       1.0752
    3103       1.0523
    3104       1.0946
    3105       1.0933
    3106       1.1878
    3107       1.1948
    3108       1.1725
    3109       1.2203
    3110       1.1040
    3111       1.2132
    3112       1.2193
    3113       1.1355
    3114       1.1608
    3115       1.2298
    3116       1.2016
    3117       1.1845
    3118       1.3065
    3119       1.2557
    3120       1.2708
    3121       1.2192
    3122       1.3242
    3123       1.2637
    3124       1.1887
    3125       1.2371
