#Frame     RMSD_00001
       1       0.0000
       2       0.6304
       3       0.7424
       4       0.7758
       5       0.7308
       6       0.8575
       7       0.8422
       8       0.8978
       9       0.9296
      10       0.9345
      11       0.8803
      12       0.8046
      13       0.8170
      14       0.8539
      15       0.8900
      16       0.9654
      17       0.9381
      18       0.9922
      19       0.8826
      20       1.0144
      21       0.9259
      22       0.8617
      23       1.0035
      24       0.9854
      25       0.9828
      26       0.9616
      27       1.0364
      28       1.0347
      29       0.9911
      30       1.0525
      31       0.9171
      32       0.9937
      33       0.9204
      34       0.9473
      35       0.9945
      36       0.9480
      37       0.9305
      38       0.9377
      39       0.8662
      40       0.8906
      41       0.8843
      42       0.9275
      43       0.9248
      44       0.9352
      45       0.9753
      46       0.9383
      47       1.0079
      48       1.0149
      49       0.8889
      50       0.9896
      51       1.0222
      52       1.0275
      53       1.0479
      54       1.0686
      55       1.0787
      56       1.0644
      57       1.0288
      58       0.9761
      59       0.9879
      60       0.9828
      61       1.0162
      62       1.0549
      63       1.0184
      64       1.1271
      65       1.1445
      66       1.1503
      67       1.0687
      68       1.0766
      69       1.1270
      70       1.0784
      71       1.0527
      72       1.1698
      73       1.1624
      74       1.2457
      75       1.1601
      76       1.2374
      77       1.3135
      78       1.3347
      79       1.3301
      80       1.3813
      81       1.3521
      82       1.3455
      83       1.2610
      84       1.1832
      85       1.3035
      86       1.3519
      87       1.3269
      88       1.1934
      89       1.2930
      90       1.1873
      91       1.1791
      92       1.2086
      93       1.1934
      94       1.2166
      95       1.2486
      96       1.3263
      97       1.1915
      98       1.0890
      99       1.0540
     100       1.1434
     101       1.1234
     102       1.1574
     103       1.0590
     104       1.0912
     105       1.1152
     106       1.1670
     107       1.1073
     108       1.1744
     109       1.1607
     110       1.2986
     111       1.2664
     112       1.2312
     113       1.3545
     114       1.3904
     115       1.3123
     116       1.3248
     117       1.2456
     118       1.3586
     119       1.3312
     120       1.3034
     121       1.3310
     122       1.2772
     123       1.1849
     124       1.2065
     125       1.2949
     126       1.3758
     127       1.4407
     128       1.3127
     129       1.2482
     130       1.3448
     131       1.1314
     132       1.1898
     133       1.2588
     134       1.2018
     135       1.1552
     136       1.2668
     137       1.3102
     138       1.3259
     139       1.3249
     140       1.2642
     141       1.2651
     142       1.3265
     143       1.2317
     144       1.1319
     145       1.1106
     146       1.1602
     147       1.1849
     148       1.2250
     149       1.1867
     150       1.1097
     151       1.0920
     152       1.0943
     153       1.0887
     154       1.1067
     155       1.1168
     156       1.0519
     157       1.1004
     158       1.1513
     159       1.1487
     160       1.0987
     161       1.0055
     162       0.9641
     163       0.9993
     164       0.9993
     165       0.8957
     166       0.9479
     167       0.9527
     168       0.9559
     169       1.0274
     170       1.0045
     171       1.0371
     172       1.0221
     173       0.9802
     174       0.9823
     175       1.0435
     176       1.1129
     177       1.1817
     178       1.2619
     179       1.2939
     180       1.4306
     181       1.3864
     182       1.3966
     183       1.3057
     184       1.2455
     185       1.3323
     186       1.3476
     187       1.2776
     188       1.3391
     189       1.3290
     190       1.3638
     191       1.2625
     192       1.2773
     193       1.3415
     194       1.3944
     195       1.2486
     196       1.2577
     197       1.2975
     198       1.1490
     199       1.2331
     200       1.1550
     201       1.1579
     202       1.2275
     203       1.0925
     204       1.1195
     205       1.1568
     206       1.1815
     207       1.1739
     208       1.1815
     209       1.0849
     210       1.0753
     211       1.1150
     212       1.0261
     213       1.0181
     214       1.0485
     215       1.0882
     216       1.1755
     217       1.0936
     218       1.0116
     219       1.1115
     220       1.0247
     221       1.1099
     222       1.0640
     223       1.0399
     224       1.0615
     225       1.0460
     226       1.0270
     227       1.0682
     228       1.1339
     229       1.1585
     230       1.2047
     231       1.2440
     232       1.1624
     233       1.1648
     234       1.0796
     235       1.1291
     236       1.1433
     237       1.0743
     238       1.0059
     239       1.0150
     240       1.0536
     241       1.0032
     242       0.9954
     243       0.9677
     244       0.9528
     245       0.9695
     246       0.9766
     247       1.0459
     248       1.0328
     249       1.0105
     250       1.0435
     251       1.0337
     252       1.0883
     253       1.0923
     254       1.1342
     255       1.0879
     256       1.1209
     257       1.1091
     258       1.0315
     259       1.0518
     260       0.9871
     261       1.0223
     262       1.0304
     263       1.0753
     264       1.1395
     265       1.2471
     266       1.2262
     267       1.1973
     268       1.1202
     269       1.1174
     270       1.0495
     271       1.0540
     272       1.0603
     273       1.0760
     274       1.1031
     275       1.1223
     276       1.1121
     277       1.1344
     278       1.1444
     279       1.0666
     280       1.0668
     281       1.1032
     282       1.0790
     283       1.0687
     284       1.0150
     285       1.0348
     286       1.0013
     287       1.0327
     288       1.0767
     289       1.0407
     290       1.1766
     291       1.1054
     292       1.0658
     293       1.0947
     294       1.0538
     295       1.0179
     296       0.9634
     297       1.0121
     298       1.0159
     299       1.0970
     300       1.0962
     301       1.1402
     302       1.1265
     303       1.0780
     304       1.0806
     305       1.0934
     306       1.0674
     307       1.0587
     308       1.0341
     309       1.0188
     310       1.0718
     311       1.0774
     312       1.0608
     313       1.0194
     314       1.0254
     315       1.0788
     316       1.0883
     317       1.0685
     318       1.1216
     319       1.1787
     320       1.1312
     321       1.2550
     322       1.2414
     323       1.1620
     324       1.2282
     325       1.1419
     326       1.1726
     327       1.3720
     328       1.3463
     329       1.1368
     330       1.1849
     331       1.1565
     332       1.0634
     333       1.0315
     334       1.1322
     335       1.1489
     336       1.1135
     337       1.1535
     338       1.1455
     339       1.1619
     340       1.0497
     341       1.0858
     342       1.0207
     343       1.0776
     344       1.0345
     345       1.0584
     346       1.0101
     347       1.0691
     348       1.0475
     349       1.0676
     350       1.0527
     351       1.1351
     352       1.1816
     353       1.2420
     354       1.2237
     355       1.1375
     356       1.1795
     357       1.2448
     358       1.2523
     359       1.2770
     360       1.2568
     361       1.2023
     362       1.2961
     363       1.2088
     364       1.0899
     365       1.2262
     366       1.3364
     367       1.3248
     368       1.3738
     369       1.2959
     370       1.1276
     371       1.1529
     372       1.2396
     373       1.1999
     374       1.2303
     375       1.3863
     376       1.3303
     377       1.2060
     378       1.2256
     379       1.2267
     380       1.3106
     381       1.2924
     382       1.1912
     383       1.2540
     384       1.3280
     385       1.3783
     386       1.3874
     387       1.3190
     388       1.3192
     389       1.3442
     390       1.3169
     391       1.3623
     392       1.3139
     393       1.3069
     394       1.2580
     395       1.2409
     396       1.2783
     397       1.2335
     398       1.2143
     399       1.2364
     400       1.1771
     401       1.2457
     402       1.3427
     403       1.2309
     404       1.2209
     405       1.1833
     406       1.1657
     407       1.1562
     408       1.1699
     409       1.1381
     410       1.2116
     411       1.2122
     412       1.2282
     413       1.3511
     414       1.1817
     415       1.1505
     416       1.1445
     417       1.1077
     418       1.0217
     419       1.0677
     420       1.0495
     421       1.0783
     422       1.0553
     423       1.1052
     424       1.0356
     425       1.0292
     426       1.0948
     427       1.1110
     428       1.1301
     429       1.1221
     430       1.1712
     431       1.1847
     432       1.2499
     433       1.2347
     434       1.1272
     435       1.1272
     436       1.1757
     437       1.0827
     438       1.1468
     439       1.0818
     440       1.0505
     441       1.1749
     442       1.3008
     443       1.1974
     444       1.2176
     445       1.2608
     446       1.2536
     447       1.2261
     448       1.3235
     449       1.2820
     450       1.1995
     451       1.2654
     452       1.3515
     453       1.3380
     454       1.2604
     455       1.2620
     456       1.2060
     457       1.1278
     458       1.1537
     459       1.1314
     460       1.2211
     461       1.2256
     462       1.2280
     463       1.2138
     464       1.2314
     465       1.2484
     466       1.1866
     467       1.1540
     468       1.0478
     469       1.0916
     470       1.0947
     471       1.1357
     472       1.1186
     473       1.2295
     474       1.1324
     475       1.1333
     476       1.2069
     477       1.2249
     478       1.2176
     479       1.1831
     480       1.2253
     481       1.1608
     482       1.1547
     483       1.1230
     484       1.1754
     485       1.2549
     486       1.0676
     487       1.0553
     488       1.1897
     489       1.1878
     490       1.2561
     491       1.1865
     492       1.2829
     493       1.2336
     494       1.2321
     495       1.2245
     496       1.1912
     497       1.1630
     498       1.2536
     499       1.2875
     500       1.1980
     501       1.2142
     502       1.1698
     503       1.2305
     504       1.1792
     505       1.1712
     506       1.1385
     507       1.0331
     508       1.1466
     509       1.1407
     510       1.1832
     511       1.1720
     512       1.2169
     513       1.2183
     514       1.2824
     515       1.2955
     516       1.2955
     517       1.3243
     518       1.3729
     519       1.3057
     520       1.2689
     521       1.2600
     522       1.3820
     523       1.3574
     524       1.2874
     525       1.2258
     526       1.2842
     527       1.2389
     528       1.3318
     529       1.2979
     530       1.1801
     531       1.1963
     532       1.1875
     533       1.2665
     534       1.2886
     535       1.3080
     536       1.2831
     537       1.1981
     538       1.2357
     539       1.2944
     540       1.2978
     541       1.2668
     542       1.4026
     543       1.3663
     544       1.3322
     545       1.2675
     546       1.3060
     547       1.2076
     548       1.2800
     549       1.2715
     550       1.2331
     551       1.1774
     552       1.2608
     553       1.2570
     554       1.4550
     555       1.4135
     556       1.4033
     557       1.4278
     558       1.4945
     559       1.5993
     560       1.4472
     561       1.3229
     562       1.2503
     563       1.1522
     564       1.1906
     565       1.1440
     566       1.1610
     567       1.2830
     568       1.2163
     569       1.1497
     570       1.1371
     571       1.0479
     572       1.0942
     573       1.1110
     574       1.1059
     575       1.1310
     576       1.0397
     577       1.0945
     578       1.1797
     579       1.1516
     580       1.1394
     581       1.1721
     582       1.2245
     583       1.2064
     584       1.1982
     585       1.2123
     586       1.2526
     587       1.2351
     588       1.1171
     589       1.1352
     590       1.1891
     591       1.2217
     592       1.1913
     593       1.1387
     594       1.1758
     595       1.1570
     596       1.2025
     597       1.2921
     598       1.3068
     599       1.3153
     600       1.2738
     601       1.2385
     602       1.2106
     603       1.2784
     604       1.2184
     605       1.2400
     606       1.2241
     607       1.1924
     608       1.2200
     609       1.2085
     610       1.2281
     611       1.1990
     612       1.2156
     613       1.2310
     614       1.2142
     615       1.2725
     616       1.2037
     617       1.2648
     618       1.2760
     619       1.2743
     620       1.2543
     621       1.2456
     622       1.3091
     623       1.2960
     624       1.1996
     625       1.2973
     626       1.3413
     627       1.3866
     628       1.4110
     629       1.5087
     630       1.4869
     631       1.4233
     632       1.3465
     633       1.3057
     634       1.3311
     635       1.3754
     636       1.3356
     637       1.3101
     638       1.2363
     639       1.3140
     640       1.1662
     641       1.1599
     642       1.1969
     643       1.2791
     644       1.1641
     645       1.2475
     646       1.2295
     647       1.2584
     648       1.3991
     649       1.3330
     650       1.4536
     651       1.4287
     652       1.5133
     653       1.5627
     654       1.4330
     655       1.4115
     656       1.3070
     657       1.3521
     658       1.2852
     659       1.2729
     660       1.2666
     661       1.3341
     662       1.2834
     663       1.2900
     664       1.2872
     665       1.2468
     666       1.2267
     667       1.1903
     668       1.3140
     669       1.2757
     670       1.2374
     671       1.2219
     672       1.3239
     673       1.3645
     674       1.3576
     675       1.2293
     676       1.1992
     677       1.1566
     678       1.1286
     679       1.0644
     680       1.1067
     681       1.1108
     682       1.1329
     683       1.1322
     684       1.1642
     685       1.2408
     686       1.2600
     687       1.1689
     688       1.1729
     689       1.2799
     690       1.3314
     691       1.2638
     692       1.1717
     693       1.1631
     694       1.1889
     695       1.1732
     696       1.1280
     697       1.1836
     698       1.2299
     699       1.2346
     700       1.2141
     701       1.2283
     702       1.1895
     703       1.1278
     704       1.1653
     705       1.2234
     706       1.1472
     707       1.0997
     708       1.1668
     709       1.1545
     710       1.2121
     711       1.1441
     712       1.1789
     713       1.1948
     714       1.2380
     715       1.1556
     716       1.1676
     717       1.2082
     718       1.4161
     719       1.3070
     720       1.4172
     721       1.2235
     722       1.1416
     723       1.2580
     724       1.3148
     725       1.2256
     726       1.1693
     727       1.1416
     728       1.2744
     729       1.3512
     730       1.4007
     731       1.3411
     732       1.3491
     733       1.2622
     734       1.3348
     735       1.2767
     736       1.3495
     737       1.3099
     738       1.2644
     739       1.2080
     740       1.2035
     741       1.1781
     742       1.1144
     743       1.2080
     744       1.2998
     745       1.3676
     746       1.4149
     747       1.4611
     748       1.3626
     749       1.3834
     750       1.3380
     751       1.5535
     752       1.3288
     753       1.3196
     754       1.3010
     755       1.2917
     756       1.2632
     757       1.3522
     758       1.2739
     759       1.1754
     760       1.2350
     761       1.2340
     762       1.3303
     763       1.3795
     764       1.5012
     765       1.4519
     766       1.4394
     767       1.4434
     768       1.4595
     769       1.3946
     770       1.3481
     771       1.3652
     772       1.3668
     773       1.4056
     774       1.3443
     775       1.3864
     776       1.3654
     777       1.3749
     778       1.4386
     779       1.4569
     780       1.4486
     781       1.5745
     782       1.6042
     783       1.6505
     784       1.5542
     785       1.4547
     786       1.4461
     787       1.4639
     788       1.4283
     789       1.5387
     790       1.6353
     791       1.4923
     792       1.5093
     793       1.5973
     794       1.5427
     795       1.6834
     796       1.5463
     797       1.5036
     798       1.4200
     799       1.3493
     800       1.2428
     801       1.3882
     802       1.3802
     803       1.4413
     804       1.3795
     805       1.3803
     806       1.4389
     807       1.3274
     808       1.2509
     809       1.3261
     810       1.2261
     811       1.2242
     812       1.2979
     813       1.2081
     814       1.1799
     815       1.2724
     816       1.1741
     817       1.1444
     818       1.1690
     819       1.1170
     820       1.1086
     821       1.1822
     822       1.2244
     823       1.2084
     824       1.1639
     825       1.1551
     826       1.2164
     827       1.2773
     828       1.2885
     829       1.1988
     830       1.2454
     831       1.2546
     832       1.3736
     833       1.3306
     834       1.2345
     835       1.1749
     836       1.2383
     837       1.2385
     838       1.2136
     839       1.2402
     840       1.1957
     841       1.1683
     842       1.2074
     843       1.2330
     844       1.1804
     845       1.1604
     846       1.1517
     847       1.2202
     848       1.1633
     849       1.2454
     850       1.2245
     851       1.2256
     852       1.1693
     853       1.1880
     854       1.1550
     855       1.1532
     856       1.2065
     857       1.2298
     858       1.2092
     859       1.1533
     860       1.2458
     861       1.1981
     862       1.2772
     863       1.1612
     864       1.2010
     865       1.1412
     866       1.2366
     867       1.2105
     868       1.2174
     869       1.2097
     870       1.1793
     871       1.1300
     872       1.1616
     873       1.1495
     874       1.2888
     875       1.2623
     876       1.2071
     877       1.2323
     878       1.2709
     879       1.2473
     880       1.2629
     881       1.2285
     882       1.2379
     883       1.1946
     884       1.1921
     885       1.1861
     886       1.1858
     887       1.1781
     888       1.2201
     889       1.1943
     890       1.2441
     891       1.1967
     892       1.1605
     893       1.2020
     894       1.2299
     895       1.1891
     896       1.1864
     897       1.1017
     898       1.0929
     899       1.1273
     900       1.1083
     901       1.2529
     902       1.1873
     903       1.2631
     904       1.2211
     905       1.1883
     906       1.1605
     907       1.1180
     908       1.1258
     909       1.1365
     910       1.1830
     911       1.2164
     912       1.2356
     913       1.2467
     914       1.3100
     915       1.3989
     916       1.4327
     917       1.4133
     918       1.3765
     919       1.4502
     920       1.3561
     921       1.2812
     922       1.3421
     923       1.3546
     924       1.3828
     925       1.3547
     926       1.3400
     927       1.2724
     928       1.2777
     929       1.2563
     930       1.2816
     931       1.2123
     932       1.2890
     933       1.3545
     934       1.3016
     935       1.3192
     936       1.3477
     937       1.3827
     938       1.4096
     939       1.4938
     940       1.4035
     941       1.4940
     942       1.3850
     943       1.4173
     944       1.3567
     945       1.3567
     946       1.3367
     947       1.4050
     948       1.4269
     949       1.4377
     950       1.4645
     951       1.4750
     952       1.4002
     953       1.3566
     954       1.3579
     955       1.3746
     956       1.3930
     957       1.3664
     958       1.3800
     959       1.3968
     960       1.4371
     961       1.3626
     962       1.3093
     963       1.2727
     964       1.3351
     965       1.2194
     966       1.2934
     967       1.2455
     968       1.3441
     969       1.3069
     970       1.3409
     971       1.3576
     972       1.3559
     973       1.4526
     974       1.4457
     975       1.3778
     976       1.2885
     977       1.2413
     978       1.2465
     979       1.2311
     980       1.2205
     981       1.1958
     982       1.1875
     983       1.2739
     984       1.1882
     985       1.2634
     986       1.2080
     987       1.1859
     988       1.2233
     989       1.2689
     990       1.2681
     991       1.2543
     992       1.2861
     993       1.2797
     994       1.2317
     995       1.3079
     996       1.3177
     997       1.2954
     998       1.2377
     999       1.2701
    1000       1.2481
    1001       1.2889
    1002       1.2058
    1003       1.2344
    1004       1.2162
    1005       1.2434
    1006       1.2598
    1007       1.2370
    1008       1.2220
    1009       1.1808
    1010       1.1600
    1011       1.2145
    1012       1.1482
    1013       1.1861
    1014       1.1914
    1015       1.2749
    1016       1.2657
    1017       1.2417
    1018       1.2560
    1019       1.2428
    1020       1.3512
    1021       1.2953
    1022       1.2222
    1023       1.2945
    1024       1.3373
    1025       1.2179
    1026       1.1919
    1027       1.1051
    1028       1.2031
    1029       1.2211
    1030       1.3317
    1031       1.2745
    1032       1.2804
    1033       1.2185
    1034       1.2533
    1035       1.2827
    1036       1.3134
    1037       1.2701
    1038       1.3022
    1039       1.2655
    1040       1.2442
    1041       1.2721
    1042       1.2280
    1043       1.2464
    1044       1.1899
    1045       1.2837
    1046       1.3131
    1047       1.3148
    1048       1.2414
    1049       1.2789
    1050       1.2774
    1051       1.2881
    1052       1.2586
    1053       1.2480
    1054       1.2851
    1055       1.2657
    1056       1.2692
    1057       1.2435
    1058       1.2114
    1059       1.2398
    1060       1.2897
    1061       1.2458
    1062       1.3035
    1063       1.2914
    1064       1.2610
    1065       1.2765
    1066       1.2468
    1067       1.2620
    1068       1.1977
    1069       1.1984
    1070       1.2714
    1071       1.2738
    1072       1.2272
    1073       1.1915
    1074       1.1431
    1075       1.2189
    1076       1.2067
    1077       1.2288
    1078       1.3179
    1079       1.2624
    1080       1.1853
    1081       1.2567
    1082       1.2640
    1083       1.2181
    1084       1.2254
    1085       1.2040
    1086       1.2326
    1087       1.1430
    1088       1.1920
    1089       1.2420
    1090       1.2206
    1091       1.2086
    1092       1.1729
    1093       1.1528
    1094       1.1492
    1095       1.2654
    1096       1.1877
    1097       1.2099
    1098       1.1626
    1099       1.1376
    1100       1.1695
    1101       1.0636
    1102       1.1590
    1103       1.1268
    1104       1.1496
    1105       1.1868
    1106       1.1501
    1107       1.1433
    1108       1.0813
    1109       1.1152
    1110       1.1613
    1111       1.0977
    1112       1.1173
    1113       1.1032
    1114       1.1213
    1115       1.0791
    1116       1.1644
    1117       1.1890
    1118       1.1842
    1119       1.2141
    1120       1.3480
    1121       1.3017
    1122       1.2266
    1123       1.2085
    1124       1.2745
    1125       1.1739
    1126       1.2485
    1127       1.1990
    1128       1.1987
    1129       1.1732
    1130       1.1853
    1131       1.1301
    1132       1.0855
    1133       1.1555
    1134       1.1844
    1135       1.1909
    1136       1.1730
    1137       1.1348
    1138       1.1178
    1139       1.0990
    1140       1.1146
    1141       1.1729
    1142       1.1578
    1143       1.2789
    1144       1.2159
    1145       1.1244
    1146       1.1920
    1147       1.2369
    1148       1.2728
    1149       1.3254
    1150       1.2754
    1151       1.1606
    1152       1.3063
    1153       1.3251
    1154       1.2911
    1155       1.2933
    1156       1.3113
    1157       1.2483
    1158       1.2812
    1159       1.2350
    1160       1.2447
    1161       1.2305
    1162       1.2744
    1163       1.2033
    1164       1.2523
    1165       1.2386
    1166       1.2386
    1167       1.2771
    1168       1.2831
    1169       1.2814
    1170       1.2549
    1171       1.2761
    1172       1.2472
    1173       1.2487
    1174       1.1786
    1175       1.2115
    1176       1.2743
    1177       1.2406
    1178       1.1991
    1179       1.2240
    1180       1.2494
    1181       1.2365
    1182       1.2128
    1183       1.1818
    1184       1.2876
    1185       1.2820
    1186       1.3041
    1187       1.3414
    1188       1.3600
    1189       1.2941
    1190       1.3739
    1191       1.3154
    1192       1.2778
    1193       1.3820
    1194       1.3276
    1195       1.3146
    1196       1.2925
    1197       1.3245
    1198       1.4190
    1199       1.4004
    1200       1.3684
    1201       1.4809
    1202       1.4056
    1203       1.3353
    1204       1.4084
    1205       1.5038
    1206       1.4583
    1207       1.4361
    1208       1.3372
    1209       1.3959
    1210       1.3847
    1211       1.2994
    1212       1.2896
    1213       1.2957
    1214       1.3393
    1215       1.3214
    1216       1.4713
    1217       1.4587
    1218       1.3976
    1219       1.3706
    1220       1.3681
    1221       1.3451
    1222       1.3574
    1223       1.2699
    1224       1.3512
    1225       1.3830
    1226       1.4223
    1227       1.3831
    1228       1.4623
    1229       1.3714
    1230       1.4201
    1231       1.4750
    1232       1.3947
    1233       1.3499
    1234       1.4497
    1235       1.5925
    1236       1.5501
    1237       1.5005
    1238       1.5086
    1239       1.4810
    1240       1.4655
    1241       1.5166
    1242       1.5695
    1243       1.4409
    1244       1.5555
    1245       1.5540
    1246       1.4595
    1247       1.4157
    1248       1.4821
    1249       1.4267
    1250       1.4769
    1251       1.4388
    1252       1.4374
    1253       1.4966
    1254       1.5467
    1255       1.5158
    1256       1.5854
    1257       1.4719
    1258       1.4890
    1259       1.4174
    1260       1.4480
    1261       1.4173
    1262       1.4507
    1263       1.5606
    1264       1.5491
    1265       1.4015
    1266       1.4253
    1267       1.4217
    1268       1.4396
    1269       1.4615
    1270       1.4331
    1271       1.4025
    1272       1.4365
    1273       1.4613
    1274       1.4705
    1275       1.5194
    1276       1.6019
    1277       1.4792
    1278       1.5115
    1279       1.5045
    1280       1.4609
    1281       1.5234
    1282       1.4806
    1283       1.5657
    1284       1.5205
    1285       1.5451
    1286       1.4813
    1287       1.4760
    1288       1.4155
    1289       1.4037
    1290       1.4493
    1291       1.4790
    1292       1.4221
    1293       1.3791
    1294       1.3837
    1295       1.3447
    1296       1.3647
    1297       1.3027
    1298       1.4159
    1299       1.4347
    1300       1.3651
    1301       1.3663
    1302       1.4158
    1303       1.4282
    1304       1.3874
    1305       1.3726
    1306       1.3321
    1307       1.3402
    1308       1.3489
    1309       1.3819
    1310       1.3658
    1311       1.4362
    1312       1.4934
    1313       1.4499
    1314       1.4589
    1315       1.5688
    1316       1.4655
    1317       1.3911
    1318       1.3372
    1319       1.2900
    1320       1.2451
    1321       1.2589
    1322       1.3224
    1323       1.2366
    1324       1.2961
    1325       1.2404
    1326       1.1606
    1327       1.2384
    1328       1.2421
    1329       1.2614
    1330       1.2541
    1331       1.2567
    1332       1.2183
    1333       1.2561
    1334       1.1938
    1335       1.2192
    1336       1.3081
    1337       1.2040
    1338       1.1893
    1339       1.2208
    1340       1.1849
    1341       1.2267
    1342       1.1873
    1343       1.1838
    1344       1.2027
    1345       1.2433
    1346       1.1585
    1347       1.1032
    1348       1.2124
    1349       1.2023
    1350       1.3188
    1351       1.2531
    1352       1.3184
    1353       1.2274
    1354       1.2260
    1355       1.1960
    1356       1.2762
    1357       1.3309
    1358       1.3538
    1359       1.3453
    1360       1.3135
    1361       1.3947
    1362       1.3428
    1363       1.3995
    1364       1.4652
    1365       1.3473
    1366       1.3460
    1367       1.2416
    1368       1.2722
    1369       1.3669
    1370       1.2540
    1371       1.2683
    1372       1.3031
    1373       1.3819
    1374       1.3383
    1375       1.3210
    1376       1.3988
    1377       1.2867
    1378       1.3423
    1379       1.3191
    1380       1.3684
    1381       1.3322
    1382       1.3812
    1383       1.3658
    1384       1.3133
    1385       1.3573
    1386       1.3090
    1387       1.2746
    1388       1.2530
    1389       1.2969
    1390       1.2791
    1391       1.3823
    1392       1.3341
    1393       1.3603
    1394       1.2532
    1395       1.2487
    1396       1.3452
    1397       1.3423
    1398       1.3305
    1399       1.3087
    1400       1.2872
    1401       1.3037
    1402       1.2861
    1403       1.2603
    1404       1.2300
    1405       1.1542
    1406       1.1845
    1407       1.2033
    1408       1.2852
    1409       1.2890
    1410       1.2917
    1411       1.2741
    1412       1.3850
    1413       1.3205
    1414       1.3818
    1415       1.2809
    1416       1.3123
    1417       1.2030
    1418       1.2366
    1419       1.2617
    1420       1.2953
    1421       1.4098
    1422       1.4145
    1423       1.3668
    1424       1.4274
    1425       1.4020
    1426       1.3665
    1427       1.4000
    1428       1.3294
    1429       1.2805
    1430       1.2786
    1431       1.2748
    1432       1.2117
    1433       1.3827
    1434       1.4133
    1435       1.4366
    1436       1.3520
    1437       1.4239
    1438       1.4607
    1439       1.4363
    1440       1.4283
    1441       1.3855
    1442       1.2841
    1443       1.3216
    1444       1.2819
    1445       1.2167
    1446       1.4037
    1447       1.3712
    1448       1.3965
    1449       1.4611
    1450       1.5318
    1451       1.4755
    1452       1.5200
    1453       1.4203
    1454       1.4572
    1455       1.4556
    1456       1.4206
    1457       1.3399
    1458       1.3297
    1459       1.3839
    1460       1.3645
    1461       1.3881
    1462       1.3745
    1463       1.2778
    1464       1.1808
    1465       1.3431
    1466       1.4270
    1467       1.3595
    1468       1.2914
    1469       1.2946
    1470       1.3963
    1471       1.4889
    1472       1.4689
    1473       1.4573
    1474       1.4151
    1475       1.3366
    1476       1.4299
    1477       1.3236
    1478       1.4380
    1479       1.3184
    1480       1.3308
    1481       1.2671
    1482       1.2141
    1483       1.2510
    1484       1.2849
    1485       1.2624
    1486       1.2020
    1487       1.2921
    1488       1.2778
    1489       1.2970
    1490       1.3024
    1491       1.2586
    1492       1.2044
    1493       1.3778
    1494       1.2937
    1495       1.4089
    1496       1.4420
    1497       1.3853
    1498       1.4029
    1499       1.4033
    1500       1.3842
    1501       1.3289
    1502       1.2745
    1503       1.2886
    1504       1.3417
    1505       1.4390
    1506       1.3360
    1507       1.2879
    1508       1.2412
    1509       1.3025
    1510       1.3552
    1511       1.4233
    1512       1.3863
    1513       1.3454
    1514       1.3300
    1515       1.3731
    1516       1.3567
    1517       1.4038
    1518       1.4310
    1519       1.4294
    1520       1.4077
    1521       1.4614
    1522       1.4852
    1523       1.4515
    1524       1.5533
    1525       1.4789
    1526       1.4965
    1527       1.5439
    1528       1.4834
    1529       1.4555
    1530       1.4624
    1531       1.3805
    1532       1.3562
    1533       1.3756
    1534       1.4604
    1535       1.3704
    1536       1.4282
    1537       1.5019
    1538       1.5332
    1539       1.5910
    1540       1.5431
    1541       1.5908
    1542       1.6271
    1543       1.5956
    1544       1.5098
    1545       1.5212
    1546       1.5050
    1547       1.5646
    1548       1.5859
    1549       1.5505
    1550       1.5564
    1551       1.5605
    1552       1.6874
    1553       1.6319
    1554       1.6337
    1555       1.6272
    1556       1.6325
    1557       1.5387
    1558       1.5379
    1559       1.5091
    1560       1.5060
    1561       1.4999
    1562       1.4692
    1563       1.4868
    1564       1.6414
    1565       1.7371
    1566       1.7430
    1567       1.6234
    1568       1.6635
    1569       1.5629
    1570       1.6932
    1571       1.5597
    1572       1.4867
    1573       1.4150
    1574       1.4436
    1575       1.3896
    1576       1.4390
    1577       1.3837
    1578       1.3503
    1579       1.3251
    1580       1.3785
    1581       1.3159
    1582       1.2446
    1583       1.4273
    1584       1.4669
    1585       1.4661
    1586       1.4884
    1587       1.5383
    1588       1.4743
    1589       1.4717
    1590       1.4768
    1591       1.4857
    1592       1.4949
    1593       1.4149
    1594       1.3670
    1595       1.3646
    1596       1.4354
    1597       1.3964
    1598       1.3686
    1599       1.3235
    1600       1.3760
    1601       1.4986
    1602       1.5082
    1603       1.5022
    1604       1.4736
    1605       1.4771
    1606       1.3506
    1607       1.4353
    1608       1.5336
    1609       1.5449
    1610       1.5098
    1611       1.4970
    1612       1.4831
    1613       1.4519
    1614       1.4678
    1615       1.4539
    1616       1.3915
    1617       1.4324
    1618       1.3875
    1619       1.4240
    1620       1.3491
    1621       1.2503
    1622       1.2910
    1623       1.3490
    1624       1.3325
    1625       1.3224
    1626       1.3113
    1627       1.3481
    1628       1.4202
    1629       1.3808
    1630       1.3487
    1631       1.4501
    1632       1.4135
    1633       1.4152
    1634       1.4582
    1635       1.4034
    1636       1.4964
    1637       1.5384
    1638       1.5012
    1639       1.3898
    1640       1.4025
    1641       1.3257
    1642       1.4079
    1643       1.4779
    1644       1.3734
    1645       1.4163
    1646       1.4208
    1647       1.5108
    1648       1.5128
    1649       1.5402
    1650       1.5564
    1651       1.4854
    1652       1.4943
    1653       1.4820
    1654       1.4766
    1655       1.4555
    1656       1.4482
    1657       1.4495
    1658       1.4529
    1659       1.3858
    1660       1.4847
    1661       1.4151
    1662       1.4434
    1663       1.3868
    1664       1.3130
    1665       1.4339
    1666       1.3940
    1667       1.4964
    1668       1.4648
    1669       1.3292
    1670       1.4143
    1671       1.4108
    1672       1.3831
    1673       1.4328
    1674       1.3536
    1675       1.4401
    1676       1.3322
    1677       1.3816
    1678       1.3333
    1679       1.3755
    1680       1.3661
    1681       1.3925
    1682       1.3963
    1683       1.2977
    1684       1.3069
    1685       1.3877
    1686       1.3394
    1687       1.3921
    1688       1.4367
    1689       1.4467
    1690       1.4914
    1691       1.5139
    1692       1.4827
    1693       1.5530
    1694       1.4931
    1695       1.4970
    1696       1.4719
    1697       1.5436
    1698       1.3778
    1699       1.4368
    1700       1.5104
    1701       1.5309
    1702       1.3187
    1703       1.3372
    1704       1.4014
    1705       1.4338
    1706       1.4838
    1707       1.5056
    1708       1.5731
    1709       1.5401
    1710       1.5381
    1711       1.5498
    1712       1.4986
    1713       1.4593
    1714       1.4324
    1715       1.4605
    1716       1.4403
    1717       1.4381
    1718       1.4213
    1719       1.4526
    1720       1.4468
    1721       1.5326
    1722       1.5698
    1723       1.5563
    1724       1.4137
    1725       1.4766
    1726       1.4572
    1727       1.5039
    1728       1.5334
    1729       1.5664
    1730       1.5387
    1731       1.5115
    1732       1.5916
    1733       1.4719
    1734       1.4697
    1735       1.5189
    1736       1.4673
    1737       1.5250
    1738       1.5145
    1739       1.5453
    1740       1.5289
    1741       1.4852
    1742       1.5885
    1743       1.6052
    1744       1.6454
    1745       1.5944
    1746       1.5559
    1747       1.5654
    1748       1.4915
    1749       1.4935
    1750       1.5621
    1751       1.4603
    1752       1.6012
    1753       1.6646
    1754       1.5414
    1755       1.4853
    1756       1.4878
    1757       1.5082
    1758       1.4746
    1759       1.4986
    1760       1.5324
    1761       1.4331
    1762       1.3922
    1763       1.3258
    1764       1.3753
    1765       1.3260
    1766       1.3556
    1767       1.4024
    1768       1.4664
    1769       1.3796
    1770       1.3899
    1771       1.3644
    1772       1.3079
    1773       1.4261
    1774       1.4480
    1775       1.3837
    1776       1.3696
    1777       1.4098
    1778       1.4335
    1779       1.4168
    1780       1.3071
    1781       1.2951
    1782       1.3951
    1783       1.3820
    1784       1.3458
    1785       1.2709
    1786       1.2646
    1787       1.3334
    1788       1.3739
    1789       1.3554
    1790       1.3101
    1791       1.3811
    1792       1.3651
    1793       1.3697
    1794       1.3859
    1795       1.3512
    1796       1.4669
    1797       1.3904
    1798       1.3588
    1799       1.3599
    1800       1.3426
    1801       1.3682
    1802       1.4210
    1803       1.4195
    1804       1.4162
    1805       1.4477
    1806       1.4422
    1807       1.5145
    1808       1.5915
    1809       1.6187
    1810       1.5642
    1811       1.6697
    1812       1.6460
    1813       1.6704
    1814       1.5710
    1815       1.5440
    1816       1.5440
    1817       1.5114
    1818       1.5318
    1819       1.4558
    1820       1.4396
    1821       1.4423
    1822       1.4301
    1823       1.4569
    1824       1.6031
    1825       1.6227
    1826       1.5455
    1827       1.5697
    1828       1.4558
    1829       1.4744
    1830       1.4412
    1831       1.4837
    1832       1.4704
    1833       1.5102
    1834       1.4789
    1835       1.4134
    1836       1.4892
    1837       1.5429
    1838       1.4828
    1839       1.4820
    1840       1.4333
    1841       1.4554
    1842       1.4694
    1843       1.5019
    1844       1.4932
    1845       1.5032
    1846       1.6270
    1847       1.5941
    1848       1.4914
    1849       1.4539
    1850       1.4090
    1851       1.4337
    1852       1.4760
    1853       1.5127
    1854       1.5375
    1855       1.4880
    1856       1.4514
    1857       1.4885
    1858       1.5192
    1859       1.5357
    1860       1.4489
    1861       1.4829
    1862       1.5231
    1863       1.5392
    1864       1.4840
    1865       1.5101
    1866       1.5711
    1867       1.6005
    1868       1.4500
    1869       1.5411
    1870       1.5681
    1871       1.6094
    1872       1.6288
    1873       1.6516
    1874       1.6055
    1875       1.6190
    1876       1.5642
    1877       1.5954
    1878       1.6092
    1879       1.5617
    1880       1.5393
    1881       1.6376
    1882       1.5927
    1883       1.6270
    1884       1.5851
    1885       1.5708
    1886       1.6218
    1887       1.5329
    1888       1.5946
    1889       1.6780
    1890       1.6574
    1891       1.6105
    1892       1.5245
    1893       1.6315
    1894       1.6938
    1895       1.6320
    1896       1.6023
    1897       1.5547
    1898       1.5567
    1899       1.4757
    1900       1.6207
    1901       1.5060
    1902       1.6481
    1903       1.5627
    1904       1.7679
    1905       1.8296
    1906       1.8590
    1907       1.8724
    1908       1.7952
    1909       1.6654
    1910       1.5911
    1911       1.6079
    1912       1.6343
    1913       1.4905
    1914       1.5518
    1915       1.5413
    1916       1.5416
    1917       1.4390
    1918       1.4944
    1919       1.6149
    1920       1.5979
    1921       1.7872
    1922       1.7600
    1923       1.6176
    1924       1.5689
    1925       1.4718
    1926       1.6047
    1927       1.6502
    1928       1.6280
    1929       1.5977
    1930       1.6374
    1931       1.7095
    1932       1.8207
    1933       1.8596
    1934       1.7920
    1935       1.7194
    1936       1.6245
    1937       1.7168
    1938       1.7024
    1939       1.6889
    1940       1.7152
    1941       1.6260
    1942       1.5334
    1943       1.5606
    1944       1.5081
    1945       1.4941
    1946       1.5003
    1947       1.6699
    1948       1.6528
    1949       1.5963
    1950       1.5910
    1951       1.6753
    1952       1.6818
    1953       1.7711
    1954       1.7253
    1955       1.7148
    1956       1.6820
    1957       1.5308
    1958       1.5145
    1959       1.4716
    1960       1.4228
    1961       1.5043
    1962       1.4358
    1963       1.3991
    1964       1.4770
    1965       1.4862
    1966       1.5350
    1967       1.5675
    1968       1.4489
    1969       1.3867
    1970       1.3598
    1971       1.3893
    1972       1.3444
    1973       1.4140
    1974       1.3975
    1975       1.4512
    1976       1.4214
    1977       1.4890
    1978       1.5757
    1979       1.6225
    1980       1.5215
    1981       1.5435
    1982       1.5191
    1983       1.4430
    1984       1.3944
    1985       1.4699
    1986       1.5255
    1987       1.5969
    1988       1.4565
    1989       1.4477
    1990       1.4741
    1991       1.4679
    1992       1.4683
    1993       1.4425
    1994       1.4862
    1995       1.5211
    1996       1.5327
    1997       1.5842
    1998       1.6145
    1999       1.5490
    2000       1.4962
    2001       1.4381
    2002       1.5639
    2003       1.6914
    2004       1.7076
    2005       1.7546
    2006       1.7565
    2007       1.5935
    2008       1.6696
    2009       1.6877
    2010       1.7228
    2011       1.6007
    2012       1.5552
    2013       1.7168
    2014       1.5781
    2015       1.5458
    2016       1.5825
    2017       1.5758
    2018       1.5803
    2019       1.5392
    2020       1.4033
    2021       1.4375
    2022       1.4989
    2023       1.5301
    2024       1.4805
    2025       1.4444
    2026       1.5598
    2027       1.6540
    2028       1.6065
    2029       1.6604
    2030       1.7373
    2031       1.7437
    2032       1.7040
    2033       1.6558
    2034       1.6488
    2035       1.5946
    2036       1.5519
    2037       1.5816
    2038       1.5281
    2039       1.5588
    2040       1.5654
    2041       1.5153
    2042       1.6950
    2043       1.7250
    2044       1.6587
    2045       1.6470
    2046       1.6920
    2047       1.5999
    2048       1.6087
    2049       1.5543
    2050       1.6675
    2051       1.6439
    2052       1.6804
    2053       1.6614
    2054       1.8129
    2055       1.7080
    2056       1.7101
    2057       1.7313
    2058       1.6645
    2059       1.6996
    2060       1.7798
    2061       1.7074
    2062       1.6815
    2063       1.6434
    2064       1.6147
    2065       1.5895
    2066       1.5969
    2067       1.6331
    2068       1.6113
    2069       1.5767
    2070       1.6064
    2071       1.6520
    2072       1.6642
    2073       1.5802
    2074       1.5350
    2075       1.4869
    2076       1.5112
    2077       1.5853
    2078       1.5652
    2079       1.6110
    2080       1.4931
    2081       1.4241
    2082       1.5078
    2083       1.4320
    2084       1.4737
    2085       1.4645
    2086       1.4373
    2087       1.4454
    2088       1.4524
    2089       1.4050
    2090       1.5129
    2091       1.4493
    2092       1.4264
    2093       1.4486
    2094       1.4601
    2095       1.4241
    2096       1.5061
    2097       1.4913
    2098       1.4912
    2099       1.4528
    2100       1.4806
    2101       1.4836
    2102       1.4814
    2103       1.5192
    2104       1.5182
    2105       1.6006
    2106       1.4910
    2107       1.4982
    2108       1.5732
    2109       1.6004
    2110       1.6459
    2111       1.6468
    2112       1.5637
    2113       1.5628
    2114       1.5259
    2115       1.5298
    2116       1.5806
    2117       1.6563
    2118       1.5511
    2119       1.5617
    2120       1.6506
    2121       1.7191
    2122       1.6111
    2123       1.5200
    2124       1.5910
    2125       1.4581
    2126       1.4266
    2127       1.5241
    2128       1.4864
    2129       1.4793
    2130       1.5617
    2131       1.5293
    2132       1.5041
    2133       1.4619
    2134       1.5313
    2135       1.4390
    2136       1.4424
    2137       1.4729
    2138       1.4654
    2139       1.4582
    2140       1.3937
    2141       1.4368
    2142       1.4731
    2143       1.4695
    2144       1.4164
    2145       1.4879
    2146       1.4160
    2147       1.4160
    2148       1.4713
    2149       1.4129
    2150       1.3641
    2151       1.3638
    2152       1.5043
    2153       1.5674
    2154       1.4815
    2155       1.5115
    2156       1.5267
    2157       1.4396
    2158       1.3786
    2159       1.3651
    2160       1.3915
    2161       1.4419
    2162       1.4437
    2163       1.4024
    2164       1.3784
    2165       1.4521
    2166       1.5146
    2167       1.5675
    2168       1.5097
    2169       1.5343
    2170       1.6577
    2171       1.6467
    2172       1.6484
    2173       1.6357
    2174       1.5793
    2175       1.5705
    2176       1.6415
    2177       1.5367
    2178       1.5018
    2179       1.5533
    2180       1.4805
    2181       1.4703
    2182       1.4011
    2183       1.3571
    2184       1.3313
    2185       1.3928
    2186       1.3135
    2187       1.3879
    2188       1.3447
    2189       1.4105
    2190       1.3761
    2191       1.3587
    2192       1.4202
    2193       1.2456
    2194       1.3587
    2195       1.3825
    2196       1.4153
    2197       1.3558
    2198       1.3566
    2199       1.3554
    2200       1.2762
    2201       1.3834
    2202       1.5031
    2203       1.4825
    2204       1.4796
    2205       1.6982
    2206       1.7246
    2207       1.7536
    2208       1.6218
    2209       1.6095
    2210       1.6249
    2211       1.6137
    2212       1.5251
    2213       1.5779
    2214       1.5812
    2215       1.7412
    2216       1.5788
    2217       1.6669
    2218       1.5600
    2219       1.6072
    2220       1.6368
    2221       1.6004
    2222       1.6320
    2223       1.6666
    2224       1.5957
    2225       1.7175
    2226       1.5603
    2227       1.6101
    2228       1.6148
    2229       1.6846
    2230       1.6883
    2231       1.6544
    2232       1.6446
    2233       1.5750
    2234       1.6544
    2235       1.6080
    2236       1.6412
    2237       1.5097
    2238       1.4556
    2239       1.5382
    2240       1.5933
    2241       1.6540
    2242       1.6280
    2243       1.6441
    2244       1.6818
    2245       1.6766
    2246       1.6844
    2247       1.6202
    2248       1.5089
    2249       1.4923
    2250       1.5152
    2251       1.4957
    2252       1.5001
    2253       1.4449
    2254       1.4560
    2255       1.4828
    2256       1.4475
    2257       1.4178
    2258       1.4021
    2259       1.5243
    2260       1.6331
    2261       1.6223
    2262       1.5857
    2263       1.5208
    2264       1.5272
    2265       1.5858
    2266       1.5942
    2267       1.5665
    2268       1.6052
    2269       1.5295
    2270       1.4705
    2271       1.5786
    2272       1.6214
    2273       1.5919
    2274       1.6404
    2275       1.6013
    2276       1.5624
    2277       1.5394
    2278       1.4618
    2279       1.5776
    2280       1.6579
    2281       1.6290
    2282       1.5688
    2283       1.4460
    2284       1.4264
    2285       1.4921
    2286       1.5505
    2287       1.5389
    2288       1.4919
    2289       1.5531
    2290       1.5874
    2291       1.6231
    2292       1.6970
    2293       1.5835
    2294       1.6941
    2295       1.6057
    2296       1.5549
    2297       1.6546
    2298       1.6881
    2299       1.6323
    2300       1.5116
    2301       1.7125
    2302       1.6987
    2303       1.7328
    2304       1.7354
    2305       1.7340
    2306       1.7859
    2307       1.7267
    2308       1.7505
    2309       1.6770
    2310       1.7115
    2311       1.7400
    2312       1.7212
    2313       1.6378
    2314       1.6650
    2315       1.5872
    2316       1.5020
    2317       1.4540
    2318       1.4466
    2319       1.4934
    2320       1.5454
    2321       1.6381
    2322       1.6159
    2323       1.7302
    2324       1.6765
    2325       1.6146
    2326       1.6869
    2327       1.7245
    2328       1.6249
    2329       1.6846
    2330       1.6854
    2331       1.8718
    2332       1.7554
    2333       1.6635
    2334       1.6272
    2335       1.5339
    2336       1.5846
    2337       1.4903
    2338       1.5325
    2339       1.5252
    2340       1.5975
    2341       1.6018
    2342       1.5240
    2343       1.5669
    2344       1.5877
    2345       1.6472
    2346       1.6643
    2347       1.7589
    2348       1.5968
    2349       1.6357
    2350       1.7030
    2351       1.8282
    2352       1.7091
    2353       1.5862
    2354       1.5682
    2355       1.5083
    2356       1.5534
    2357       1.5252
    2358       1.5396
    2359       1.5427
    2360       1.4944
    2361       1.5438
    2362       1.6059
    2363       1.5992
    2364       1.5281
    2365       1.4933
    2366       1.5297
    2367       1.4838
    2368       1.4530
    2369       1.5778
    2370       1.5779
    2371       1.6278
    2372       1.6361
    2373       1.5872
    2374       1.6562
    2375       1.6820
    2376       1.6636
    2377       1.7076
    2378       1.7476
    2379       1.6628
    2380       1.6098
    2381       1.5660
    2382       1.5531
    2383       1.5832
    2384       1.5706
    2385       1.5051
    2386       1.5563
    2387       1.5040
    2388       1.4763
    2389       1.5075
    2390       1.4591
    2391       1.4823
    2392       1.4650
    2393       1.4922
    2394       1.4699
    2395       1.5459
    2396       1.4904
    2397       1.5524
    2398       1.5896
    2399       1.4225
    2400       1.5544
    2401       1.6583
    2402       1.7168
    2403       1.6596
    2404       1.6975
    2405       1.6888
    2406       1.6197
    2407       1.7389
    2408       1.6208
    2409       1.6860
    2410       1.6005
    2411       1.5589
    2412       1.5415
    2413       1.5173
    2414       1.5633
    2415       1.6577
    2416       1.6824
    2417       1.6572
    2418       1.6118
    2419       1.6127
    2420       1.6863
    2421       1.6467
    2422       1.6138
    2423       1.5471
    2424       1.5892
    2425       1.5545
    2426       1.5543
    2427       1.5616
    2428       1.6301
    2429       1.6569
    2430       1.5449
    2431       1.5690
    2432       1.6647
    2433       1.6323
    2434       1.6908
    2435       1.6256
    2436       1.5403
    2437       1.5187
    2438       1.4931
    2439       1.5176
    2440       1.5289
    2441       1.5642
    2442       1.6443
    2443       1.4910
    2444       1.5119
    2445       1.5411
    2446       1.5505
    2447       1.5460
    2448       1.5058
    2449       1.4258
    2450       1.5393
    2451       1.5053
    2452       1.5931
    2453       1.4586
    2454       1.5382
    2455       1.5037
    2456       1.4809
    2457       1.4965
    2458       1.5313
    2459       1.4730
    2460       1.5052
    2461       1.5136
    2462       1.4660
    2463       1.4284
    2464       1.4689
    2465       1.4943
    2466       1.4708
    2467       1.4051
    2468       1.4996
    2469       1.5441
    2470       1.6127
    2471       1.5256
    2472       1.6277
    2473       1.5644
    2474       1.5725
    2475       1.5949
    2476       1.5079
    2477       1.5676
    2478       1.5675
    2479       1.5734
    2480       1.5039
    2481       1.4865
    2482       1.4481
    2483       1.5676
    2484       1.5716
    2485       1.5652
    2486       1.5892
    2487       1.5215
    2488       1.5253
    2489       1.5220
    2490       1.5406
    2491       1.5589
    2492       1.5148
    2493       1.5402
    2494       1.5210
    2495       1.4758
    2496       1.4710
    2497       1.5895
    2498       1.4823
    2499       1.5236
    2500       1.5300
    2501       1.4948
    2502       1.4510
    2503       1.4370
    2504       1.4423
    2505       1.4992
    2506       1.4453
    2507       1.4145
    2508       1.4548
    2509       1.4141
    2510       1.4558
    2511       1.4040
    2512       1.4561
    2513       1.3854
    2514       1.4423
    2515       1.3541
    2516       1.3570
    2517       1.3526
    2518       1.3266
    2519       1.3826
    2520       1.3908
    2521       1.3421
    2522       1.3794
    2523       1.4188
    2524       1.4517
    2525       1.3309
    2526       1.3192
    2527       1.2853
    2528       1.2224
    2529       1.2544
    2530       1.3205
    2531       1.3252
    2532       1.3142
    2533       1.3456
    2534       1.3297
    2535       1.3723
    2536       1.3816
    2537       1.3733
    2538       1.4039
    2539       1.4441
    2540       1.4535
    2541       1.4313
    2542       1.4231
    2543       1.4501
    2544       1.4711
    2545       1.4529
    2546       1.5330
    2547       1.6045
    2548       1.5371
    2549       1.5026
    2550       1.4640
    2551       1.4880
    2552       1.4907
    2553       1.3864
    2554       1.4871
    2555       1.5519
    2556       1.5744
    2557       1.6117
    2558       1.5884
    2559       1.5719
    2560       1.5033
    2561       1.4712
    2562       1.5053
    2563       1.5941
    2564       1.5313
    2565       1.5373
    2566       1.5246
    2567       1.4658
    2568       1.4097
    2569       1.4744
    2570       1.4063
    2571       1.3611
    2572       1.4086
    2573       1.4219
    2574       1.5533
    2575       1.5343
    2576       1.4886
    2577       1.4614
    2578       1.3997
    2579       1.4633
    2580       1.4953
    2581       1.4153
    2582       1.4179
    2583       1.4384
    2584       1.4785
    2585       1.5059
    2586       1.4617
    2587       1.5398
    2588       1.5778
    2589       1.6144
    2590       1.6233
    2591       1.7195
    2592       1.6212
    2593       1.6268
    2594       1.6379
    2595       1.6115
    2596       1.6173
    2597       1.6828
    2598       1.7609
    2599       1.7530
    2600       1.7415
    2601       1.6329
    2602       1.5567
    2603       1.5814
    2604       1.5298
    2605       1.5324
    2606       1.5738
    2607       1.6141
    2608       1.6241
    2609       1.6355
    2610       1.5917
    2611       1.7556
    2612       1.6538
    2613       1.6558
    2614       1.7209
    2615       1.6192
    2616       1.5716
    2617       1.5812
    2618       1.5386
    2619       1.4591
    2620       1.5469
    2621       1.5573
    2622       1.5914
    2623       1.5632
    2624       1.6051
    2625       1.5834
    2626       1.4813
    2627       1.5494
    2628       1.6184
    2629       1.6564
    2630       1.4809
    2631       1.4526
    2632       1.4334
    2633       1.5650
    2634       1.5679
    2635       1.5775
    2636       1.4972
    2637       1.5108
    2638       1.4415
    2639       1.4942
    2640       1.4902
    2641       1.4607
    2642       1.4320
    2643       1.4394
    2644       1.5195
    2645       1.6118
    2646       1.5817
    2647       1.5755
    2648       1.5541
    2649       1.5401
    2650       1.5359
    2651       1.5299
    2652       1.6123
    2653       1.5805
    2654       1.5573
    2655       1.5573
    2656       1.5763
    2657       1.5575
    2658       1.5098
    2659       1.5975
    2660       1.5434
    2661       1.5035
    2662       1.5777
    2663       1.4566
    2664       1.4889
    2665       1.4593
    2666       1.4816
    2667       1.5094
    2668       1.5415
    2669       1.5141
    2670       1.5729
    2671       1.5267
    2672       1.4710
    2673       1.5402
    2674       1.4650
    2675       1.5912
    2676       1.5595
    2677       1.4769
    2678       1.4287
    2679       1.4520
    2680       1.5376
    2681       1.5942
    2682       1.5051
    2683       1.5064
    2684       1.5582
    2685       1.5523
    2686       1.6388
    2687       1.6390
    2688       1.7009
    2689       1.6383
    2690       1.6187
    2691       1.6492
    2692       1.6250
    2693       1.5743
    2694       1.5804
    2695       1.6009
    2696       1.5881
    2697       1.4963
    2698       1.5652
    2699       1.5133
    2700       1.4588
    2701       1.4437
    2702       1.5381
    2703       1.4946
    2704       1.4654
    2705       1.4805
    2706       1.4813
    2707       1.4562
    2708       1.4963
    2709       1.4733
    2710       1.4651
    2711       1.5570
    2712       1.5339
    2713       1.5264
    2714       1.5450
    2715       1.5243
    2716       1.5386
    2717       1.6015
    2718       1.5868
    2719       1.6567
    2720       1.6950
    2721       1.8093
    2722       1.8406
    2723       1.7589
    2724       1.7495
    2725       1.7801
    2726       1.8084
    2727       1.7485
    2728       1.7173
    2729       1.7526
    2730       1.7220
    2731       1.6048
    2732       1.6553
    2733       1.6125
    2734       1.4970
    2735       1.5348
    2736       1.5496
    2737       1.5036
    2738       1.5138
    2739       1.5123
    2740       1.4838
    2741       1.6309
    2742       1.5181
    2743       1.6120
    2744       1.5746
    2745       1.5879
    2746       1.6907
    2747       1.6743
    2748       1.6841
    2749       1.7257
    2750       1.7192
    2751       1.6681
    2752       1.6153
    2753       1.5825
    2754       1.5579
    2755       1.5728
    2756       1.5296
    2757       1.6393
    2758       1.6188
    2759       1.5584
    2760       1.6579
    2761       1.7292
    2762       1.7905
    2763       1.7379
    2764       1.6582
    2765       1.6396
    2766       1.5981
    2767       1.5697
    2768       1.5725
    2769       1.5273
    2770       1.5924
    2771       1.5998
    2772       1.6667
    2773       1.7045
    2774       1.6203
    2775       1.6474
    2776       1.5333
    2777       1.4345
    2778       1.5703
    2779       1.5401
    2780       1.6037
    2781       1.4649
    2782       1.5177
    2783       1.5541
    2784       1.5458
    2785       1.5965
    2786       1.7180
    2787       1.8639
    2788       1.7616
    2789       1.6589
    2790       1.7129
    2791       1.6967
    2792       1.5614
    2793       1.5602
    2794       1.6830
    2795       1.7216
    2796       1.6899
    2797       1.6377
    2798       1.5771
    2799       1.6388
    2800       1.6835
    2801       1.7429
    2802       1.7393
    2803       1.8058
    2804       1.6265
    2805       1.6206
    2806       1.5801
    2807       1.5267
    2808       1.5136
    2809       1.4551
    2810       1.5022
    2811       1.5059
    2812       1.3982
    2813       1.4126
    2814       1.4142
    2815       1.4313
    2816       1.3677
    2817       1.4984
    2818       1.4703
    2819       1.5513
    2820       1.5165
    2821       1.4891
    2822       1.5850
    2823       1.5038
    2824       1.5096
    2825       1.5347
    2826       1.4743
    2827       1.5131
    2828       1.4448
    2829       1.4505
    2830       1.4036
    2831       1.3707
    2832       1.4554
    2833       1.4202
    2834       1.4358
    2835       1.5565
    2836       1.6638
    2837       1.6806
    2838       1.6562
    2839       1.7555
    2840       1.6668
    2841       1.6287
    2842       1.6000
    2843       1.6060
    2844       1.4691
    2845       1.4956
    2846       1.4987
    2847       1.5900
    2848       1.5909
    2849       1.6584
    2850       1.6975
    2851       1.6426
    2852       1.6018
    2853       1.6589
    2854       1.5956
    2855       1.6596
    2856       1.6847
    2857       1.6704
    2858       1.6092
    2859       1.5684
    2860       1.5673
    2861       1.6107
    2862       1.6665
    2863       1.6835
    2864       1.5952
    2865       1.6547
    2866       1.6908
    2867       1.6264
    2868       1.6994
    2869       1.5860
    2870       1.5980
    2871       1.6287
    2872       1.6420
    2873       1.6580
    2874       1.7203
    2875       1.5700
    2876       1.6312
    2877       1.5970
    2878       1.5636
    2879       1.6105
    2880       1.7480
    2881       1.7083
    2882       1.6543
    2883       1.6786
    2884       1.6410
    2885       1.6446
    2886       1.6305
    2887       1.7630
    2888       1.6552
    2889       1.5804
    2890       1.6298
    2891       1.6657
    2892       1.6137
    2893       1.6072
    2894       1.4999
    2895       1.5909
    2896       1.6969
    2897       1.7692
    2898       1.8374
    2899       1.8393
    2900       1.8148
    2901       1.7649
    2902       1.7821
    2903       1.7508
    2904       1.6563
    2905       1.6679
    2906       1.7347
    2907       1.6746
    2908       1.7024
    2909       1.7091
    2910       1.6611
    2911       1.5936
    2912       1.5540
    2913       1.7059
    2914       1.6699
    2915       1.6057
    2916       1.5488
    2917       1.6018
    2918       1.5944
    2919       1.6237
    2920       1.6272
    2921       1.7561
    2922       1.6721
    2923       1.6839
    2924       1.7081
    2925       1.7575
    2926       1.8165
    2927       1.7303
    2928       1.6727
    2929       1.6479
    2930       1.6184
    2931       1.7077
    2932       1.6314
    2933       1.6935
    2934       1.6225
    2935       1.5877
    2936       1.6625
    2937       1.6894
    2938       1.6141
    2939       1.5726
    2940       1.5574
    2941       1.5715
    2942       1.6173
    2943       1.6374
    2944       1.5760
    2945       1.6528
    2946       1.6585
    2947       1.6401
    2948       1.7417
    2949       1.7226
    2950       1.7386
    2951       1.7473
    2952       1.7399
    2953       1.7651
    2954       1.7575
    2955       1.6374
    2956       1.5558
    2957       1.5298
    2958       1.4847
    2959       1.5649
    2960       1.5615
    2961       1.4995
    2962       1.5222
    2963       1.4497
    2964       1.5430
    2965       1.5291
    2966       1.5014
    2967       1.5045
    2968       1.4756
    2969       1.4385
    2970       1.3378
    2971       1.3201
    2972       1.3143
    2973       1.3408
    2974       1.3791
    2975       1.3645
    2976       1.3933
    2977       1.3872
    2978       1.3927
    2979       1.3604
    2980       1.4621
    2981       1.5612
    2982       1.5971
    2983       1.4891
    2984       1.5333
    2985       1.3706
    2986       1.4091
    2987       1.3362
    2988       1.4223
    2989       1.4326
    2990       1.4803
    2991       1.4095
    2992       1.5222
    2993       1.4560
    2994       1.5055
    2995       1.4314
    2996       1.3934
    2997       1.4574
    2998       1.4373
    2999       1.4601
    3000       1.4567
    3001       1.4382
    3002       1.3649
    3003       1.4735
    3004       1.5870
    3005       1.6152
    3006       1.5476
    3007       1.4924
    3008       1.4509
    3009       1.6329
    3010       1.5891
    3011       1.5158
    3012       1.5583
    3013       1.5111
    3014       1.6053
    3015       1.6215
    3016       1.6598
    3017       1.6052
    3018       1.6160
    3019       1.5801
    3020       1.6396
    3021       1.6214
    3022       1.5676
    3023       1.6572
    3024       1.7005
    3025       1.7253
    3026       1.6148
    3027       1.5385
    3028       1.6097
    3029       1.6646
    3030       1.6845
    3031       1.6245
    3032       1.6091
    3033       1.5979
    3034       1.5740
    3035       1.5870
    3036       1.5669
    3037       1.6087
    3038       1.6122
    3039       1.5997
    3040       1.4658
    3041       1.4588
    3042       1.4338
    3043       1.5759
    3044       1.5434
    3045       1.6676
    3046       1.5984
    3047       1.5591
    3048       1.5956
    3049       1.6042
    3050       1.4671
    3051       1.4986
    3052       1.5153
    3053       1.4977
    3054       1.5715
    3055       1.5946
    3056       1.5950
    3057       1.6069
    3058       1.5353
    3059       1.6141
    3060       1.5290
    3061       1.5872
    3062       1.6646
    3063       1.6819
    3064       1.5512
    3065       1.5107
    3066       1.5262
    3067       1.5280
    3068       1.4448
    3069       1.5196
    3070       1.5031
    3071       1.5441
    3072       1.5169
    3073       1.5541
    3074       1.5815
    3075       1.6533
    3076       1.5811
    3077       1.6278
    3078       1.5625
    3079       1.5000
    3080       1.5016
    3081       1.5557
    3082       1.5265
    3083       1.5733
    3084       1.5012
    3085       1.6020
    3086       1.6041
    3087       1.5649
    3088       1.5377
    3089       1.5984
    3090       1.5258
    3091       1.6292
    3092       1.5877
    3093       1.5914
    3094       1.4919
    3095       1.5493
    3096       1.5071
    3097       1.5219
    3098       1.4392
    3099       1.3729
    3100       1.3184
    3101       1.3474
    3102       1.2490
    3103       1.2995
    3104       1.3182
    3105       1.4565
    3106       1.4148
    3107       1.5242
    3108       1.6167
    3109       1.6170
    3110       1.5775
    3111       1.6148
    3112       1.4324
    3113       1.4653
    3114       1.5139
    3115       1.5694
    3116       1.6084
    3117       1.7310
    3118       1.5227
    3119       1.5390
    3120       1.5247
    3121       1.5118
    3122       1.5238
    3123       1.4598
    3124       1.4339
    3125       1.3912
