#Frame     RMSD_00001
       1       0.0000
       2       0.6491
       3       0.6409
       4       0.7411
       5       0.7034
       6       0.6828
       7       0.6993
       8       0.7601
       9       0.7453
      10       0.8339
      11       0.8275
      12       0.7661
      13       0.8524
      14       0.8310
      15       0.8525
      16       0.8052
      17       0.8825
      18       0.9306
      19       1.0463
      20       1.0336
      21       1.0881
      22       0.9419
      23       0.8438
      24       0.8075
      25       0.8380
      26       0.8465
      27       0.8039
      28       0.8724
      29       0.8640
      30       0.8422
      31       0.8607
      32       0.8529
      33       0.8194
      34       0.9938
      35       1.0395
      36       1.0236
      37       0.9441
      38       0.8950
      39       0.8836
      40       0.9306
      41       0.9047
      42       0.9425
      43       0.9317
      44       0.9630
      45       0.9325
      46       0.9439
      47       0.9017
      48       0.9247
      49       0.8801
      50       0.8726
      51       0.9118
      52       0.9095
      53       0.9062
      54       0.9106
      55       0.9000
      56       0.9462
      57       0.9401
      58       0.9195
      59       0.9077
      60       0.9473
      61       0.9321
      62       0.8639
      63       0.8660
      64       0.9026
      65       0.9522
      66       0.9181
      67       0.9503
      68       1.1151
      69       1.0006
      70       1.1027
      71       0.9827
      72       0.9941
      73       1.0037
      74       0.9934
      75       1.0220
      76       1.0110
      77       0.9978
      78       0.9984
      79       1.0217
      80       1.1208
      81       1.1235
      82       1.1117
      83       1.1076
      84       1.1231
      85       1.0484
      86       1.1142
      87       1.1466
      88       1.2071
      89       1.3274
      90       1.1852
      91       1.3125
      92       1.2470
      93       1.1590
      94       1.2602
      95       1.1189
      96       1.2097
      97       1.1899
      98       1.1852
      99       1.2633
     100       1.2474
     101       1.3547
     102       1.3726
     103       1.4150
     104       1.4047
     105       1.2281
     106       1.2562
     107       1.3221
     108       1.3592
     109       1.3009
     110       1.3194
     111       1.2961
     112       1.2107
     113       1.1828
     114       1.2070
     115       1.2515
     116       1.2181
     117       1.2909
     118       1.2180
     119       1.3095
     120       1.3735
     121       1.4228
     122       1.4060
     123       1.2623
     124       1.2977
     125       1.2992
     126       1.2542
     127       1.1949
     128       1.2356
     129       1.2164
     130       1.2419
     131       1.1941
     132       1.1216
     133       1.0678
     134       1.0926
     135       1.1422
     136       1.0955
     137       1.2052
     138       1.1993
     139       1.2661
     140       1.2350
     141       1.3977
     142       1.3787
     143       1.4058
     144       1.3129
     145       1.2584
     146       1.3568
     147       1.3834
     148       1.3823
     149       1.3071
     150       1.2211
     151       1.2400
     152       1.2163
     153       1.2463
     154       1.2356
     155       1.2876
     156       1.2519
     157       1.1664
     158       1.2066
     159       1.1015
     160       1.2023
     161       1.2334
     162       1.1880
     163       1.1615
     164       1.1341
     165       1.0861
     166       1.1827
     167       1.1308
     168       1.1321
     169       1.1342
     170       1.1000
     171       1.1554
     172       1.1034
     173       1.1183
     174       1.0989
     175       1.1455
     176       1.1164
     177       1.1231
     178       1.1241
     179       1.2405
     180       1.1863
     181       1.1695
     182       1.1758
     183       1.1750
     184       1.1772
     185       1.1243
     186       1.1070
     187       1.0822
     188       1.1310
     189       1.0783
     190       1.0408
     191       1.0950
     192       1.1369
     193       1.1727
     194       1.1717
     195       1.2173
     196       1.2449
     197       1.2111
     198       1.2863
     199       1.2490
     200       1.2835
     201       1.3608
     202       1.3142
     203       1.3260
     204       1.3076
     205       1.3274
     206       1.2259
     207       1.2448
     208       1.1946
     209       1.3320
     210       1.4232
     211       1.4117
     212       1.3268
     213       1.3725
     214       1.3795
     215       1.3753
     216       1.1542
     217       1.2651
     218       1.2728
     219       1.1288
     220       1.2232
     221       1.1711
     222       1.1456
     223       1.1457
     224       1.1657
     225       1.1533
     226       1.1468
     227       1.1066
     228       1.1357
     229       1.1330
     230       1.1772
     231       1.2341
     232       1.0907
     233       1.1722
     234       1.1064
     235       1.1787
     236       1.1774
     237       1.2444
     238       1.2606
     239       1.2069
     240       1.1691
     241       1.2718
     242       1.2204
     243       1.1945
     244       1.0251
     245       0.9859
     246       1.0870
     247       1.1074
     248       1.0853
     249       1.1497
     250       1.1819
     251       1.1540
     252       1.1159
     253       1.0718
     254       1.0732
     255       1.1363
     256       1.1764
     257       1.1488
     258       1.1438
     259       1.1186
     260       1.0849
     261       1.1314
     262       1.0976
     263       1.1314
     264       1.1713
     265       1.1339
     266       1.1118
     267       1.1602
     268       1.1626
     269       1.2108
     270       1.1469
     271       1.2413
     272       1.2412
     273       1.2305
     274       1.2372
     275       1.2602
     276       1.2300
     277       1.1999
     278       1.1512
     279       1.2127
     280       1.1535
     281       1.2293
     282       1.1839
     283       1.2142
     284       1.1452
     285       1.2246
     286       1.1792
     287       1.2334
     288       1.2755
     289       1.2282
     290       1.2614
     291       1.1891
     292       1.2079
     293       1.2141
     294       1.1797
     295       1.1613
     296       1.1477
     297       1.0984
     298       1.0524
     299       1.1282
     300       1.1134
     301       1.1548
     302       1.2225
     303       1.0879
     304       1.1613
     305       1.2889
     306       1.2358
     307       1.2987
     308       1.1922
     309       1.1578
     310       1.1474
     311       1.2951
     312       1.3123
     313       1.2735
     314       1.3018
     315       1.2582
     316       1.1876
     317       1.1756
     318       1.2158
     319       1.1742
     320       1.1946
     321       1.1140
     322       1.1201
     323       1.1346
     324       1.1351
     325       1.0732
     326       1.1368
     327       1.1021
     328       1.1959
     329       1.2017
     330       1.1802
     331       1.2413
     332       1.2558
     333       1.1784
     334       1.1431
     335       1.1786
     336       1.1762
     337       1.1992
     338       1.1134
     339       1.1263
     340       1.1228
     341       1.1257
     342       1.0675
     343       1.0535
     344       1.1470
     345       1.1923
     346       1.1814
     347       1.1903
     348       1.1711
     349       1.1369
     350       1.1515
     351       1.1602
     352       1.0936
     353       1.0774
     354       1.0211
     355       1.0746
     356       1.1516
     357       1.1662
     358       1.2397
     359       1.1042
     360       1.1153
     361       1.1003
     362       1.1480
     363       1.0843
     364       1.0863
     365       1.1245
     366       1.1066
     367       1.0209
     368       1.0904
     369       1.0637
     370       1.0419
     371       1.1865
     372       1.2017
     373       1.2617
     374       1.1979
     375       1.2174
     376       1.2374
     377       1.1917
     378       1.1824
     379       1.1616
     380       1.1318
     381       1.1517
     382       1.1189
     383       1.1151
     384       1.1528
     385       1.1546
     386       1.0979
     387       1.1109
     388       1.0430
     389       0.9954
     390       1.1043
     391       1.1254
     392       1.0651
     393       1.0988
     394       1.1764
     395       1.1169
     396       1.1274
     397       1.1516
     398       1.2595
     399       1.1756
     400       1.1820
     401       1.2104
     402       1.1933
     403       1.1923
     404       1.1653
     405       1.2600
     406       1.2989
     407       1.2501
     408       1.2367
     409       1.2298
     410       1.2078
     411       1.2398
     412       1.1998
     413       1.1565
     414       1.2564
     415       1.1971
     416       1.1879
     417       1.2845
     418       1.2535
     419       1.2629
     420       1.1716
     421       1.1426
     422       1.0404
     423       1.1202
     424       1.1125
     425       1.0916
     426       1.1591
     427       1.2106
     428       1.3024
     429       1.2631
     430       1.3747
     431       1.4094
     432       1.4432
     433       1.5019
     434       1.5782
     435       1.6479
     436       1.6202
     437       1.6051
     438       1.7105
     439       1.6915
     440       1.6987
     441       1.7038
     442       1.7727
     443       1.5981
     444       1.5036
     445       1.5004
     446       1.5747
     447       1.6089
     448       1.5753
     449       1.5406
     450       1.5101
     451       1.5920
     452       1.5451
     453       1.5901
     454       1.6138
     455       1.5679
     456       1.5950
     457       1.5536
     458       1.5785
     459       1.5410
     460       1.5426
     461       1.5913
     462       1.5949
     463       1.4925
     464       1.4679
     465       1.3945
     466       1.4105
     467       1.5077
     468       1.3886
     469       1.2845
     470       1.3972
     471       1.5494
     472       1.5842
     473       1.4978
     474       1.5016
     475       1.5703
     476       1.6266
     477       1.5540
     478       1.5664
     479       1.5358
     480       1.5367
     481       1.4339
     482       1.3796
     483       1.3367
     484       1.2992
     485       1.3320
     486       1.3162
     487       1.4050
     488       1.3634
     489       1.4640
     490       1.5016
     491       1.5837
     492       1.4472
     493       1.3901
     494       1.4125
     495       1.3726
     496       1.3170
     497       1.3500
     498       1.3956
     499       1.3016
     500       1.2847
     501       1.2726
     502       1.2735
     503       1.1533
     504       1.1996
     505       1.2154
     506       1.2769
     507       1.1919
     508       1.1706
     509       1.2486
     510       1.2351
     511       1.1964
     512       1.1721
     513       1.0875
     514       1.0904
     515       1.0867
     516       1.1881
     517       1.2714
     518       1.2540
     519       1.1733
     520       1.1759
     521       1.1860
     522       1.1134
     523       1.1124
     524       1.1668
     525       1.1353
     526       1.1290
     527       1.1209
     528       1.1289
     529       1.1315
     530       1.1017
     531       1.0913
     532       1.1245
     533       1.0927
     534       1.1438
     535       1.0984
     536       1.1450
     537       1.1860
     538       1.2578
     539       1.3023
     540       1.2128
     541       1.3285
     542       1.3602
     543       1.3050
     544       1.2688
     545       1.4229
     546       1.4579
     547       1.3682
     548       1.3471
     549       1.2285
     550       1.2454
     551       1.2694
     552       1.2522
     553       1.2973
     554       1.3338
     555       1.3046
     556       1.3369
     557       1.3849
     558       1.4127
     559       1.3443
     560       1.2903
     561       1.2290
     562       1.2083
     563       1.2707
     564       1.2626
     565       1.2918
     566       1.2125
     567       1.2313
     568       1.2414
     569       1.2591
     570       1.2727
     571       1.2081
     572       1.1889
     573       1.1595
     574       1.1196
     575       1.1797
     576       1.1625
     577       1.1663
     578       1.1261
     579       1.2346
     580       1.2731
     581       1.2652
     582       1.2963
     583       1.2086
     584       1.2726
     585       1.2383
     586       1.2261
     587       1.1468
     588       1.2391
     589       1.2344
     590       1.3419
     591       1.2553
     592       1.2215
     593       1.3112
     594       1.2315
     595       1.1686
     596       1.1518
     597       1.1388
     598       1.1751
     599       1.2150
     600       1.2070
     601       1.1737
     602       1.1675
     603       1.2263
     604       1.2196
     605       1.2786
     606       1.2805
     607       1.2772
     608       1.3335
     609       1.2860
     610       1.3659
     611       1.3350
     612       1.2962
     613       1.2561
     614       1.2547
     615       1.3192
     616       1.2664
     617       1.3522
     618       1.2931
     619       1.2270
     620       1.3468
     621       1.3500
     622       1.3263
     623       1.3911
     624       1.3882
     625       1.3034
     626       1.2751
     627       1.3320
     628       1.2240
     629       1.1398
     630       1.0889
     631       1.1674
     632       1.1136
     633       1.2414
     634       1.2131
     635       1.3409
     636       1.3091
     637       1.2611
     638       1.2174
     639       1.1940
     640       1.1822
     641       1.2117
     642       1.1988
     643       1.2496
     644       1.3749
     645       1.3250
     646       1.4322
     647       1.4947
     648       1.5422
     649       1.6264
     650       1.6246
     651       1.7247
     652       1.6403
     653       1.6167
     654       1.5386
     655       1.4833
     656       1.4577
     657       1.3405
     658       1.5021
     659       1.4641
     660       1.4405
     661       1.4321
     662       1.3753
     663       1.4809
     664       1.4671
     665       1.4059
     666       1.3774
     667       1.3772
     668       1.4380
     669       1.3731
     670       1.3574
     671       1.3771
     672       1.4309
     673       1.4563
     674       1.3388
     675       1.3038
     676       1.2799
     677       1.2652
     678       1.3670
     679       1.3961
     680       1.4146
     681       1.4137
     682       1.4013
     683       1.3871
     684       1.3467
     685       1.3579
     686       1.3778
     687       1.3394
     688       1.3941
     689       1.3084
     690       1.3098
     691       1.3686
     692       1.3822
     693       1.3102
     694       1.3471
     695       1.3465
     696       1.3263
     697       1.3071
     698       1.2596
     699       1.3157
     700       1.2841
     701       1.2495
     702       1.1478
     703       1.1602
     704       1.2156
     705       1.2495
     706       1.2287
     707       1.2010
     708       1.2114
     709       1.1176
     710       1.1677
     711       1.2517
     712       1.3143
     713       1.2289
     714       1.2245
     715       1.2092
     716       1.1967
     717       1.2334
     718       1.1541
     719       1.1655
     720       1.2063
     721       1.1481
     722       1.1855
     723       1.1710
     724       1.2453
     725       1.2404
     726       1.1993
     727       1.1659
     728       1.0848
     729       1.2065
     730       1.1898
     731       1.2262
     732       1.1815
     733       1.1646
     734       1.1697
     735       1.1003
     736       1.1991
     737       1.2575
     738       1.1846
     739       1.1973
     740       1.2287
     741       1.2599
     742       1.2347
     743       1.2259
     744       1.1403
     745       1.0543
     746       1.0734
     747       1.1197
     748       1.1374
     749       1.0839
     750       1.0808
     751       1.1893
     752       1.1585
     753       1.2065
     754       1.2527
     755       1.2156
     756       1.3222
     757       1.2878
     758       1.2727
     759       1.2533
     760       1.2106
     761       1.2315
     762       1.2098
     763       1.2249
     764       1.1407
     765       1.1994
     766       1.1438
     767       1.1784
     768       1.1635
     769       1.1645
     770       1.1906
     771       1.1529
     772       1.1465
     773       1.1829
     774       1.1382
     775       1.1343
     776       1.1593
     777       1.1269
     778       1.2293
     779       1.2170
     780       1.2620
     781       1.2724
     782       1.3155
     783       1.2213
     784       1.2191
     785       1.1831
     786       1.1780
     787       1.1756
     788       1.2433
     789       1.2326
     790       1.1957
     791       1.1968
     792       1.2035
     793       1.1632
     794       1.2188
     795       1.1735
     796       1.2295
     797       1.1785
     798       1.1508
     799       1.2060
     800       1.1728
     801       1.1911
     802       1.2341
     803       1.1961
     804       1.1820
     805       1.2169
     806       1.1836
     807       1.1265
     808       1.1958
     809       1.1411
     810       1.2367
     811       1.2580
     812       1.3338
     813       1.3287
     814       1.2667
     815       1.3225
     816       1.3094
     817       1.3421
     818       1.3479
     819       1.4300
     820       1.3923
     821       1.3658
     822       1.4161
     823       1.3533
     824       1.3428
     825       1.2576
     826       1.2855
     827       1.2621
     828       1.2553
     829       1.2560
     830       1.2835
     831       1.3303
     832       1.2643
     833       1.2516
     834       1.1740
     835       1.1792
     836       1.1088
     837       1.1281
     838       1.1122
     839       1.1113
     840       1.1604
     841       1.1534
     842       1.0996
     843       1.1156
     844       1.1637
     845       1.1070
     846       1.1987
     847       1.1142
     848       1.1781
     849       1.1050
     850       1.1225
     851       1.0671
     852       1.1488
     853       1.1190
     854       1.1010
     855       1.1291
     856       1.1834
     857       1.2215
     858       1.2193
     859       1.1810
     860       1.2095
     861       1.1632
     862       1.1248
     863       1.2604
     864       1.2399
     865       1.2526
     866       1.2352
     867       1.1410
     868       1.2043
     869       1.1609
     870       1.2990
     871       1.1906
     872       1.1417
     873       1.1426
     874       1.1430
     875       1.1290
     876       1.1325
     877       1.1755
     878       1.2104
     879       1.2370
     880       1.3661
     881       1.3313
     882       1.3108
     883       1.2780
     884       1.1931
     885       1.2966
     886       1.2515
     887       1.2718
     888       1.2748
     889       1.2217
     890       1.2486
     891       1.2524
     892       1.2457
     893       1.2199
     894       1.1144
     895       1.1107
     896       1.0927
     897       1.1016
     898       1.0567
     899       1.1518
     900       1.1241
     901       1.1495
     902       1.1665
     903       1.2631
     904       1.1930
     905       1.2082
     906       1.3248
     907       1.2318
     908       1.3156
     909       1.2649
     910       1.2161
     911       1.2291
     912       1.2131
     913       1.2332
     914       1.3044
     915       1.2760
     916       1.2607
     917       1.3505
     918       1.3029
     919       1.2212
     920       1.1739
     921       1.1679
     922       1.2697
     923       1.2577
     924       1.1947
     925       1.1729
     926       1.0700
     927       1.0818
     928       1.1229
     929       1.2123
     930       1.2489
     931       1.1812
     932       1.1079
     933       1.1543
     934       1.2051
     935       1.1699
     936       1.1746
     937       1.2025
     938       1.2500
     939       1.2009
     940       1.2120
     941       1.1639
     942       1.1333
     943       1.1411
     944       1.1592
     945       1.1750
     946       1.1544
     947       1.3010
     948       1.2243
     949       1.2602
     950       1.1732
     951       1.2522
     952       1.2329
     953       1.2220
     954       1.2674
     955       1.2454
     956       1.2464
     957       1.2317
     958       1.2485
     959       1.3607
     960       1.4534
     961       1.3396
     962       1.2381
     963       1.2973
     964       1.2988
     965       1.2532
     966       1.1371
     967       1.1742
     968       1.1857
     969       1.2446
     970       1.2018
     971       1.2174
     972       1.2129
     973       1.2610
     974       1.2315
     975       1.2445
     976       1.2603
     977       1.2453
     978       1.2399
     979       1.2717
     980       1.2311
     981       1.2361
     982       1.1854
     983       1.1282
     984       1.1083
     985       1.0785
     986       1.1359
     987       1.2618
     988       1.2493
     989       1.3030
     990       1.2558
     991       1.3068
     992       1.3315
     993       1.2917
     994       1.2095
     995       1.1757
     996       1.2468
     997       1.2446
     998       1.1908
     999       1.2435
    1000       1.1785
    1001       1.2128
    1002       1.3081
    1003       1.2313
    1004       1.2112
    1005       1.2454
    1006       1.2421
    1007       1.2274
    1008       1.2594
    1009       1.2446
    1010       1.2420
    1011       1.2417
    1012       1.2191
    1013       1.2215
    1014       1.1412
    1015       1.1133
    1016       1.1595
    1017       1.2408
    1018       1.2440
    1019       1.1961
    1020       1.0973
    1021       1.1879
    1022       1.1647
    1023       1.2363
    1024       1.2413
    1025       1.1533
    1026       1.2912
    1027       1.3262
    1028       1.2339
    1029       1.2158
    1030       1.2132
    1031       1.1783
    1032       1.1490
    1033       1.1155
    1034       1.2120
    1035       1.2575
    1036       1.2281
    1037       1.2236
    1038       1.2200
    1039       1.2510
    1040       1.3083
    1041       1.3457
    1042       1.3358
    1043       1.2959
    1044       1.2291
    1045       1.2332
    1046       1.1395
    1047       1.2188
    1048       1.1711
    1049       1.1187
    1050       1.1249
    1051       1.1061
    1052       1.0935
    1053       1.0819
    1054       1.1133
    1055       1.1943
    1056       1.2538
    1057       1.1809
    1058       1.1751
    1059       1.1400
    1060       1.1183
    1061       1.1046
    1062       1.1237
    1063       1.0229
    1064       1.0566
    1065       1.0656
    1066       1.1323
    1067       1.1568
    1068       1.1501
    1069       1.1812
    1070       1.1301
    1071       1.1614
    1072       1.1694
    1073       1.1353
    1074       1.1353
    1075       1.1459
    1076       1.0266
    1077       1.0968
    1078       1.0922
    1079       1.0550
    1080       1.1368
    1081       1.1297
    1082       1.2028
    1083       1.1697
    1084       1.2060
    1085       1.2570
    1086       1.2312
    1087       1.1402
    1088       1.1711
    1089       1.2357
    1090       1.2102
    1091       1.1474
    1092       1.1794
    1093       1.2198
    1094       1.2025
    1095       1.2235
    1096       1.2295
    1097       1.2509
    1098       1.2560
    1099       1.2013
    1100       1.2725
    1101       1.2604
    1102       1.1533
    1103       1.1463
    1104       1.1100
    1105       1.1282
    1106       1.1802
    1107       1.1537
    1108       1.1945
    1109       1.1552
    1110       1.1524
    1111       1.1845
    1112       1.2151
    1113       1.1104
    1114       1.1710
    1115       1.1798
    1116       1.1632
    1117       1.1527
    1118       1.1142
    1119       1.0490
    1120       1.0272
    1121       1.1112
    1122       1.1474
    1123       1.1701
    1124       1.1213
    1125       1.0571
    1126       1.1153
    1127       1.0987
    1128       1.1258
    1129       1.0982
    1130       1.1680
    1131       1.0618
    1132       1.0043
    1133       1.0501
    1134       1.1445
    1135       1.1293
    1136       1.1163
    1137       1.0875
    1138       1.1304
    1139       1.1463
    1140       1.1450
    1141       1.1341
    1142       1.1626
    1143       1.1858
    1144       1.0807
    1145       1.0509
    1146       1.1370
    1147       1.0124
    1148       1.0303
    1149       1.0899
    1150       1.0928
    1151       1.1609
    1152       1.0877
    1153       1.0914
    1154       1.1389
    1155       1.1432
    1156       1.1183
    1157       1.0568
    1158       1.0821
    1159       1.0482
    1160       1.0517
    1161       1.1343
    1162       1.1692
    1163       1.1975
    1164       1.2404
    1165       1.1754
    1166       1.2110
    1167       1.2295
    1168       1.1790
    1169       1.2056
    1170       1.3184
    1171       1.3419
    1172       1.2898
    1173       1.3001
    1174       1.3366
    1175       1.2465
    1176       1.3667
    1177       1.4206
    1178       1.3664
    1179       1.3619
    1180       1.3519
    1181       1.3547
    1182       1.4146
    1183       1.3673
    1184       1.3422
    1185       1.4736
    1186       1.3626
    1187       1.3486
    1188       1.3120
    1189       1.3001
    1190       1.5059
    1191       1.3914
    1192       1.3336
    1193       1.2903
    1194       1.3013
    1195       1.2917
    1196       1.1778
    1197       1.1318
    1198       1.1719
    1199       1.1140
    1200       1.0575
    1201       1.0631
    1202       1.0321
    1203       1.1236
    1204       1.0816
    1205       1.1787
    1206       1.1982
    1207       1.2506
    1208       1.2554
    1209       1.1795
    1210       1.2026
    1211       1.2510
    1212       1.2051
    1213       1.0938
    1214       1.0378
    1215       1.0259
    1216       0.9874
    1217       0.9851
    1218       1.0125
    1219       0.9695
    1220       1.0547
    1221       1.1199
    1222       1.0900
    1223       1.1147
    1224       1.1723
    1225       1.2132
    1226       1.1750
    1227       1.1008
    1228       1.1068
    1229       1.0759
    1230       1.0556
    1231       1.0277
    1232       1.1235
    1233       1.2208
    1234       1.2034
    1235       1.1544
    1236       1.2156
    1237       1.1524
    1238       1.2660
    1239       1.2897
    1240       1.3004
    1241       1.3174
    1242       1.3362
    1243       1.3466
    1244       1.3185
    1245       1.3136
    1246       1.2862
    1247       1.2051
    1248       1.1786
    1249       1.1499
    1250       1.1597
    1251       1.1126
    1252       1.0807
    1253       1.0463
    1254       1.0493
    1255       1.1101
    1256       1.1061
    1257       1.1538
    1258       1.1756
    1259       1.1960
    1260       1.2024
    1261       1.1709
    1262       1.2155
    1263       1.2669
    1264       1.2393
    1265       1.2585
    1266       1.2075
    1267       1.1863
    1268       1.1871
    1269       1.1940
    1270       1.2327
    1271       1.2588
    1272       1.1964
    1273       1.2190
    1274       1.1936
    1275       1.1719
    1276       1.2005
    1277       1.1924
    1278       1.1267
    1279       1.1330
    1280       1.0804
    1281       1.1869
    1282       1.1700
    1283       1.2025
    1284       1.1722
    1285       1.2073
    1286       1.1066
    1287       1.0500
    1288       1.0953
    1289       1.1451
    1290       1.1553
    1291       1.0637
    1292       1.0971
    1293       1.0984
    1294       1.1379
    1295       1.1183
    1296       1.0398
    1297       1.1003
    1298       1.1843
    1299       1.1713
    1300       1.1442
    1301       1.1799
    1302       1.1621
    1303       1.1242
    1304       1.1237
    1305       1.1239
    1306       1.0939
    1307       1.1592
    1308       1.1898
    1309       1.1132
    1310       1.1790
    1311       1.1332
    1312       1.1542
    1313       1.2380
    1314       1.3683
    1315       1.3398
    1316       1.2494
    1317       1.2702
    1318       1.2175
    1319       1.3050
    1320       1.2972
    1321       1.2793
    1322       1.2941
    1323       1.2628
    1324       1.2464
    1325       1.2575
    1326       1.2106
    1327       1.1306
    1328       1.1833
    1329       1.1699
    1330       1.1325
    1331       1.2044
    1332       1.1178
    1333       1.1574
    1334       1.1355
    1335       1.1803
    1336       1.1248
    1337       1.1261
    1338       1.0711
    1339       1.0662
    1340       1.0695
    1341       1.0681
    1342       1.0697
    1343       1.0357
    1344       1.0610
    1345       1.0410
    1346       1.1094
    1347       1.1097
    1348       1.1363
    1349       1.1600
    1350       1.1976
    1351       1.1337
    1352       1.1317
    1353       1.1688
    1354       1.0815
    1355       1.0670
    1356       1.0378
    1357       1.0151
    1358       1.0757
    1359       1.0684
    1360       1.0733
    1361       1.0596
    1362       1.1576
    1363       1.1309
    1364       1.1210
    1365       1.1372
    1366       1.0979
    1367       1.0735
    1368       1.1248
    1369       1.1028
    1370       1.0840
    1371       1.0609
    1372       1.0990
    1373       1.1105
    1374       1.0950
    1375       1.0848
    1376       1.0542
    1377       1.1128
    1378       1.1268
    1379       1.1555
    1380       1.2046
    1381       1.1075
    1382       1.0796
    1383       1.1297
    1384       1.1297
    1385       1.0945
    1386       1.0399
    1387       1.1232
    1388       1.1492
    1389       1.2201
    1390       1.2437
    1391       1.2681
    1392       1.2129
    1393       1.1447
    1394       1.1517
    1395       1.1004
    1396       1.1395
    1397       1.1203
    1398       1.1532
    1399       1.1527
    1400       1.2760
    1401       1.2852
    1402       1.2963
    1403       1.2201
    1404       1.2845
    1405       1.2153
    1406       1.1696
    1407       1.1731
    1408       1.1295
    1409       1.1239
    1410       1.1301
    1411       1.2043
    1412       1.1508
    1413       1.1002
    1414       1.1411
    1415       1.1983
    1416       1.1471
    1417       1.1511
    1418       1.1471
    1419       1.1748
    1420       1.2078
    1421       1.2147
    1422       1.3338
    1423       1.4263
    1424       1.3412
    1425       1.4202
    1426       1.3829
    1427       1.3016
    1428       1.3056
    1429       1.3173
    1430       1.3509
    1431       1.3188
    1432       1.2640
    1433       1.3136
    1434       1.2517
    1435       1.2973
    1436       1.2741
    1437       1.2433
    1438       1.1645
    1439       1.2081
    1440       1.2388
    1441       1.1286
    1442       1.1977
    1443       1.2247
    1444       1.2029
    1445       1.2050
    1446       1.1999
    1447       1.2283
    1448       1.2592
    1449       1.3132
    1450       1.2898
    1451       1.2854
    1452       1.2491
    1453       1.2481
    1454       1.2443
    1455       1.2388
    1456       1.2115
    1457       1.2266
    1458       1.1991
    1459       1.1516
    1460       1.2804
    1461       1.2136
    1462       1.1626
    1463       1.1415
    1464       1.1452
    1465       1.1447
    1466       1.2084
    1467       1.2455
    1468       1.2826
    1469       1.2850
    1470       1.1906
    1471       1.2053
    1472       1.1700
    1473       1.1976
    1474       1.1205
    1475       1.1657
    1476       1.1722
    1477       1.1600
    1478       1.1652
    1479       1.2010
    1480       1.2210
    1481       1.2173
    1482       1.2647
    1483       1.3068
    1484       1.2796
    1485       1.1890
    1486       1.2528
    1487       1.1346
    1488       1.2793
    1489       1.2510
    1490       1.3154
    1491       1.3283
    1492       1.3359
    1493       1.3004
    1494       1.2609
    1495       1.2180
    1496       1.1319
    1497       1.1794
    1498       1.2457
    1499       1.1577
    1500       1.1470
    1501       1.1573
    1502       1.1027
    1503       1.0897
    1504       1.0788
    1505       1.1473
    1506       1.1063
    1507       1.1344
    1508       1.1366
    1509       1.1449
    1510       1.1324
    1511       1.1717
    1512       1.1860
    1513       1.2900
    1514       1.2970
    1515       1.3267
    1516       1.2403
    1517       1.2012
    1518       1.2107
    1519       1.1645
    1520       1.2043
    1521       1.2260
    1522       1.1401
    1523       1.2441
    1524       1.2237
    1525       1.1889
    1526       1.2403
    1527       1.1687
    1528       1.1852
    1529       1.0762
    1530       1.1164
    1531       1.1241
    1532       1.0460
    1533       1.1788
    1534       1.1459
    1535       1.0421
    1536       1.1045
    1537       1.0736
    1538       1.1456
    1539       1.0560
    1540       1.0501
    1541       1.1318
    1542       1.1452
    1543       1.0948
    1544       1.1060
    1545       1.1616
    1546       1.1299
    1547       1.0381
    1548       1.0346
    1549       1.0574
    1550       1.0576
    1551       1.0317
    1552       1.0931
    1553       1.0424
    1554       1.0812
    1555       1.0966
    1556       1.1052
    1557       1.0424
    1558       1.0943
    1559       1.0821
    1560       1.0963
    1561       1.0204
    1562       1.0249
    1563       1.0922
    1564       1.1202
    1565       1.1296
    1566       1.1639
    1567       1.1608
    1568       1.1986
    1569       1.1810
    1570       1.1649
    1571       1.2084
    1572       1.2455
    1573       1.3224
    1574       1.2516
    1575       1.1581
    1576       1.1605
    1577       1.1876
    1578       1.2039
    1579       1.1464
    1580       1.1934
    1581       1.2430
    1582       1.2559
    1583       1.2407
    1584       1.2370
    1585       1.1138
    1586       1.1402
    1587       1.1438
    1588       1.2155
    1589       1.2061
    1590       1.2251
    1591       1.2327
    1592       1.1351
    1593       1.1970
    1594       1.2426
    1595       1.3028
    1596       1.3178
    1597       1.3914
    1598       1.3581
    1599       1.2927
    1600       1.2545
    1601       1.2046
    1602       1.2576
    1603       1.2282
    1604       1.1847
    1605       1.2609
    1606       1.1857
    1607       1.1680
    1608       1.1977
    1609       1.2230
    1610       1.1855
    1611       1.2547
    1612       1.2492
    1613       1.1417
    1614       1.2068
    1615       1.1561
    1616       1.1761
    1617       1.1839
    1618       1.1971
    1619       1.2189
    1620       1.1369
    1621       1.1741
    1622       1.1778
    1623       1.1914
    1624       1.1383
    1625       1.1719
    1626       1.2086
    1627       1.0806
    1628       1.2033
    1629       1.1818
    1630       1.1731
    1631       1.1453
    1632       1.2172
    1633       1.1592
    1634       1.1467
    1635       1.0767
    1636       1.1720
    1637       1.1060
    1638       1.2010
    1639       1.2116
    1640       1.2314
    1641       1.2780
    1642       1.2384
    1643       1.1716
    1644       1.1224
    1645       1.1534
    1646       1.1172
    1647       1.1282
    1648       1.0427
    1649       1.1453
    1650       1.0639
    1651       1.0756
    1652       1.0217
    1653       1.0570
    1654       1.0459
    1655       1.0359
    1656       1.0274
    1657       1.0079
    1658       0.9723
    1659       1.0033
    1660       1.0543
    1661       0.9660
    1662       0.9991
    1663       1.0015
    1664       1.0382
    1665       0.9411
    1666       0.9904
    1667       1.0187
    1668       0.9664
    1669       0.9769
    1670       1.0341
    1671       1.0554
    1672       1.1106
    1673       1.1016
    1674       1.1174
    1675       1.0930
    1676       1.0571
    1677       1.0952
    1678       1.1453
    1679       1.1180
    1680       1.2012
    1681       1.1776
    1682       1.1361
    1683       1.1635
    1684       1.1601
    1685       1.1551
    1686       1.1294
    1687       1.1384
    1688       1.1006
    1689       1.1402
    1690       1.1224
    1691       1.1472
    1692       1.0839
    1693       1.1352
    1694       1.1198
    1695       1.0787
    1696       1.0598
    1697       1.0584
    1698       1.1522
    1699       1.0673
    1700       1.0785
    1701       0.9775
    1702       1.0036
    1703       0.9791
    1704       1.0251
    1705       1.0666
    1706       1.0257
    1707       1.0958
    1708       1.0622
    1709       1.0784
    1710       1.0950
    1711       1.1733
    1712       1.1928
    1713       1.1626
    1714       1.1204
    1715       1.0614
    1716       1.0611
    1717       1.0537
    1718       1.0147
    1719       1.0650
    1720       1.0844
    1721       1.0211
    1722       1.0791
    1723       1.0511
    1724       1.0484
    1725       1.0988
    1726       1.1355
    1727       1.0417
    1728       1.1290
    1729       1.1570
    1730       1.0626
    1731       1.0650
    1732       1.1072
    1733       1.0916
    1734       1.1290
    1735       1.1285
    1736       1.1546
    1737       1.1700
    1738       1.1143
    1739       1.1722
    1740       1.1979
    1741       1.2917
    1742       1.2475
    1743       1.2658
    1744       1.4099
    1745       1.2443
    1746       1.2489
    1747       1.2235
    1748       1.3073
    1749       1.3153
    1750       1.2865
    1751       1.3019
    1752       1.2080
    1753       1.2465
    1754       1.2596
    1755       1.2105
    1756       1.2688
    1757       1.2164
    1758       1.2665
    1759       1.2042
    1760       1.1741
    1761       1.2138
    1762       1.2225
    1763       1.1618
    1764       1.2002
    1765       1.2476
    1766       1.2073
    1767       1.1092
    1768       1.0980
    1769       1.1092
    1770       1.1262
    1771       1.1312
    1772       1.1565
    1773       1.2070
    1774       1.2051
    1775       1.2475
    1776       1.2324
    1777       1.2188
    1778       1.2205
    1779       1.2516
    1780       1.2402
    1781       1.2561
    1782       1.1889
    1783       1.1813
    1784       1.1636
    1785       1.2177
    1786       1.2266
    1787       1.1390
    1788       1.1624
    1789       1.1584
    1790       1.2408
    1791       1.2411
    1792       1.1729
    1793       1.2261
    1794       1.2958
    1795       1.4415
    1796       1.4197
    1797       1.3776
    1798       1.4688
    1799       1.4077
    1800       1.3379
    1801       1.3613
    1802       1.3016
    1803       1.2981
    1804       1.2769
    1805       1.1938
    1806       1.2899
    1807       1.1927
    1808       1.2726
    1809       1.1596
    1810       1.1812
    1811       1.2904
    1812       1.3396
    1813       1.2991
    1814       1.2748
    1815       1.1865
    1816       1.1785
    1817       1.1976
    1818       1.3579
    1819       1.2796
    1820       1.2575
    1821       1.2737
    1822       1.2327
    1823       1.2269
    1824       1.2057
    1825       1.2136
    1826       1.1959
    1827       1.1469
    1828       1.1216
    1829       1.1533
    1830       1.1835
    1831       1.1448
    1832       1.2235
    1833       1.1961
    1834       1.1853
    1835       1.2619
    1836       1.2490
    1837       1.2145
    1838       1.3000
    1839       1.2833
    1840       1.3624
    1841       1.5056
    1842       1.4075
    1843       1.3617
    1844       1.2966
    1845       1.3260
    1846       1.3064
    1847       1.2686
    1848       1.1990
    1849       1.1894
    1850       1.1733
    1851       1.1608
    1852       1.1340
    1853       1.1441
    1854       1.1786
    1855       1.1865
    1856       1.2467
    1857       1.1593
    1858       1.1453
    1859       1.1984
    1860       1.1999
    1861       1.2478
    1862       1.2624
    1863       1.2472
    1864       1.2602
    1865       1.2723
    1866       1.2435
    1867       1.2284
    1868       1.1553
    1869       1.1617
    1870       1.1180
    1871       1.2080
    1872       1.2270
    1873       1.1478
    1874       1.1988
    1875       1.2505
    1876       1.2570
    1877       1.2696
    1878       1.2224
    1879       1.3076
    1880       1.3103
    1881       1.3537
    1882       1.3174
    1883       1.3846
    1884       1.4099
    1885       1.3500
    1886       1.4559
    1887       1.4399
    1888       1.3908
    1889       1.2773
    1890       1.2475
    1891       1.2881
    1892       1.2934
    1893       1.2760
    1894       1.2488
    1895       1.2737
    1896       1.2461
    1897       1.2227
    1898       1.2876
    1899       1.3711
    1900       1.3878
    1901       1.3098
    1902       1.3100
    1903       1.2529
    1904       1.2600
    1905       1.3399
    1906       1.2917
    1907       1.3401
    1908       1.2656
    1909       1.3247
    1910       1.2216
    1911       1.2482
    1912       1.2838
    1913       1.3495
    1914       1.3781
    1915       1.3299
    1916       1.3220
    1917       1.2934
    1918       1.2972
    1919       1.2734
    1920       1.2190
    1921       1.2280
    1922       1.2159
    1923       1.2985
    1924       1.3136
    1925       1.3804
    1926       1.3734
    1927       1.3412
    1928       1.3693
    1929       1.2740
    1930       1.3074
    1931       1.3153
    1932       1.3339
    1933       1.3716
    1934       1.3708
    1935       1.3151
    1936       1.2842
    1937       1.2547
    1938       1.2527
    1939       1.2673
    1940       1.2479
    1941       1.3091
    1942       1.3337
    1943       1.2881
    1944       1.3354
    1945       1.3067
    1946       1.3553
    1947       1.3535
    1948       1.2936
    1949       1.2968
    1950       1.3175
    1951       1.3156
    1952       1.2905
    1953       1.3513
    1954       1.4014
    1955       1.3786
    1956       1.4002
    1957       1.4474
    1958       1.4644
    1959       1.4492
    1960       1.3681
    1961       1.4453
    1962       1.5215
    1963       1.5233
    1964       1.5116
    1965       1.4749
    1966       1.4692
    1967       1.4767
    1968       1.4110
    1969       1.4025
    1970       1.4364
    1971       1.3941
    1972       1.3644
    1973       1.3847
    1974       1.3477
    1975       1.3327
    1976       1.4159
    1977       1.4148
    1978       1.4500
    1979       1.5168
    1980       1.5175
    1981       1.5172
    1982       1.3941
    1983       1.4291
    1984       1.3859
    1985       1.4111
    1986       1.3942
    1987       1.3795
    1988       1.2511
    1989       1.2735
    1990       1.3100
    1991       1.3539
    1992       1.3902
    1993       1.3557
    1994       1.3391
    1995       1.3213
    1996       1.3783
    1997       1.3384
    1998       1.3313
    1999       1.3805
    2000       1.3783
    2001       1.4195
    2002       1.5067
    2003       1.4895
    2004       1.3876
    2005       1.3627
    2006       1.3681
    2007       1.3390
    2008       1.3581
    2009       1.4021
    2010       1.3760
    2011       1.4100
    2012       1.3849
    2013       1.2852
    2014       1.3587
    2015       1.4334
    2016       1.4097
    2017       1.4478
    2018       1.4126
    2019       1.3334
    2020       1.4216
    2021       1.3151
    2022       1.2833
    2023       1.2595
    2024       1.2927
    2025       1.2404
    2026       1.2400
    2027       1.2790
    2028       1.3287
    2029       1.3479
    2030       1.3766
    2031       1.4086
    2032       1.3491
    2033       1.3775
    2034       1.4474
    2035       1.4402
    2036       1.4518
    2037       1.5126
    2038       1.4434
    2039       1.4387
    2040       1.4293
    2041       1.3408
    2042       1.3690
    2043       1.3671
    2044       1.4010
    2045       1.4299
    2046       1.3965
    2047       1.4636
    2048       1.5094
    2049       1.4420
    2050       1.4463
    2051       1.4146
    2052       1.4082
    2053       1.3344
    2054       1.3777
    2055       1.4102
    2056       1.3629
    2057       1.3838
    2058       1.3681
    2059       1.4526
    2060       1.4875
    2061       1.5052
    2062       1.4539
    2063       1.4732
    2064       1.3727
    2065       1.3208
    2066       1.3158
    2067       1.3478
    2068       1.4457
    2069       1.3514
    2070       1.4492
    2071       1.5004
    2072       1.5286
    2073       1.4600
    2074       1.4797
    2075       1.4950
    2076       1.5047
    2077       1.4288
    2078       1.5012
    2079       1.4684
    2080       1.4647
    2081       1.4209
    2082       1.4013
    2083       1.4961
    2084       1.5101
    2085       1.5622
    2086       1.5262
    2087       1.4579
    2088       1.4937
    2089       1.4273
    2090       1.4319
    2091       1.4556
    2092       1.4595
    2093       1.3314
    2094       1.4055
    2095       1.4168
    2096       1.3525
    2097       1.3390
    2098       1.3189
    2099       1.3420
    2100       1.3324
    2101       1.3630
    2102       1.4225
    2103       1.3536
    2104       1.3515
    2105       1.3589
    2106       1.3188
    2107       1.3096
    2108       1.2984
    2109       1.2917
    2110       1.2789
    2111       1.3327
    2112       1.3855
    2113       1.3592
    2114       1.4679
    2115       1.3674
    2116       1.3449
    2117       1.2759
    2118       1.2998
    2119       1.2749
    2120       1.2198
    2121       1.1999
    2122       1.2346
    2123       1.2394
    2124       1.2150
    2125       1.2074
    2126       1.1851
    2127       1.1612
    2128       1.1408
    2129       1.1681
    2130       1.1904
    2131       1.2200
    2132       1.2229
    2133       1.2255
    2134       1.2509
    2135       1.3582
    2136       1.2575
    2137       1.2260
    2138       1.2071
    2139       1.2262
    2140       1.2344
    2141       1.1385
    2142       1.1678
    2143       1.1892
    2144       1.1356
    2145       1.1298
    2146       1.1540
    2147       1.1161
    2148       1.1884
    2149       1.2196
    2150       1.1710
    2151       1.1997
    2152       1.2333
    2153       1.2706
    2154       1.1944
    2155       1.1588
    2156       1.1648
    2157       1.2400
    2158       1.2669
    2159       1.2160
    2160       1.2215
    2161       1.2590
    2162       1.2944
    2163       1.2547
    2164       1.2135
    2165       1.3331
    2166       1.2982
    2167       1.2279
    2168       1.2765
    2169       1.1987
    2170       1.2251
    2171       1.2428
    2172       1.1902
    2173       1.1698
    2174       1.1352
    2175       1.1956
    2176       1.1441
    2177       1.1901
    2178       1.2684
    2179       1.2449
    2180       1.2569
    2181       1.2770
    2182       1.2430
    2183       1.1640
    2184       1.2872
    2185       1.2676
    2186       1.3270
    2187       1.2304
    2188       1.2586
    2189       1.2072
    2190       1.2556
    2191       1.2572
    2192       1.2270
    2193       1.2854
    2194       1.2494
    2195       1.1954
    2196       1.1861
    2197       1.1851
    2198       1.2432
    2199       1.0869
    2200       1.1416
    2201       1.1855
    2202       1.2155
    2203       1.1686
    2204       1.2143
    2205       1.2019
    2206       1.1706
    2207       1.2089
    2208       1.1959
    2209       1.1599
    2210       1.1874
    2211       1.1688
    2212       1.1668
    2213       1.1744
    2214       1.2476
    2215       1.2384
    2216       1.2738
    2217       1.2682
    2218       1.2663
    2219       1.3235
    2220       1.2299
    2221       1.2675
    2222       1.2186
    2223       1.2390
    2224       1.2842
    2225       1.2449
    2226       1.3224
    2227       1.3582
    2228       1.2952
    2229       1.3527
    2230       1.3313
    2231       1.2376
    2232       1.2720
    2233       1.2911
    2234       1.3320
    2235       1.2736
    2236       1.2468
    2237       1.2411
    2238       1.2294
    2239       1.2159
    2240       1.2562
    2241       1.2631
    2242       1.3095
    2243       1.2917
    2244       1.2875
    2245       1.2679
    2246       1.2563
    2247       1.2792
    2248       1.2370
    2249       1.2854
    2250       1.2492
    2251       1.1422
    2252       1.2194
    2253       1.1679
    2254       1.1852
    2255       1.2242
    2256       1.2298
    2257       1.2304
    2258       1.1739
    2259       1.1849
    2260       1.2199
    2261       1.2187
    2262       1.2531
    2263       1.1715
    2264       1.1403
    2265       1.1430
    2266       1.2140
    2267       1.1734
    2268       1.1535
    2269       1.2213
    2270       1.2344
    2271       1.2653
    2272       1.1995
    2273       1.1231
    2274       1.1731
    2275       1.1646
    2276       1.1517
    2277       1.1179
    2278       1.0926
    2279       1.0855
    2280       1.1145
    2281       1.0783
    2282       1.1013
    2283       1.1203
    2284       1.1185
    2285       1.1714
    2286       1.1084
    2287       1.1638
    2288       1.2119
    2289       1.0728
    2290       1.1376
    2291       1.0770
    2292       1.1802
    2293       1.1724
    2294       1.0828
    2295       1.1644
    2296       1.1612
    2297       1.1622
    2298       1.1779
    2299       1.2030
    2300       1.1681
    2301       1.2346
    2302       1.1610
    2303       1.2116
    2304       1.1984
    2305       1.1560
    2306       1.1946
    2307       1.1501
    2308       1.1733
    2309       1.1772
    2310       1.1955
    2311       1.2446
    2312       1.2901
    2313       1.1566
    2314       1.1834
    2315       1.2006
    2316       1.1875
    2317       1.1884
    2318       1.1349
    2319       1.1792
    2320       1.1444
    2321       1.1785
    2322       1.1216
    2323       1.1206
    2324       1.1313
    2325       1.1372
    2326       1.1180
    2327       1.1398
    2328       1.1193
    2329       1.0632
    2330       1.2076
    2331       1.2088
    2332       1.1196
    2333       1.1818
    2334       1.1219
    2335       1.0333
    2336       1.0898
    2337       1.0707
    2338       1.0952
    2339       1.0615
    2340       1.0848
    2341       1.1333
    2342       1.1270
    2343       1.1014
    2344       1.1444
    2345       1.1397
    2346       1.0955
    2347       1.1113
    2348       1.1037
    2349       1.0827
    2350       1.1125
    2351       1.1401
    2352       1.1175
    2353       1.0492
    2354       1.0648
    2355       1.1693
    2356       1.1335
    2357       1.1405
    2358       1.1167
    2359       1.1788
    2360       1.1347
    2361       1.1894
    2362       1.1710
    2363       1.1359
    2364       1.1235
    2365       1.0788
    2366       1.1418
    2367       1.1298
    2368       1.1230
    2369       1.1863
    2370       1.1923
    2371       1.3047
    2372       1.2025
    2373       1.2040
    2374       1.1891
    2375       1.1409
    2376       1.2180
    2377       1.2239
    2378       1.1801
    2379       1.1030
    2380       1.1873
    2381       1.2292
    2382       1.2186
    2383       1.2063
    2384       1.1753
    2385       1.1439
    2386       1.1682
    2387       1.2140
    2388       1.1550
    2389       1.1602
    2390       1.1912
    2391       1.2813
    2392       1.2106
    2393       1.2305
    2394       1.2212
    2395       1.2646
    2396       1.2566
    2397       1.2389
    2398       1.2004
    2399       1.2384
    2400       1.2711
    2401       1.3101
    2402       1.3009
    2403       1.3004
    2404       1.3038
    2405       1.2865
    2406       1.2584
    2407       1.1969
    2408       1.2118
    2409       1.1450
    2410       1.2500
    2411       1.2107
    2412       1.2313
    2413       1.1643
    2414       1.1634
    2415       1.2210
    2416       1.2228
    2417       1.2056
    2418       1.2201
    2419       1.1787
    2420       1.1742
    2421       1.2222
    2422       1.2638
    2423       1.2455
    2424       1.2049
    2425       1.1668
    2426       1.1755
    2427       1.1580
    2428       1.1638
    2429       1.1733
    2430       1.1719
    2431       1.2137
    2432       1.2089
    2433       1.2201
    2434       1.2136
    2435       1.1537
    2436       1.1489
    2437       1.1739
    2438       1.1213
    2439       1.1620
    2440       1.1776
    2441       1.1839
    2442       1.1980
    2443       1.1816
    2444       1.2163
    2445       1.1361
    2446       1.1365
    2447       1.1854
    2448       1.2008
    2449       1.1580
    2450       1.2107
    2451       1.2757
    2452       1.2638
    2453       1.2083
    2454       1.1773
    2455       1.2361
    2456       1.1741
    2457       1.2554
    2458       1.2761
    2459       1.2745
    2460       1.2104
    2461       1.2638
    2462       1.2488
    2463       1.2798
    2464       1.2826
    2465       1.2919
    2466       1.3230
    2467       1.2514
    2468       1.2968
    2469       1.2260
    2470       1.2166
    2471       1.1565
    2472       1.1653
    2473       1.2059
    2474       1.1609
    2475       1.1840
    2476       1.1966
    2477       1.2095
    2478       1.2758
    2479       1.2866
    2480       1.2953
    2481       1.2716
    2482       1.1816
    2483       1.1949
    2484       1.1935
    2485       1.2212
    2486       1.2156
    2487       1.1874
    2488       1.1851
    2489       1.2713
    2490       1.2613
    2491       1.2660
    2492       1.1773
    2493       1.2102
    2494       1.1518
    2495       1.1790
    2496       1.1297
    2497       1.1998
    2498       1.2301
    2499       1.1953
    2500       1.2162
    2501       1.2109
    2502       1.2261
    2503       1.2359
    2504       1.2876
    2505       1.2475
    2506       1.2427
    2507       1.2704
    2508       1.1887
    2509       1.2440
    2510       1.2891
    2511       1.2268
    2512       1.2487
    2513       1.2556
    2514       1.2877
    2515       1.2810
    2516       1.2459
    2517       1.2441
    2518       1.2557
    2519       1.2115
    2520       1.2218
    2521       1.2036
    2522       1.2215
    2523       1.2646
    2524       1.2345
    2525       1.2339
    2526       1.1757
    2527       1.2261
    2528       1.2882
    2529       1.2672
    2530       1.2020
    2531       1.1483
    2532       1.2662
    2533       1.2414
    2534       1.2244
    2535       1.1526
    2536       1.2251
    2537       1.2087
    2538       1.2806
    2539       1.2200
    2540       1.2045
    2541       1.1906
    2542       1.3164
    2543       1.2433
    2544       1.2747
    2545       1.2473
    2546       1.2514
    2547       1.1654
    2548       1.2333
    2549       1.2951
    2550       1.2520
    2551       1.3902
    2552       1.3711
    2553       1.3615
    2554       1.3201
    2555       1.3206
    2556       1.3031
    2557       1.2426
    2558       1.1543
    2559       1.2520
    2560       1.2574
    2561       1.2461
    2562       1.2704
    2563       1.2673
    2564       1.2518
    2565       1.2857
    2566       1.2503
    2567       1.2740
    2568       1.2796
    2569       1.2643
    2570       1.2794
    2571       1.2620
    2572       1.1847
    2573       1.3138
    2574       1.3267
    2575       1.2929
    2576       1.2522
    2577       1.2265
    2578       1.2178
    2579       1.1446
    2580       1.1774
    2581       1.2209
    2582       1.2377
    2583       1.2812
    2584       1.1814
    2585       1.2440
    2586       1.2456
    2587       1.3578
    2588       1.2485
    2589       1.3091
    2590       1.4048
    2591       1.3530
    2592       1.3154
    2593       1.2842
    2594       1.3185
    2595       1.2423
    2596       1.3110
    2597       1.3067
    2598       1.3274
    2599       1.2804
    2600       1.2061
    2601       1.2705
    2602       1.2238
    2603       1.3908
    2604       1.3387
    2605       1.3515
    2606       1.3263
    2607       1.3624
    2608       1.3789
    2609       1.2870
    2610       1.2866
    2611       1.2565
    2612       1.2175
    2613       1.1914
    2614       1.2226
    2615       1.1893
    2616       1.2783
    2617       1.2262
    2618       1.1751
    2619       1.1840
    2620       1.2336
    2621       1.2290
    2622       1.1967
    2623       1.2204
    2624       1.3149
    2625       1.3124
    2626       1.2705
    2627       1.2794
    2628       1.2686
    2629       1.3057
    2630       1.2144
    2631       1.2212
    2632       1.2097
    2633       1.1685
    2634       1.2401
    2635       1.2481
    2636       1.2220
    2637       1.2228
    2638       1.1824
    2639       1.2078
    2640       1.2100
    2641       1.3209
    2642       1.2858
    2643       1.3175
    2644       1.3184
    2645       1.3655
    2646       1.3370
    2647       1.3560
    2648       1.3291
    2649       1.2855
    2650       1.3434
    2651       1.3230
    2652       1.3215
    2653       1.2361
    2654       1.3602
    2655       1.3283
    2656       1.3334
    2657       1.4259
    2658       1.3766
    2659       1.3333
    2660       1.3661
    2661       1.5144
    2662       1.5089
    2663       1.4821
    2664       1.4780
    2665       1.4453
    2666       1.4859
    2667       1.3770
    2668       1.4145
    2669       1.3333
    2670       1.2397
    2671       1.3062
    2672       1.3524
    2673       1.3894
    2674       1.3011
    2675       1.3863
    2676       1.4081
    2677       1.4225
    2678       1.4107
    2679       1.4341
    2680       1.4215
    2681       1.3481
    2682       1.2980
    2683       1.3240
    2684       1.3429
    2685       1.4161
    2686       1.2895
    2687       1.1494
    2688       1.2160
    2689       1.2972
    2690       1.2293
    2691       1.2223
    2692       1.2003
    2693       1.1670
    2694       1.2319
    2695       1.2207
    2696       1.2903
    2697       1.3194
    2698       1.2863
    2699       1.2959
    2700       1.2651
    2701       1.2531
    2702       1.2715
    2703       1.2858
    2704       1.3283
    2705       1.2571
    2706       1.2731
    2707       1.2520
    2708       1.2757
    2709       1.2099
    2710       1.2695
    2711       1.1958
    2712       1.1893
    2713       1.1863
    2714       1.1624
    2715       1.1301
    2716       1.1931
    2717       1.2011
    2718       1.1549
    2719       1.1618
    2720       1.1637
    2721       1.1241
    2722       1.1353
    2723       1.1645
    2724       1.1420
    2725       1.1578
    2726       1.1142
    2727       1.1713
    2728       1.1624
    2729       1.2008
    2730       1.1837
    2731       1.1867
    2732       1.2001
    2733       1.2154
    2734       1.2260
    2735       1.1900
    2736       1.2552
    2737       1.2111
    2738       1.1900
    2739       1.1663
    2740       1.1535
    2741       1.2558
    2742       1.1666
    2743       1.2013
    2744       1.2140
    2745       1.2338
    2746       1.1659
    2747       1.2334
    2748       1.1969
    2749       1.1698
    2750       1.2416
    2751       1.3048
    2752       1.2703
    2753       1.2288
    2754       1.2049
    2755       1.2283
    2756       1.1872
    2757       1.1138
    2758       1.2582
    2759       1.1968
    2760       1.1769
    2761       1.1861
    2762       1.1689
    2763       1.2078
    2764       1.2216
    2765       1.2443
    2766       1.2179
    2767       1.2115
    2768       1.2366
    2769       1.2812
    2770       1.2015
    2771       1.2540
    2772       1.1832
    2773       1.2213
    2774       1.1817
    2775       1.1471
    2776       1.1921
    2777       1.1683
    2778       1.1635
    2779       1.1998
    2780       1.1583
    2781       1.1696
    2782       1.1614
    2783       1.1851
    2784       1.2053
    2785       1.2415
    2786       1.1343
    2787       1.1782
    2788       1.1799
    2789       1.1629
    2790       1.1234
    2791       1.2265
    2792       1.2888
    2793       1.4110
    2794       1.3212
    2795       1.3071
    2796       1.2456
    2797       1.2931
    2798       1.2840
    2799       1.2637
    2800       1.2258
    2801       1.3103
    2802       1.2558
    2803       1.3578
    2804       1.3400
    2805       1.3013
    2806       1.3024
    2807       1.1993
    2808       1.2398
    2809       1.2471
    2810       1.2634
    2811       1.2544
    2812       1.2393
    2813       1.2210
    2814       1.1483
    2815       1.2049
    2816       1.2104
    2817       1.2536
    2818       1.3197
    2819       1.2847
    2820       1.2106
    2821       1.1621
    2822       1.1448
    2823       1.2010
    2824       1.2178
    2825       1.1998
    2826       1.3061
    2827       1.2042
    2828       1.1974
    2829       1.2400
    2830       1.2057
    2831       1.2726
    2832       1.2877
    2833       1.2622
    2834       1.2437
    2835       1.1986
    2836       1.1778
    2837       1.1186
    2838       1.1482
    2839       1.1536
    2840       1.1777
    2841       1.1683
    2842       1.2489
    2843       1.2867
    2844       1.3518
    2845       1.3708
    2846       1.3813
    2847       1.3470
    2848       1.3014
    2849       1.3130
    2850       1.2996
    2851       1.2826
    2852       1.2291
    2853       1.2095
    2854       1.1794
    2855       1.1934
    2856       1.2622
    2857       1.3390
    2858       1.4373
    2859       1.4441
    2860       1.3615
    2861       1.4586
    2862       1.3735
    2863       1.3021
    2864       1.2810
    2865       1.3075
    2866       1.2344
    2867       1.2772
    2868       1.3408
    2869       1.3611
    2870       1.2735
    2871       1.3195
    2872       1.3277
    2873       1.3889
    2874       1.3611
    2875       1.3036
    2876       1.2796
    2877       1.3411
    2878       1.2783
    2879       1.3559
    2880       1.4322
    2881       1.4724
    2882       1.4735
    2883       1.5142
    2884       1.4794
    2885       1.4265
    2886       1.2913
    2887       1.4187
    2888       1.2775
    2889       1.2558
    2890       1.1662
    2891       1.2371
    2892       1.2415
    2893       1.2899
    2894       1.2568
    2895       1.1723
    2896       1.2543
    2897       1.2073
    2898       1.2043
    2899       1.1845
    2900       1.1353
    2901       1.1577
    2902       1.1808
    2903       1.2249
    2904       1.1809
    2905       1.1500
    2906       1.1610
    2907       1.2448
    2908       1.2718
    2909       1.2368
    2910       1.2941
    2911       1.2683
    2912       1.2781
    2913       1.3350
    2914       1.3296
    2915       1.3554
    2916       1.3832
    2917       1.3996
    2918       1.4047
    2919       1.3481
    2920       1.3608
    2921       1.4078
    2922       1.2715
    2923       1.2506
    2924       1.2616
    2925       1.2299
    2926       1.2574
    2927       1.3401
    2928       1.2307
    2929       1.2651
    2930       1.3379
    2931       1.2645
    2932       1.3559
    2933       1.3158
    2934       1.2880
    2935       1.3308
    2936       1.3230
    2937       1.3420
    2938       1.3231
    2939       1.2862
    2940       1.2909
    2941       1.2960
    2942       1.2601
    2943       1.2887
    2944       1.2539
    2945       1.1846
    2946       1.2496
    2947       1.2589
    2948       1.3351
    2949       1.2038
    2950       1.2444
    2951       1.2480
    2952       1.1900
    2953       1.2473
    2954       1.1962
    2955       1.2022
    2956       1.2171
    2957       1.2010
    2958       1.1723
    2959       1.2156
    2960       1.2889
    2961       1.1966
    2962       1.1801
    2963       1.1979
    2964       1.1697
    2965       1.1756
    2966       1.2181
    2967       1.2210
    2968       1.2313
    2969       1.2043
    2970       1.1438
    2971       1.1638
    2972       1.2319
    2973       1.2279
    2974       1.1746
    2975       1.2402
    2976       1.2418
    2977       1.2147
    2978       1.3024
    2979       1.2751
    2980       1.2369
    2981       1.2402
    2982       1.2584
    2983       1.2904
    2984       1.3450
    2985       1.3529
    2986       1.2112
    2987       1.2353
    2988       1.3297
    2989       1.3085
    2990       1.4412
    2991       1.4281
    2992       1.3237
    2993       1.3517
    2994       1.2989
    2995       1.3446
    2996       1.2989
    2997       1.2861
    2998       1.2449
    2999       1.1890
    3000       1.2291
    3001       1.2596
    3002       1.3366
    3003       1.3059
    3004       1.4081
    3005       1.3446
    3006       1.3117
    3007       1.1821
    3008       1.2217
    3009       1.2839
    3010       1.2664
    3011       1.1946
    3012       1.1344
    3013       1.1391
    3014       1.1536
    3015       1.1952
    3016       1.2674
    3017       1.2234
    3018       1.3507
    3019       1.2212
    3020       1.2909
    3021       1.2854
    3022       1.2483
    3023       1.2671
    3024       1.2139
    3025       1.2747
    3026       1.2008
    3027       1.2435
    3028       1.2389
    3029       1.2932
    3030       1.2712
    3031       1.2830
    3032       1.3346
    3033       1.3509
    3034       1.3527
    3035       1.3678
    3036       1.3693
    3037       1.3663
    3038       1.3242
    3039       1.4070
    3040       1.4229
    3041       1.3771
    3042       1.3638
    3043       1.3415
    3044       1.3079
    3045       1.3369
    3046       1.3469
    3047       1.4209
    3048       1.3046
    3049       1.2756
    3050       1.2266
    3051       1.2125
    3052       1.1474
    3053       1.1940
    3054       1.2533
    3055       1.2723
    3056       1.2007
    3057       1.2085
    3058       1.2209
    3059       1.1677
    3060       1.2124
    3061       1.2367
    3062       1.2573
    3063       1.2537
    3064       1.3309
    3065       1.2448
    3066       1.2252
    3067       1.2330
    3068       1.2431
    3069       1.2510
    3070       1.3114
    3071       1.2030
    3072       1.1677
    3073       1.1657
    3074       1.1390
    3075       1.1745
    3076       1.1560
    3077       1.0890
    3078       1.1584
    3079       1.1424
    3080       1.2355
    3081       1.1871
    3082       1.1317
    3083       1.1431
    3084       1.2904
    3085       1.2176
    3086       1.1755
    3087       1.2060
    3088       1.2420
    3089       1.2354
    3090       1.2393
    3091       1.2588
    3092       1.2562
    3093       1.2151
    3094       1.2138
    3095       1.3596
    3096       1.2353
    3097       1.2020
    3098       1.1760
    3099       1.1288
    3100       1.1525
    3101       1.2157
    3102       1.2210
    3103       1.2164
    3104       1.1676
    3105       1.1481
    3106       1.1294
    3107       1.1629
    3108       1.1172
    3109       1.1293
    3110       1.1505
    3111       1.1557
    3112       1.1249
    3113       1.1430
    3114       1.1828
    3115       1.1725
    3116       1.1600
    3117       1.1904
    3118       1.1661
    3119       1.2038
    3120       1.1809
    3121       1.1696
    3122       1.2454
    3123       1.2490
    3124       1.2397
    3125       1.2430
