#Frame     RMSD_00001
       1       0.0000
       2       0.6011
       3       0.6582
       4       0.7093
       5       0.7573
       6       0.7975
       7       0.7933
       8       0.7610
       9       0.7453
      10       0.8175
      11       0.9345
      12       0.9271
      13       0.9425
      14       0.8267
      15       0.9106
      16       0.9027
      17       0.8506
      18       0.8816
      19       0.8280
      20       0.8918
      21       0.8273
      22       0.8044
      23       0.9044
      24       0.8978
      25       0.8200
      26       0.8578
      27       0.9082
      28       0.8981
      29       0.8418
      30       0.8504
      31       0.8905
      32       0.8363
      33       0.8660
      34       0.8336
      35       0.8806
      36       0.9499
      37       0.8857
      38       0.9023
      39       0.8869
      40       0.8562
      41       0.7712
      42       0.7865
      43       0.7910
      44       0.8344
      45       0.8565
      46       0.8912
      47       0.8598
      48       0.8391
      49       0.8732
      50       0.8533
      51       1.0237
      52       0.9903
      53       1.0552
      54       0.9518
      55       1.0320
      56       0.9821
      57       0.9929
      58       1.0244
      59       1.0231
      60       1.0171
      61       1.0394
      62       1.0687
      63       0.9918
      64       0.9816
      65       0.9673
      66       0.9445
      67       0.9342
      68       0.9922
      69       0.9126
      70       0.9423
      71       0.9863
      72       0.9778
      73       1.0148
      74       1.0124
      75       0.9770
      76       0.9857
      77       1.0630
      78       1.1207
      79       1.0206
      80       1.0854
      81       1.0649
      82       1.0614
      83       1.0913
      84       1.0538
      85       1.0311
      86       1.0402
      87       1.1051
      88       1.0364
      89       1.1032
      90       1.1994
      91       1.1694
      92       1.1481
      93       1.1281
      94       1.0495
      95       1.0492
      96       1.1137
      97       1.0309
      98       1.1030
      99       1.2156
     100       1.1349
     101       1.0682
     102       1.0570
     103       1.0307
     104       1.1561
     105       1.1467
     106       1.1375
     107       1.0513
     108       1.0193
     109       1.0488
     110       1.0819
     111       1.0959
     112       1.0856
     113       1.0483
     114       1.0565
     115       1.0985
     116       1.1250
     117       1.1530
     118       1.2021
     119       1.1908
     120       1.1488
     121       1.0917
     122       1.1138
     123       1.0444
     124       1.1059
     125       1.1086
     126       1.0914
     127       1.0758
     128       1.0971
     129       1.0831
     130       1.1312
     131       1.1201
     132       1.1581
     133       1.1823
     134       1.1737
     135       1.1417
     136       1.2293
     137       1.1181
     138       1.1399
     139       1.0534
     140       1.0593
     141       1.0111
     142       1.0671
     143       1.1008
     144       1.1344
     145       1.1106
     146       1.0846
     147       1.0830
     148       1.1046
     149       1.1128
     150       1.1029
     151       1.1036
     152       1.1240
     153       1.1567
     154       1.1226
     155       1.1428
     156       1.1289
     157       1.2133
     158       1.1652
     159       1.1965
     160       1.1708
     161       1.1545
     162       1.1351
     163       1.1521
     164       1.2524
     165       1.1702
     166       1.1810
     167       1.1721
     168       1.0337
     169       1.1107
     170       1.0985
     171       1.1289
     172       1.1732
     173       1.1294
     174       1.0939
     175       1.1007
     176       1.1306
     177       1.0835
     178       1.0893
     179       1.1265
     180       1.0655
     181       1.0430
     182       1.0502
     183       1.0697
     184       1.0651
     185       1.1601
     186       1.1539
     187       1.1211
     188       1.0858
     189       1.1178
     190       1.1055
     191       1.1293
     192       1.1402
     193       1.1563
     194       1.1046
     195       1.1271
     196       1.1218
     197       1.0294
     198       0.9783
     199       1.0659
     200       1.1210
     201       1.0649
     202       1.0777
     203       0.9995
     204       0.9966
     205       1.0180
     206       1.0520
     207       1.0803
     208       1.0492
     209       1.0947
     210       1.1255
     211       1.2354
     212       1.2847
     213       1.2121
     214       1.1722
     215       1.1834
     216       1.1638
     217       1.0958
     218       1.0906
     219       1.1467
     220       1.1499
     221       1.2500
     222       1.2171
     223       1.2274
     224       1.1966
     225       1.1884
     226       1.2275
     227       1.2885
     228       1.1944
     229       1.2076
     230       1.2491
     231       1.2554
     232       1.1435
     233       1.2271
     234       1.2834
     235       1.2039
     236       1.2458
     237       1.2180
     238       1.1841
     239       1.1318
     240       1.2103
     241       1.2878
     242       1.2824
     243       1.1876
     244       1.1788
     245       1.1813
     246       1.2544
     247       1.2505
     248       1.2474
     249       1.2284
     250       1.1583
     251       1.1124
     252       1.0745
     253       1.1573
     254       1.1208
     255       1.1665
     256       1.1694
     257       1.1581
     258       1.1600
     259       1.1207
     260       1.1269
     261       1.1565
     262       1.0774
     263       1.0837
     264       1.0884
     265       1.1189
     266       1.1681
     267       1.1021
     268       1.1751
     269       1.1808
     270       1.1325
     271       1.1731
     272       1.1455
     273       1.1044
     274       1.1616
     275       1.2108
     276       1.2408
     277       1.1947
     278       1.1376
     279       1.1520
     280       1.1973
     281       1.1253
     282       1.1951
     283       1.2285
     284       1.1724
     285       1.2406
     286       1.2207
     287       1.1423
     288       1.0840
     289       1.0062
     290       1.1311
     291       1.0501
     292       1.0578
     293       1.0930
     294       1.0818
     295       1.0028
     296       1.0597
     297       1.0580
     298       1.1188
     299       1.1558
     300       1.1091
     301       1.1666
     302       1.1805
     303       1.1267
     304       1.0900
     305       1.1502
     306       1.1550
     307       1.1174
     308       1.0762
     309       1.0550
     310       1.0595
     311       1.0165
     312       1.0313
     313       1.1940
     314       1.1386
     315       1.1103
     316       1.1282
     317       1.0657
     318       1.0619
     319       1.0749
     320       1.1293
     321       1.1450
     322       1.1209
     323       1.1192
     324       1.2087
     325       1.1684
     326       1.1237
     327       1.1405
     328       1.0823
     329       1.0562
     330       1.1072
     331       1.0276
     332       1.0773
     333       1.0754
     334       1.1072
     335       1.1711
     336       1.1572
     337       1.1290
     338       1.1656
     339       1.1768
     340       1.2111
     341       1.1828
     342       1.1504
     343       1.1764
     344       1.1560
     345       1.1710
     346       1.1554
     347       1.2705
     348       1.1734
     349       1.1507
     350       1.1331
     351       1.1525
     352       1.1911
     353       1.1558
     354       1.1829
     355       1.1963
     356       1.2111
     357       1.1874
     358       1.2408
     359       1.2353
     360       1.1832
     361       1.2333
     362       1.2799
     363       1.2545
     364       1.2136
     365       1.2602
     366       1.2454
     367       1.2786
     368       1.3407
     369       1.3689
     370       1.3759
     371       1.4075
     372       1.3696
     373       1.2945
     374       1.3340
     375       1.3927
     376       1.3592
     377       1.3238
     378       1.3229
     379       1.2845
     380       1.3318
     381       1.2822
     382       1.3311
     383       1.2658
     384       1.2437
     385       1.2136
     386       1.2853
     387       1.2350
     388       1.2816
     389       1.2324
     390       1.2327
     391       1.3335
     392       1.2908
     393       1.3061
     394       1.3061
     395       1.2331
     396       1.2570
     397       1.2029
     398       1.2078
     399       1.2394
     400       1.3172
     401       1.2352
     402       1.2773
     403       1.4002
     404       1.3790
     405       1.4575
     406       1.4255
     407       1.4524
     408       1.4048
     409       1.3674
     410       1.4097
     411       1.4296
     412       1.3794
     413       1.3952
     414       1.3854
     415       1.4777
     416       1.3827
     417       1.3382
     418       1.5770
     419       1.4821
     420       1.4258
     421       1.4458
     422       1.4973
     423       1.5139
     424       1.5389
     425       1.4202
     426       1.3752
     427       1.3571
     428       1.3573
     429       1.3107
     430       1.3830
     431       1.3542
     432       1.4012
     433       1.3879
     434       1.4541
     435       1.3176
     436       1.3029
     437       1.2780
     438       1.2975
     439       1.3476
     440       1.3672
     441       1.2237
     442       1.3086
     443       1.2577
     444       1.2395
     445       1.2074
     446       1.2395
     447       1.3019
     448       1.2742
     449       1.2455
     450       1.2914
     451       1.2409
     452       1.1717
     453       1.1527
     454       1.1871
     455       1.2198
     456       1.1891
     457       1.3183
     458       1.2603
     459       1.2061
     460       1.2062
     461       1.2214
     462       1.0887
     463       1.2099
     464       1.1707
     465       1.2258
     466       1.2051
     467       1.1906
     468       1.1506
     469       1.1663
     470       1.2655
     471       1.2116
     472       1.2483
     473       1.2221
     474       1.1967
     475       1.2426
     476       1.2696
     477       1.2348
     478       1.1879
     479       1.2721
     480       1.3370
     481       1.2079
     482       1.2475
     483       1.2340
     484       1.2457
     485       1.2353
     486       1.2399
     487       1.2922
     488       1.3533
     489       1.4121
     490       1.2218
     491       1.1898
     492       1.1537
     493       1.2538
     494       1.1870
     495       1.2049
     496       1.1791
     497       1.2365
     498       1.2899
     499       1.2874
     500       1.2380
     501       1.2149
     502       1.2353
     503       1.2386
     504       1.2037
     505       1.2619
     506       1.2278
     507       1.2387
     508       1.2752
     509       1.3735
     510       1.3210
     511       1.3057
     512       1.2148
     513       1.2412
     514       1.2447
     515       1.2608
     516       1.2062
     517       1.1598
     518       1.1547
     519       1.1786
     520       1.1585
     521       1.1571
     522       1.1831
     523       1.2008
     524       1.2501
     525       1.2269
     526       1.2928
     527       1.3319
     528       1.2393
     529       1.2452
     530       1.3013
     531       1.1986
     532       1.2492
     533       1.2307
     534       1.2255
     535       1.2093
     536       1.2730
     537       1.1447
     538       1.1581
     539       1.1703
     540       1.1100
     541       1.1676
     542       1.1743
     543       1.1845
     544       1.1199
     545       1.1621
     546       1.2101
     547       1.1890
     548       1.1915
     549       1.2021
     550       1.1954
     551       1.1198
     552       1.1772
     553       1.1944
     554       1.2406
     555       1.2574
     556       1.2610
     557       1.2743
     558       1.2701
     559       1.2422
     560       1.2402
     561       1.3073
     562       1.3113
     563       1.3552
     564       1.3301
     565       1.3935
     566       1.3764
     567       1.3327
     568       1.4422
     569       1.3048
     570       1.3430
     571       1.3479
     572       1.2656
     573       1.3115
     574       1.2446
     575       1.1716
     576       1.2049
     577       1.1819
     578       1.1941
     579       1.2339
     580       1.2849
     581       1.2231
     582       1.2783
     583       1.2428
     584       1.2378
     585       1.2562
     586       1.2080
     587       1.1683
     588       1.1881
     589       1.1914
     590       1.1541
     591       1.2281
     592       1.2560
     593       1.2576
     594       1.2472
     595       1.3363
     596       1.2301
     597       1.1607
     598       1.2247
     599       1.1685
     600       1.1432
     601       1.1564
     602       1.1694
     603       1.2050
     604       1.1266
     605       1.1802
     606       1.1761
     607       1.1090
     608       1.0848
     609       1.1014
     610       1.2266
     611       1.3324
     612       1.2367
     613       1.3115
     614       1.2440
     615       1.2166
     616       1.3086
     617       1.3002
     618       1.2740
     619       1.2612
     620       1.2598
     621       1.2701
     622       1.3482
     623       1.4172
     624       1.4076
     625       1.4781
     626       1.4387
     627       1.3652
     628       1.3657
     629       1.3981
     630       1.3456
     631       1.3172
     632       1.3177
     633       1.2227
     634       1.3462
     635       1.3561
     636       1.3120
     637       1.4264
     638       1.4588
     639       1.3784
     640       1.3717
     641       1.3409
     642       1.3658
     643       1.3509
     644       1.2732
     645       1.1717
     646       1.1876
     647       1.2064
     648       1.2076
     649       1.1721
     650       1.2009
     651       1.2818
     652       1.2711
     653       1.2863
     654       1.2863
     655       1.3912
     656       1.3057
     657       1.2715
     658       1.3052
     659       1.2295
     660       1.2369
     661       1.1698
     662       1.1646
     663       1.1899
     664       1.1723
     665       1.1729
     666       1.1364
     667       1.2109
     668       1.1945
     669       1.2442
     670       1.3169
     671       1.3420
     672       1.4218
     673       1.3214
     674       1.2822
     675       1.2584
     676       1.2187
     677       1.2175
     678       1.1678
     679       1.2344
     680       1.3376
     681       1.3328
     682       1.4020
     683       1.2698
     684       1.3373
     685       1.3547
     686       1.3595
     687       1.4307
     688       1.3474
     689       1.3420
     690       1.3502
     691       1.3471
     692       1.3925
     693       1.2828
     694       1.2727
     695       1.2711
     696       1.2405
     697       1.2369
     698       1.2231
     699       1.1250
     700       1.1487
     701       1.2065
     702       1.2931
     703       1.1825
     704       1.2015
     705       1.2443
     706       1.2715
     707       1.2379
     708       1.2767
     709       1.2815
     710       1.2896
     711       1.3113
     712       1.1914
     713       1.3076
     714       1.2535
     715       1.2513
     716       1.2568
     717       1.2272
     718       1.1596
     719       1.1707
     720       1.1643
     721       1.1793
     722       1.2283
     723       1.1949
     724       1.1929
     725       1.2455
     726       1.2260
     727       1.2754
     728       1.2340
     729       1.2887
     730       1.2554
     731       1.3049
     732       1.3551
     733       1.3317
     734       1.2535
     735       1.3137
     736       1.4416
     737       1.2917
     738       1.2843
     739       1.2895
     740       1.3669
     741       1.3799
     742       1.3516
     743       1.3877
     744       1.4297
     745       1.4045
     746       1.3245
     747       1.2155
     748       1.1928
     749       1.1950
     750       1.2809
     751       1.2825
     752       1.2839
     753       1.2906
     754       1.2536
     755       1.3035
     756       1.2874
     757       1.3207
     758       1.2802
     759       1.2531
     760       1.2533
     761       1.2967
     762       1.3108
     763       1.3159
     764       1.2806
     765       1.2482
     766       1.2192
     767       1.3050
     768       1.2949
     769       1.3465
     770       1.3349
     771       1.3150
     772       1.2495
     773       1.3116
     774       1.2707
     775       1.2475
     776       1.2450
     777       1.2751
     778       1.3165
     779       1.2967
     780       1.2640
     781       1.2465
     782       1.3760
     783       1.3248
     784       1.2980
     785       1.1961
     786       1.2529
     787       1.2710
     788       1.3670
     789       1.3877
     790       1.2989
     791       1.2944
     792       1.2766
     793       1.3217
     794       1.3926
     795       1.3802
     796       1.2539
     797       1.1951
     798       1.2430
     799       1.2805
     800       1.2255
     801       1.2882
     802       1.2939
     803       1.3186
     804       1.2831
     805       1.3167
     806       1.3386
     807       1.3641
     808       1.3840
     809       1.4037
     810       1.3392
     811       1.3104
     812       1.4305
     813       1.4518
     814       1.4228
     815       1.4464
     816       1.4081
     817       1.5309
     818       1.4447
     819       1.4376
     820       1.4020
     821       1.4007
     822       1.4920
     823       1.4387
     824       1.4934
     825       1.5528
     826       1.4865
     827       1.5122
     828       1.4538
     829       1.4491
     830       1.3988
     831       1.4308
     832       1.4826
     833       1.5277
     834       1.4489
     835       1.5333
     836       1.4753
     837       1.4461
     838       1.4219
     839       1.3935
     840       1.4342
     841       1.4460
     842       1.4328
     843       1.4248
     844       1.4553
     845       1.3702
     846       1.4164
     847       1.3420
     848       1.4131
     849       1.4601
     850       1.4231
     851       1.4226
     852       1.3672
     853       1.4540
     854       1.4208
     855       1.4265
     856       1.3211
     857       1.4089
     858       1.4044
     859       1.3754
     860       1.3385
     861       1.4033
     862       1.3441
     863       1.3896
     864       1.4059
     865       1.4039
     866       1.4631
     867       1.4782
     868       1.3548
     869       1.3614
     870       1.2962
     871       1.4030
     872       1.3903
     873       1.4895
     874       1.4951
     875       1.4801
     876       1.5271
     877       1.5163
     878       1.4491
     879       1.4420
     880       1.5578
     881       1.4935
     882       1.5008
     883       1.4399
     884       1.4258
     885       1.5307
     886       1.5589
     887       1.3991
     888       1.3685
     889       1.2985
     890       1.3546
     891       1.3663
     892       1.4241
     893       1.4897
     894       1.4585
     895       1.4457
     896       1.4112
     897       1.4989
     898       1.4099
     899       1.3854
     900       1.4535
     901       1.4198
     902       1.5425
     903       1.5029
     904       1.2558
     905       1.3005
     906       1.2950
     907       1.3121
     908       1.3214
     909       1.3136
     910       1.3091
     911       1.3213
     912       1.2402
     913       1.2628
     914       1.3500
     915       1.3387
     916       1.3009
     917       1.2686
     918       1.2462
     919       1.2932
     920       1.3259
     921       1.3032
     922       1.3361
     923       1.2971
     924       1.3150
     925       1.3626
     926       1.3483
     927       1.3408
     928       1.3543
     929       1.3761
     930       1.3955
     931       1.4047
     932       1.3062
     933       1.3063
     934       1.4294
     935       1.3629
     936       1.3709
     937       1.4287
     938       1.3260
     939       1.3358
     940       1.2614
     941       1.2795
     942       1.3390
     943       1.3367
     944       1.2821
     945       1.3842
     946       1.3700
     947       1.3407
     948       1.2895
     949       1.3386
     950       1.2900
     951       1.2848
     952       1.3032
     953       1.3102
     954       1.3789
     955       1.2922
     956       1.2982
     957       1.4070
     958       1.3550
     959       1.3891
     960       1.3359
     961       1.2953
     962       1.3052
     963       1.2574
     964       1.2725
     965       1.2907
     966       1.3386
     967       1.3099
     968       1.2638
     969       1.2862
     970       1.3293
     971       1.1894
     972       1.2854
     973       1.3077
     974       1.3208
     975       1.2164
     976       1.2346
     977       1.2979
     978       1.2856
     979       1.3028
     980       1.3372
     981       1.3990
     982       1.4466
     983       1.3919
     984       1.4331
     985       1.4989
     986       1.4203
     987       1.4123
     988       1.4835
     989       1.3873
     990       1.3020
     991       1.2372
     992       1.3280
     993       1.3481
     994       1.3373
     995       1.3621
     996       1.2908
     997       1.3750
     998       1.3092
     999       1.2552
    1000       1.3412
    1001       1.4700
    1002       1.4288
    1003       1.3998
    1004       1.3125
    1005       1.2195
    1006       1.2127
    1007       1.2178
    1008       1.2760
    1009       1.3061
    1010       1.3903
    1011       1.3729
    1012       1.3333
    1013       1.4144
    1014       1.4001
    1015       1.4064
    1016       1.2856
    1017       1.3302
    1018       1.3286
    1019       1.2411
    1020       1.2093
    1021       1.2543
    1022       1.2730
    1023       1.3478
    1024       1.3523
    1025       1.4667
    1026       1.3802
    1027       1.2666
    1028       1.2504
    1029       1.2229
    1030       1.2115
    1031       1.2478
    1032       1.2254
    1033       1.2575
    1034       1.1775
    1035       1.1467
    1036       1.1016
    1037       1.1693
    1038       1.1367
    1039       1.1101
    1040       1.1456
    1041       1.1261
    1042       1.1764
    1043       1.2176
    1044       1.2480
    1045       1.2084
    1046       1.1523
    1047       1.1330
    1048       1.0960
    1049       1.1314
    1050       1.2126
    1051       1.1989
    1052       1.1893
    1053       1.2368
    1054       1.2259
    1055       1.2955
    1056       1.2819
    1057       1.2211
    1058       1.2774
    1059       1.1607
    1060       1.2052
    1061       1.2355
    1062       1.2435
    1063       1.2853
    1064       1.2417
    1065       1.2757
    1066       1.3583
    1067       1.3417
    1068       1.2767
    1069       1.3305
    1070       1.2511
    1071       1.3121
    1072       1.2519
    1073       1.3406
    1074       1.3873
    1075       1.3053
    1076       1.3704
    1077       1.3781
    1078       1.3436
    1079       1.2944
    1080       1.3592
    1081       1.2862
    1082       1.2887
    1083       1.3261
    1084       1.2949
    1085       1.2018
    1086       1.2477
    1087       1.2821
    1088       1.2453
    1089       1.2367
    1090       1.2966
    1091       1.4226
    1092       1.3414
    1093       1.2968
    1094       1.4228
    1095       1.4112
    1096       1.3648
    1097       1.2925
    1098       1.2389
    1099       1.2011
    1100       1.2571
    1101       1.3136
    1102       1.2640
    1103       1.2791
    1104       1.3484
    1105       1.3286
    1106       1.3635
    1107       1.5095
    1108       1.4440
    1109       1.5042
    1110       1.4948
    1111       1.4717
    1112       1.4539
    1113       1.3735
    1114       1.4016
    1115       1.2711
    1116       1.2820
    1117       1.2997
    1118       1.3341
    1119       1.2828
    1120       1.2500
    1121       1.2893
    1122       1.2550
    1123       1.2498
    1124       1.2390
    1125       1.3196
    1126       1.3703
    1127       1.4187
    1128       1.3571
    1129       1.3211
    1130       1.2821
    1131       1.2887
    1132       1.3028
    1133       1.3045
    1134       1.2878
    1135       1.2985
    1136       1.3355
    1137       1.3614
    1138       1.2968
    1139       1.3879
    1140       1.2821
    1141       1.2852
    1142       1.2040
    1143       1.2202
    1144       1.1766
    1145       1.2384
    1146       1.2171
    1147       1.2172
    1148       1.2972
    1149       1.3695
    1150       1.4078
    1151       1.3565
    1152       1.4059
    1153       1.4049
    1154       1.4477
    1155       1.3872
    1156       1.4533
    1157       1.5033
    1158       1.4849
    1159       1.3834
    1160       1.3037
    1161       1.3533
    1162       1.3715
    1163       1.3664
    1164       1.4708
    1165       1.4614
    1166       1.4568
    1167       1.5677
    1168       1.4903
    1169       1.5100
    1170       1.4628
    1171       1.3219
    1172       1.2763
    1173       1.3247
    1174       1.4203
    1175       1.3584
    1176       1.3615
    1177       1.4872
    1178       1.4873
    1179       1.5026
    1180       1.4527
    1181       1.5203
    1182       1.5737
    1183       1.4041
    1184       1.4071
    1185       1.3939
    1186       1.3769
    1187       1.3699
    1188       1.3521
    1189       1.2898
    1190       1.4228
    1191       1.3850
    1192       1.3469
    1193       1.3548
    1194       1.3937
    1195       1.3550
    1196       1.3441
    1197       1.3776
    1198       1.4106
    1199       1.3099
    1200       1.4506
    1201       1.5357
    1202       1.5884
    1203       1.5191
    1204       1.5300
    1205       1.4698
    1206       1.3297
    1207       1.3454
    1208       1.4054
    1209       1.3726
    1210       1.4556
    1211       1.4712
    1212       1.4657
    1213       1.4192
    1214       1.4298
    1215       1.3500
    1216       1.4108
    1217       1.4917
    1218       1.4117
    1219       1.3584
    1220       1.4127
    1221       1.3477
    1222       1.3713
    1223       1.3482
    1224       1.4663
    1225       1.4584
    1226       1.4534
    1227       1.3442
    1228       1.3733
    1229       1.2638
    1230       1.3086
    1231       1.1928
    1232       1.2510
    1233       1.2849
    1234       1.3119
    1235       1.2839
    1236       1.2778
    1237       1.1165
    1238       1.1773
    1239       1.2100
    1240       1.1443
    1241       1.2506
    1242       1.2578
    1243       1.3442
    1244       1.3313
    1245       1.3237
    1246       1.4049
    1247       1.4565
    1248       1.3375
    1249       1.2748
    1250       1.3401
    1251       1.3647
    1252       1.2886
    1253       1.2849
    1254       1.2949
    1255       1.3475
    1256       1.2755
    1257       1.2628
    1258       1.3862
    1259       1.4390
    1260       1.3750
    1261       1.3378
    1262       1.3694
    1263       1.3463
    1264       1.3694
    1265       1.4255
    1266       1.4512
    1267       1.4214
    1268       1.4669
    1269       1.3982
    1270       1.3839
    1271       1.3902
    1272       1.3990
    1273       1.4093
    1274       1.3824
    1275       1.3803
    1276       1.4026
    1277       1.3611
    1278       1.4382
    1279       1.4495
    1280       1.4218
    1281       1.3809
    1282       1.3668
    1283       1.3092
    1284       1.3829
    1285       1.3832
    1286       1.4215
    1287       1.4888
    1288       1.4628
    1289       1.4792
    1290       1.4313
    1291       1.4489
    1292       1.5028
    1293       1.4705
    1294       1.4346
    1295       1.4057
    1296       1.4434
    1297       1.3683
    1298       1.4170
    1299       1.4284
    1300       1.4396
    1301       1.3280
    1302       1.4195
    1303       1.3657
    1304       1.5330
    1305       1.5119
    1306       1.5892
    1307       1.6820
    1308       1.6041
    1309       1.5240
    1310       1.5095
    1311       1.3563
    1312       1.3479
    1313       1.2694
    1314       1.2791
    1315       1.2715
    1316       1.2638
    1317       1.2647
    1318       1.2750
    1319       1.2143
    1320       1.2056
    1321       1.2074
    1322       1.1969
    1323       1.2147
    1324       1.2156
    1325       1.1793
    1326       1.3049
    1327       1.3051
    1328       1.3672
    1329       1.3773
    1330       1.3726
    1331       1.3605
    1332       1.2853
    1333       1.2457
    1334       1.2475
    1335       1.2634
    1336       1.2371
    1337       1.2304
    1338       1.3088
    1339       1.2933
    1340       1.3378
    1341       1.3293
    1342       1.3075
    1343       1.2585
    1344       1.2719
    1345       1.3701
    1346       1.3786
    1347       1.3245
    1348       1.3832
    1349       1.3566
    1350       1.3348
    1351       1.3380
    1352       1.3431
    1353       1.3004
    1354       1.3575
    1355       1.3037
    1356       1.3192
    1357       1.2957
    1358       1.3147
    1359       1.3580
    1360       1.3185
    1361       1.2516
    1362       1.3555
    1363       1.2923
    1364       1.2914
    1365       1.3994
    1366       1.3383
    1367       1.4091
    1368       1.3869
    1369       1.4253
    1370       1.4382
    1371       1.4699
    1372       1.5031
    1373       1.4463
    1374       1.3360
    1375       1.3876
    1376       1.3669
    1377       1.3938
    1378       1.4988
    1379       1.4685
    1380       1.4263
    1381       1.3655
    1382       1.3145
    1383       1.2918
    1384       1.3117
    1385       1.2942
    1386       1.3306
    1387       1.3543
    1388       1.4312
    1389       1.3981
    1390       1.3648
    1391       1.3462
    1392       1.3586
    1393       1.2473
    1394       1.3018
    1395       1.2929
    1396       1.3255
    1397       1.2913
    1398       1.3801
    1399       1.3148
    1400       1.3328
    1401       1.3840
    1402       1.3272
    1403       1.2873
    1404       1.3290
    1405       1.2862
    1406       1.3402
    1407       1.3368
    1408       1.2804
    1409       1.2939
    1410       1.3119
    1411       1.3657
    1412       1.3416
    1413       1.2896
    1414       1.2872
    1415       1.3101
    1416       1.3226
    1417       1.3406
    1418       1.3905
    1419       1.3340
    1420       1.3202
    1421       1.2594
    1422       1.3709
    1423       1.3223
    1424       1.2542
    1425       1.2697
    1426       1.2814
    1427       1.2666
    1428       1.3260
    1429       1.4120
    1430       1.4845
    1431       1.4339
    1432       1.4022
    1433       1.4084
    1434       1.3569
    1435       1.3877
    1436       1.3639
    1437       1.4112
    1438       1.3343
    1439       1.3300
    1440       1.3849
    1441       1.4473
    1442       1.4281
    1443       1.4289
    1444       1.4550
    1445       1.4971
    1446       1.5080
    1447       1.4772
    1448       1.5217
    1449       1.4428
    1450       1.4806
    1451       1.4380
    1452       1.5060
    1453       1.4605
    1454       1.5528
    1455       1.4852
    1456       1.5141
    1457       1.5005
    1458       1.5605
    1459       1.4969
    1460       1.5094
    1461       1.5560
    1462       1.4943
    1463       1.4886
    1464       1.5279
    1465       1.4849
    1466       1.4897
    1467       1.4997
    1468       1.4989
    1469       1.5244
    1470       1.5231
    1471       1.5740
    1472       1.5815
    1473       1.5509
    1474       1.6209
    1475       1.5831
    1476       1.5553
    1477       1.5647
    1478       1.4342
    1479       1.4260
    1480       1.4409
    1481       1.4807
    1482       1.5356
    1483       1.5338
    1484       1.4679
    1485       1.4646
    1486       1.4515
    1487       1.4845
    1488       1.5102
    1489       1.4567
    1490       1.5089
    1491       1.4739
    1492       1.4552
    1493       1.4670
    1494       1.4527
    1495       1.4533
    1496       1.4588
    1497       1.4210
    1498       1.4050
    1499       1.2815
    1500       1.2857
    1501       1.3426
    1502       1.2924
    1503       1.3207
    1504       1.3958
    1505       1.4115
    1506       1.3641
    1507       1.2825
    1508       1.2954
    1509       1.3240
    1510       1.2686
    1511       1.2290
    1512       1.3084
    1513       1.1983
    1514       1.2768
    1515       1.2098
    1516       1.1587
    1517       1.1871
    1518       1.1713
    1519       1.1869
    1520       1.1677
    1521       1.1779
    1522       1.2155
    1523       1.1822
    1524       1.2006
    1525       1.1703
    1526       1.2258
    1527       1.2068
    1528       1.1967
    1529       1.1957
    1530       1.2238
    1531       1.3448
    1532       1.2795
    1533       1.3536
    1534       1.2336
    1535       1.2805
    1536       1.2871
    1537       1.2881
    1538       1.2910
    1539       1.3310
    1540       1.2217
    1541       1.2326
    1542       1.2313
    1543       1.2622
    1544       1.2596
    1545       1.2846
    1546       1.2120
    1547       1.3292
    1548       1.2290
    1549       1.2245
    1550       1.2606
    1551       1.3004
    1552       1.3332
    1553       1.2908
    1554       1.3187
    1555       1.2618
    1556       1.2884
    1557       1.2735
    1558       1.2458
    1559       1.2394
    1560       1.2399
    1561       1.2334
    1562       1.2308
    1563       1.1760
    1564       1.2798
    1565       1.1880
    1566       1.2415
    1567       1.2390
    1568       1.2337
    1569       1.1871
    1570       1.2544
    1571       1.1713
    1572       1.1547
    1573       1.1995
    1574       1.1116
    1575       1.1066
    1576       1.1446
    1577       1.2240
    1578       1.2732
    1579       1.2787
    1580       1.2472
    1581       1.3487
    1582       1.3554
    1583       1.3336
    1584       1.3113
    1585       1.3229
    1586       1.3128
    1587       1.3634
    1588       1.3390
    1589       1.4850
    1590       1.4778
    1591       1.2736
    1592       1.3240
    1593       1.2931
    1594       1.3304
    1595       1.2691
    1596       1.3147
    1597       1.2871
    1598       1.2690
    1599       1.2311
    1600       1.2360
    1601       1.1975
    1602       1.1927
    1603       1.2179
    1604       1.2835
    1605       1.2341
    1606       1.2151
    1607       1.2315
    1608       1.2063
    1609       1.2278
    1610       1.2283
    1611       1.2215
    1612       1.2025
    1613       1.1711
    1614       1.1968
    1615       1.1690
    1616       1.1388
    1617       1.1668
    1618       1.1908
    1619       1.1271
    1620       1.2254
    1621       1.1900
    1622       1.1442
    1623       1.0973
    1624       1.0840
    1625       1.1797
    1626       1.2140
    1627       1.2350
    1628       1.2180
    1629       1.1894
    1630       1.2225
    1631       1.2082
    1632       1.3011
    1633       1.3278
    1634       1.3492
    1635       1.2092
    1636       1.2276
    1637       1.2547
    1638       1.2345
    1639       1.2255
    1640       1.2205
    1641       1.2347
    1642       1.2878
    1643       1.3358
    1644       1.2192
    1645       1.2361
    1646       1.3127
    1647       1.1980
    1648       1.1649
    1649       1.1648
    1650       1.1430
    1651       1.2148
    1652       1.2085
    1653       1.2367
    1654       1.1726
    1655       1.1660
    1656       1.1417
    1657       1.1618
    1658       1.1611
    1659       1.1861
    1660       1.2362
    1661       1.2179
    1662       1.1609
    1663       1.1781
    1664       1.2664
    1665       1.2239
    1666       1.2526
    1667       1.2375
    1668       1.1854
    1669       1.1640
    1670       1.1200
    1671       1.1081
    1672       1.1622
    1673       1.1608
    1674       1.2022
    1675       1.2516
    1676       1.2681
    1677       1.3603
    1678       1.3169
    1679       1.3332
    1680       1.2819
    1681       1.3520
    1682       1.3398
    1683       1.3969
    1684       1.4869
    1685       1.3843
    1686       1.3763
    1687       1.3104
    1688       1.3266
    1689       1.4241
    1690       1.3650
    1691       1.3211
    1692       1.3923
    1693       1.3532
    1694       1.4030
    1695       1.3925
    1696       1.3935
    1697       1.3675
    1698       1.3625
    1699       1.3386
    1700       1.3365
    1701       1.4020
    1702       1.4663
    1703       1.3654
    1704       1.3855
    1705       1.4159
    1706       1.4057
    1707       1.3745
    1708       1.3766
    1709       1.4009
    1710       1.3748
    1711       1.4021
    1712       1.3601
    1713       1.3703
    1714       1.4032
    1715       1.3842
    1716       1.3733
    1717       1.3599
    1718       1.3474
    1719       1.3784
    1720       1.3754
    1721       1.2933
    1722       1.4466
    1723       1.3708
    1724       1.3567
    1725       1.3210
    1726       1.4773
    1727       1.3552
    1728       1.3706
    1729       1.3661
    1730       1.3736
    1731       1.3943
    1732       1.4329
    1733       1.4508
    1734       1.4052
    1735       1.4292
    1736       1.3591
    1737       1.4012
    1738       1.3474
    1739       1.3256
    1740       1.3281
    1741       1.2928
    1742       1.2733
    1743       1.2348
    1744       1.2959
    1745       1.3417
    1746       1.3728
    1747       1.3448
    1748       1.3292
    1749       1.2600
    1750       1.2889
    1751       1.2850
    1752       1.3379
    1753       1.3505
    1754       1.3405
    1755       1.3359
    1756       1.4195
    1757       1.4042
    1758       1.3493
    1759       1.4068
    1760       1.3521
    1761       1.3663
    1762       1.3553
    1763       1.3486
    1764       1.3856
    1765       1.4631
    1766       1.4856
    1767       1.4691
    1768       1.4283
    1769       1.4318
    1770       1.4120
    1771       1.4198
    1772       1.4145
    1773       1.2975
    1774       1.3481
    1775       1.3754
    1776       1.3620
    1777       1.3833
    1778       1.3998
    1779       1.3689
    1780       1.4149
    1781       1.4269
    1782       1.4368
    1783       1.4494
    1784       1.5332
    1785       1.5644
    1786       1.4380
    1787       1.4122
    1788       1.3179
    1789       1.3742
    1790       1.3982
    1791       1.3634
    1792       1.3733
    1793       1.3679
    1794       1.3323
    1795       1.3265
    1796       1.2985
    1797       1.2918
    1798       1.2527
    1799       1.2645
    1800       1.2304
    1801       1.2626
    1802       1.2559
    1803       1.2792
    1804       1.3484
    1805       1.3511
    1806       1.3244
    1807       1.3687
    1808       1.3341
    1809       1.2719
    1810       1.3629
    1811       1.3448
    1812       1.3088
    1813       1.3122
    1814       1.3346
    1815       1.3219
    1816       1.3065
    1817       1.3162
    1818       1.3178
    1819       1.3795
    1820       1.3874
    1821       1.3338
    1822       1.3417
    1823       1.2689
    1824       1.2784
    1825       1.3039
    1826       1.3749
    1827       1.3088
    1828       1.3431
    1829       1.3412
    1830       1.4089
    1831       1.4693
    1832       1.5619
    1833       1.5306
    1834       1.4534
    1835       1.4604
    1836       1.5016
    1837       1.4567
    1838       1.4959
    1839       1.4461
    1840       1.4750
    1841       1.5263
    1842       1.4303
    1843       1.4510
    1844       1.3621
    1845       1.3909
    1846       1.3522
    1847       1.3634
    1848       1.3755
    1849       1.3839
    1850       1.3013
    1851       1.3017
    1852       1.3157
    1853       1.2515
    1854       1.2871
    1855       1.2942
    1856       1.3493
    1857       1.3714
    1858       1.3623
    1859       1.2912
    1860       1.2698
    1861       1.3211
    1862       1.2861
    1863       1.2671
    1864       1.2198
    1865       1.2195
    1866       1.1884
    1867       1.2087
    1868       1.2073
    1869       1.2539
    1870       1.2336
    1871       1.3347
    1872       1.2541
    1873       1.3134
    1874       1.2398
    1875       1.2277
    1876       1.2540
    1877       1.2199
    1878       1.2673
    1879       1.2826
    1880       1.2595
    1881       1.2960
    1882       1.3642
    1883       1.3346
    1884       1.2823
    1885       1.2530
    1886       1.2782
    1887       1.2312
    1888       1.2255
    1889       1.3070
    1890       1.2697
    1891       1.2531
    1892       1.2891
    1893       1.2453
    1894       1.2844
    1895       1.2442
    1896       1.2715
    1897       1.2770
    1898       1.3689
    1899       1.3847
    1900       1.3161
    1901       1.2952
    1902       1.3018
    1903       1.3460
    1904       1.3106
    1905       1.3635
    1906       1.4654
    1907       1.3366
    1908       1.2977
    1909       1.4044
    1910       1.4336
    1911       1.3529
    1912       1.3528
    1913       1.3154
    1914       1.3407
    1915       1.2795
    1916       1.2301
    1917       1.3541
    1918       1.3798
    1919       1.4728
    1920       1.4677
    1921       1.4732
    1922       1.3949
    1923       1.3768
    1924       1.4309
    1925       1.4173
    1926       1.3639
    1927       1.4059
    1928       1.4119
    1929       1.3724
    1930       1.3939
    1931       1.4530
    1932       1.5014
    1933       1.4601
    1934       1.4410
    1935       1.3807
    1936       1.4115
    1937       1.3700
    1938       1.3751
    1939       1.3868
    1940       1.4700
    1941       1.4270
    1942       1.4691
    1943       1.3440
    1944       1.4063
    1945       1.4021
    1946       1.3581
    1947       1.3850
    1948       1.3584
    1949       1.2981
    1950       1.3212
    1951       1.3145
    1952       1.3319
    1953       1.3553
    1954       1.3524
    1955       1.3387
    1956       1.3391
    1957       1.2896
    1958       1.2960
    1959       1.4233
    1960       1.3425
    1961       1.3076
    1962       1.4051
    1963       1.3350
    1964       1.3014
    1965       1.2895
    1966       1.3097
    1967       1.2777
    1968       1.3206
    1969       1.2540
    1970       1.2740
    1971       1.3114
    1972       1.2782
    1973       1.3480
    1974       1.2996
    1975       1.2886
    1976       1.3704
    1977       1.3877
    1978       1.3177
    1979       1.3228
    1980       1.4625
    1981       1.4752
    1982       1.3794
    1983       1.4152
    1984       1.3266
    1985       1.2903
    1986       1.3235
    1987       1.3365
    1988       1.3600
    1989       1.2750
    1990       1.3231
    1991       1.3657
    1992       1.3973
    1993       1.3090
    1994       1.2656
    1995       1.2771
    1996       1.2650
    1997       1.2520
    1998       1.2260
    1999       1.2162
    2000       1.2244
    2001       1.2077
    2002       1.2047
    2003       1.2373
    2004       1.2725
    2005       1.2805
    2006       1.2663
    2007       1.2599
    2008       1.2805
    2009       1.2232
    2010       1.3047
    2011       1.2678
    2012       1.2329
    2013       1.1834
    2014       1.1922
    2015       1.2448
    2016       1.2382
    2017       1.2345
    2018       1.2817
    2019       1.3596
    2020       1.3800
    2021       1.2894
    2022       1.3178
    2023       1.4241
    2024       1.3112
    2025       1.2870
    2026       1.2898
    2027       1.3242
    2028       1.3500
    2029       1.3405
    2030       1.3739
    2031       1.4598
    2032       1.4880
    2033       1.4769
    2034       1.4249
    2035       1.4021
    2036       1.5057
    2037       1.4570
    2038       1.4930
    2039       1.4499
    2040       1.4929
    2041       1.5202
    2042       1.5705
    2043       1.5455
    2044       1.5059
    2045       1.4930
    2046       1.5114
    2047       1.4045
    2048       1.4350
    2049       1.4136
    2050       1.4450
    2051       1.4395
    2052       1.4058
    2053       1.3043
    2054       1.3923
    2055       1.3564
    2056       1.4065
    2057       1.3950
    2058       1.4165
    2059       1.4520
    2060       1.4931
    2061       1.5236
    2062       1.5574
    2063       1.6229
    2064       1.6089
    2065       1.5113
    2066       1.5181
    2067       1.4313
    2068       1.4373
    2069       1.4643
    2070       1.4626
    2071       1.4309
    2072       1.5032
    2073       1.5150
    2074       1.4942
    2075       1.5729
    2076       1.5112
    2077       1.3744
    2078       1.3176
    2079       1.4248
    2080       1.3866
    2081       1.4544
    2082       1.5000
    2083       1.4940
    2084       1.6003
    2085       1.6478
    2086       1.5314
    2087       1.4374
    2088       1.3571
    2089       1.3194
    2090       1.3481
    2091       1.2969
    2092       1.3381
    2093       1.3327
    2094       1.3636
    2095       1.3489
    2096       1.3405
    2097       1.3905
    2098       1.4771
    2099       1.3861
    2100       1.4284
    2101       1.3866
    2102       1.4221
    2103       1.3913
    2104       1.4252
    2105       1.4034
    2106       1.4557
    2107       1.3888
    2108       1.3850
    2109       1.3646
    2110       1.3772
    2111       1.3653
    2112       1.3628
    2113       1.4153
    2114       1.4337
    2115       1.4139
    2116       1.3751
    2117       1.3540
    2118       1.3301
    2119       1.3295
    2120       1.3474
    2121       1.3593
    2122       1.3764
    2123       1.3464
    2124       1.3399
    2125       1.3208
    2126       1.3064
    2127       1.2547
    2128       1.2979
    2129       1.2590
    2130       1.2419
    2131       1.3094
    2132       1.3552
    2133       1.2602
    2134       1.2196
    2135       1.1749
    2136       1.2776
    2137       1.2803
    2138       1.3163
    2139       1.3368
    2140       1.3337
    2141       1.2927
    2142       1.3079
    2143       1.3942
    2144       1.3728
    2145       1.3437
    2146       1.3058
    2147       1.3023
    2148       1.3487
    2149       1.4030
    2150       1.3704
    2151       1.4426
    2152       1.4628
    2153       1.4223
    2154       1.3880
    2155       1.3611
    2156       1.3363
    2157       1.3419
    2158       1.3276
    2159       1.3728
    2160       1.3719
    2161       1.2895
    2162       1.3667
    2163       1.3806
    2164       1.3688
    2165       1.4004
    2166       1.2931
    2167       1.2775
    2168       1.3812
    2169       1.4048
    2170       1.3940
    2171       1.3838
    2172       1.4053
    2173       1.4720
    2174       1.3955
    2175       1.4467
    2176       1.4396
    2177       1.3921
    2178       1.3596
    2179       1.3067
    2180       1.3688
    2181       1.3628
    2182       1.3295
    2183       1.3010
    2184       1.2977
    2185       1.3089
    2186       1.3567
    2187       1.3672
    2188       1.4101
    2189       1.4082
    2190       1.4498
    2191       1.5527
    2192       1.4492
    2193       1.4141
    2194       1.4023
    2195       1.4551
    2196       1.5119
    2197       1.4750
    2198       1.4539
    2199       1.4485
    2200       1.4699
    2201       1.3840
    2202       1.3914
    2203       1.4764
    2204       1.4552
    2205       1.4798
    2206       1.4738
    2207       1.4911
    2208       1.4893
    2209       1.5334
    2210       1.4887
    2211       1.4530
    2212       1.4809
    2213       1.5267
    2214       1.5963
    2215       1.5033
    2216       1.4513
    2217       1.3824
    2218       1.3602
    2219       1.4063
    2220       1.4034
    2221       1.4076
    2222       1.4591
    2223       1.5156
    2224       1.5793
    2225       1.5404
    2226       1.4529
    2227       1.5368
    2228       1.5550
    2229       1.5920
    2230       1.4904
    2231       1.4139
    2232       1.5083
    2233       1.4468
    2234       1.4788
    2235       1.4889
    2236       1.5389
    2237       1.6217
    2238       1.5048
    2239       1.5449
    2240       1.5940
    2241       1.5557
    2242       1.5491
    2243       1.5442
    2244       1.4874
    2245       1.4628
    2246       1.4554
    2247       1.4725
    2248       1.5653
    2249       1.5606
    2250       1.5735
    2251       1.5797
    2252       1.5449
    2253       1.5960
    2254       1.5627
    2255       1.5488
    2256       1.6069
    2257       1.4914
    2258       1.4872
    2259       1.3961
    2260       1.3264
    2261       1.3228
    2262       1.4086
    2263       1.4392
    2264       1.5236
    2265       1.5138
    2266       1.5999
    2267       1.5252
    2268       1.5464
    2269       1.5795
    2270       1.6255
    2271       1.5380
    2272       1.4778
    2273       1.3823
    2274       1.3380
    2275       1.3575
    2276       1.4148
    2277       1.4485
    2278       1.5592
    2279       1.5398
    2280       1.5060
    2281       1.4806
    2282       1.3861
    2283       1.3500
    2284       1.3827
    2285       1.3682
    2286       1.4093
    2287       1.4481
    2288       1.5085
    2289       1.5005
    2290       1.4212
    2291       1.4040
    2292       1.4038
    2293       1.3529
    2294       1.4288
    2295       1.4081
    2296       1.3806
    2297       1.3495
    2298       1.3911
    2299       1.3599
    2300       1.3471
    2301       1.3877
    2302       1.3696
    2303       1.3277
    2304       1.2937
    2305       1.2597
    2306       1.2772
    2307       1.3121
    2308       1.3471
    2309       1.2391
    2310       1.2469
    2311       1.2366
    2312       1.2496
    2313       1.2465
    2314       1.2262
    2315       1.1840
    2316       1.1760
    2317       1.2155
    2318       1.2336
    2319       1.2502
    2320       1.2553
    2321       1.3038
    2322       1.3743
    2323       1.2903
    2324       1.2772
    2325       1.2736
    2326       1.2605
    2327       1.2795
    2328       1.3025
    2329       1.2743
    2330       1.2775
    2331       1.2795
    2332       1.2815
    2333       1.2647
    2334       1.3177
    2335       1.2461
    2336       1.2847
    2337       1.2775
    2338       1.2867
    2339       1.2354
    2340       1.3333
    2341       1.3180
    2342       1.3534
    2343       1.3601
    2344       1.2349
    2345       1.2766
    2346       1.3957
    2347       1.4008
    2348       1.3137
    2349       1.2956
    2350       1.3084
    2351       1.3865
    2352       1.3901
    2353       1.4192
    2354       1.3802
    2355       1.3534
    2356       1.4342
    2357       1.4666
    2358       1.4657
    2359       1.3310
    2360       1.3608
    2361       1.1941
    2362       1.2306
    2363       1.2358
    2364       1.1783
    2365       1.2008
    2366       1.2097
    2367       1.2878
    2368       1.2325
    2369       1.2707
    2370       1.2687
    2371       1.2602
    2372       1.2500
    2373       1.1981
    2374       1.3014
    2375       1.2679
    2376       1.2197
    2377       1.2619
    2378       1.2983
    2379       1.2589
    2380       1.2343
    2381       1.2109
    2382       1.2012
    2383       1.1631
    2384       1.1903
    2385       1.2208
    2386       1.2139
    2387       1.2709
    2388       1.2291
    2389       1.2927
    2390       1.2526
    2391       1.2702
    2392       1.3335
    2393       1.3432
    2394       1.2403
    2395       1.2498
    2396       1.2171
    2397       1.2784
    2398       1.2839
    2399       1.2958
    2400       1.2484
    2401       1.2397
    2402       1.2110
    2403       1.2571
    2404       1.3210
    2405       1.3417
    2406       1.3025
    2407       1.2508
    2408       1.3604
    2409       1.3570
    2410       1.3105
    2411       1.3307
    2412       1.3150
    2413       1.3377
    2414       1.4599
    2415       1.4036
    2416       1.4579
    2417       1.4317
    2418       1.3713
    2419       1.3800
    2420       1.4045
    2421       1.3980
    2422       1.4221
    2423       1.5247
    2424       1.5343
    2425       1.4739
    2426       1.3866
    2427       1.4291
    2428       1.3657
    2429       1.4281
    2430       1.3736
    2431       1.4102
    2432       1.2908
    2433       1.3069
    2434       1.2384
    2435       1.3020
    2436       1.2947
    2437       1.3050
    2438       1.2945
    2439       1.3573
    2440       1.4128
    2441       1.2596
    2442       1.2873
    2443       1.3115
    2444       1.3086
    2445       1.2291
    2446       1.2706
    2447       1.3300
    2448       1.3538
    2449       1.2731
    2450       1.2505
    2451       1.2302
    2452       1.2721
    2453       1.3427
    2454       1.3235
    2455       1.3247
    2456       1.2613
    2457       1.2607
    2458       1.2596
    2459       1.3359
    2460       1.2874
    2461       1.2694
    2462       1.2510
    2463       1.2539
    2464       1.2520
    2465       1.2737
    2466       1.2626
    2467       1.2564
    2468       1.2350
    2469       1.3050
    2470       1.3012
    2471       1.3101
    2472       1.3375
    2473       1.3181
    2474       1.2806
    2475       1.3000
    2476       1.3857
    2477       1.2940
    2478       1.2621
    2479       1.2297
    2480       1.2515
    2481       1.2070
    2482       1.2005
    2483       1.2825
    2484       1.3526
    2485       1.3558
    2486       1.4370
    2487       1.4109
    2488       1.3857
    2489       1.3358
    2490       1.3378
    2491       1.3502
    2492       1.2970
    2493       1.3150
    2494       1.2802
    2495       1.3767
    2496       1.3601
    2497       1.3879
    2498       1.3635
    2499       1.3503
    2500       1.3452
    2501       1.4021
    2502       1.3630
    2503       1.4025
    2504       1.4109
    2505       1.3676
    2506       1.2661
    2507       1.2182
    2508       1.3179
    2509       1.2692
    2510       1.4039
    2511       1.3798
    2512       1.3283
    2513       1.3237
    2514       1.2986
    2515       1.3525
    2516       1.3209
    2517       1.3203
    2518       1.3763
    2519       1.3609
    2520       1.3248
    2521       1.3453
    2522       1.3510
    2523       1.2639
    2524       1.4188
    2525       1.5137
    2526       1.4937
    2527       1.5258
    2528       1.5059
    2529       1.4892
    2530       1.4520
    2531       1.5295
    2532       1.4364
    2533       1.5162
    2534       1.4712
    2535       1.4283
    2536       1.4742
    2537       1.5358
    2538       1.5615
    2539       1.3515
    2540       1.3074
    2541       1.3868
    2542       1.2811
    2543       1.3191
    2544       1.3951
    2545       1.4387
    2546       1.3223
    2547       1.3731
    2548       1.2964
    2549       1.2372
    2550       1.2814
    2551       1.2713
    2552       1.2491
    2553       1.3025
    2554       1.2700
    2555       1.2679
    2556       1.2673
    2557       1.2972
    2558       1.4319
    2559       1.4213
    2560       1.4857
    2561       1.3155
    2562       1.3614
    2563       1.3740
    2564       1.3907
    2565       1.3068
    2566       1.2851
    2567       1.2762
    2568       1.2565
    2569       1.3190
    2570       1.3164
    2571       1.2489
    2572       1.2470
    2573       1.2177
    2574       1.2304
    2575       1.1775
    2576       1.2597
    2577       1.2290
    2578       1.2590
    2579       1.2741
    2580       1.3419
    2581       1.3830
    2582       1.3848
    2583       1.4603
    2584       1.3941
    2585       1.4563
    2586       1.3657
    2587       1.4384
    2588       1.3909
    2589       1.4544
    2590       1.4419
    2591       1.4896
    2592       1.3647
    2593       1.3563
    2594       1.3795
    2595       1.3409
    2596       1.3852
    2597       1.4154
    2598       1.3653
    2599       1.4029
    2600       1.4806
    2601       1.4772
    2602       1.4144
    2603       1.3546
    2604       1.3683
    2605       1.3490
    2606       1.3898
    2607       1.3433
    2608       1.3979
    2609       1.3748
    2610       1.3452
    2611       1.2927
    2612       1.3697
    2613       1.2847
    2614       1.3226
    2615       1.2788
    2616       1.3156
    2617       1.3172
    2618       1.3683
    2619       1.3265
    2620       1.4312
    2621       1.4935
    2622       1.4996
    2623       1.4614
    2624       1.4776
    2625       1.4591
    2626       1.4754
    2627       1.4453
    2628       1.5378
    2629       1.5605
    2630       1.5080
    2631       1.4882
    2632       1.4203
    2633       1.5284
    2634       1.4387
    2635       1.3605
    2636       1.4024
    2637       1.3983
    2638       1.3220
    2639       1.4362
    2640       1.4800
    2641       1.4224
    2642       1.4453
    2643       1.4832
    2644       1.3471
    2645       1.3012
    2646       1.2827
    2647       1.3490
    2648       1.3747
    2649       1.3335
    2650       1.3345
    2651       1.3445
    2652       1.3004
    2653       1.2376
    2654       1.3049
    2655       1.3474
    2656       1.3100
    2657       1.3257
    2658       1.2979
    2659       1.2700
    2660       1.2744
    2661       1.2388
    2662       1.3097
    2663       1.3214
    2664       1.3193
    2665       1.3243
    2666       1.2652
    2667       1.2525
    2668       1.2522
    2669       1.2476
    2670       1.2303
    2671       1.2981
    2672       1.2588
    2673       1.2239
    2674       1.2392
    2675       1.2387
    2676       1.2296
    2677       1.2183
    2678       1.2361
    2679       1.2254
    2680       1.1649
    2681       1.1927
    2682       1.1965
    2683       1.1628
    2684       1.2491
    2685       1.2076
    2686       1.2286
    2687       1.2922
    2688       1.2751
    2689       1.2889
    2690       1.4352
    2691       1.3524
    2692       1.3620
    2693       1.4191
    2694       1.3905
    2695       1.3788
    2696       1.3755
    2697       1.3292
    2698       1.2557
    2699       1.4081
    2700       1.4295
    2701       1.3558
    2702       1.3758
    2703       1.3463
    2704       1.3771
    2705       1.4397
    2706       1.2787
    2707       1.3459
    2708       1.3756
    2709       1.3743
    2710       1.3273
    2711       1.3394
    2712       1.3369
    2713       1.4078
    2714       1.3463
    2715       1.3777
    2716       1.3281
    2717       1.3105
    2718       1.3443
    2719       1.3607
    2720       1.2910
    2721       1.4132
    2722       1.3973
    2723       1.3973
    2724       1.3379
    2725       1.2673
    2726       1.2507
    2727       1.2236
    2728       1.2942
    2729       1.3297
    2730       1.3608
    2731       1.3631
    2732       1.3693
    2733       1.3315
    2734       1.2707
    2735       1.2815
    2736       1.2574
    2737       1.2978
    2738       1.3432
    2739       1.3622
    2740       1.3201
    2741       1.1987
    2742       1.3499
    2743       1.2476
    2744       1.2797
    2745       1.3185
    2746       1.3606
    2747       1.3161
    2748       1.3115
    2749       1.2369
    2750       1.2079
    2751       1.2595
    2752       1.2812
    2753       1.3521
    2754       1.2940
    2755       1.2245
    2756       1.2190
    2757       1.2558
    2758       1.2471
    2759       1.2566
    2760       1.1908
    2761       1.2038
    2762       1.1480
    2763       1.1685
    2764       1.3167
    2765       1.3392
    2766       1.3390
    2767       1.3346
    2768       1.3787
    2769       1.3866
    2770       1.3528
    2771       1.2660
    2772       1.2410
    2773       1.2339
    2774       1.2121
    2775       1.1742
    2776       1.1679
    2777       1.1971
    2778       1.2177
    2779       1.2431
    2780       1.1945
    2781       1.2066
    2782       1.2375
    2783       1.2610
    2784       1.2510
    2785       1.2555
    2786       1.2568
    2787       1.2456
    2788       1.3106
    2789       1.3715
    2790       1.2900
    2791       1.2639
    2792       1.2754
    2793       1.2921
    2794       1.3060
    2795       1.2771
    2796       1.3109
    2797       1.3215
    2798       1.2656
    2799       1.3196
    2800       1.3136
    2801       1.3030
    2802       1.3075
    2803       1.2727
    2804       1.2523
    2805       1.1912
    2806       1.2349
    2807       1.2858
    2808       1.2411
    2809       1.2662
    2810       1.2589
    2811       1.2199
    2812       1.2652
    2813       1.3003
    2814       1.2802
    2815       1.2792
    2816       1.3917
    2817       1.3387
    2818       1.3452
    2819       1.3454
    2820       1.2931
    2821       1.3037
    2822       1.3287
    2823       1.3231
    2824       1.3708
    2825       1.3148
    2826       1.3451
    2827       1.3012
    2828       1.3125
    2829       1.3532
    2830       1.3193
    2831       1.3050
    2832       1.3039
    2833       1.2945
    2834       1.3897
    2835       1.3581
    2836       1.2752
    2837       1.3257
    2838       1.3036
    2839       1.2390
    2840       1.3511
    2841       1.3334
    2842       1.3516
    2843       1.3077
    2844       1.3167
    2845       1.2805
    2846       1.2663
    2847       1.3332
    2848       1.3558
    2849       1.2892
    2850       1.3069
    2851       1.2467
    2852       1.2740
    2853       1.3376
    2854       1.3316
    2855       1.2732
    2856       1.3253
    2857       1.3522
    2858       1.2856
    2859       1.3000
    2860       1.3182
    2861       1.3446
    2862       1.3524
    2863       1.3801
    2864       1.3027
    2865       1.1974
    2866       1.1393
    2867       1.1478
    2868       1.1512
    2869       1.1587
    2870       1.2280
    2871       1.2485
    2872       1.3167
    2873       1.2998
    2874       1.2887
    2875       1.3347
    2876       1.3461
    2877       1.2817
    2878       1.2975
    2879       1.3473
    2880       1.2921
    2881       1.2499
    2882       1.2479
    2883       1.2695
    2884       1.3112
    2885       1.3185
    2886       1.3927
    2887       1.4041
    2888       1.4412
    2889       1.4736
    2890       1.4560
    2891       1.5266
    2892       1.5287
    2893       1.4946
    2894       1.5173
    2895       1.4998
    2896       1.4574
    2897       1.3920
    2898       1.3715
    2899       1.4157
    2900       1.3734
    2901       1.3781
    2902       1.3627
    2903       1.3563
    2904       1.3685
    2905       1.4022
    2906       1.3952
    2907       1.4312
    2908       1.3583
    2909       1.2763
    2910       1.2835
    2911       1.3514
    2912       1.3255
    2913       1.3723
    2914       1.3687
    2915       1.4141
    2916       1.4275
    2917       1.4063
    2918       1.3161
    2919       1.3531
    2920       1.3249
    2921       1.3988
    2922       1.3672
    2923       1.3295
    2924       1.3269
    2925       1.3901
    2926       1.3622
    2927       1.2740
    2928       1.4480
    2929       1.3679
    2930       1.4441
    2931       1.3796
    2932       1.3933
    2933       1.4001
    2934       1.4431
    2935       1.4101
    2936       1.3181
    2937       1.3571
    2938       1.3847
    2939       1.3493
    2940       1.3656
    2941       1.3255
    2942       1.2840
    2943       1.3866
    2944       1.4006
    2945       1.4056
    2946       1.4043
    2947       1.3794
    2948       1.3000
    2949       1.3802
    2950       1.2891
    2951       1.3810
    2952       1.3168
    2953       1.4086
    2954       1.3467
    2955       1.2963
    2956       1.3362
    2957       1.2885
    2958       1.2665
    2959       1.3241
    2960       1.2486
    2961       1.2592
    2962       1.2277
    2963       1.2544
    2964       1.2632
    2965       1.3317
    2966       1.3216
    2967       1.3118
    2968       1.3350
    2969       1.3116
    2970       1.3310
    2971       1.3758
    2972       1.3792
    2973       1.3051
    2974       1.3335
    2975       1.3522
    2976       1.3264
    2977       1.3002
    2978       1.2769
    2979       1.2419
    2980       1.2936
    2981       1.2278
    2982       1.2507
    2983       1.2231
    2984       1.2827
    2985       1.2936
    2986       1.2826
    2987       1.2727
    2988       1.4054
    2989       1.3307
    2990       1.4159
    2991       1.4346
    2992       1.4808
    2993       1.5072
    2994       1.4378
    2995       1.3496
    2996       1.3165
    2997       1.2953
    2998       1.2775
    2999       1.3001
    3000       1.2487
    3001       1.2756
    3002       1.3261
    3003       1.3072
    3004       1.3290
    3005       1.4043
    3006       1.3840
    3007       1.4004
    3008       1.3368
    3009       1.3355
    3010       1.3831
    3011       1.3325
    3012       1.2833
    3013       1.3152
    3014       1.2726
    3015       1.2904
    3016       1.3012
    3017       1.3003
    3018       1.2821
    3019       1.4325
    3020       1.4035
    3021       1.3234
    3022       1.3100
    3023       1.2666
    3024       1.3490
    3025       1.3529
    3026       1.3670
    3027       1.3155
    3028       1.3308
    3029       1.3638
    3030       1.4347
    3031       1.3419
    3032       1.4556
    3033       1.5640
    3034       1.4345
    3035       1.4282
    3036       1.4065
    3037       1.3318
    3038       1.3280
    3039       1.3714
    3040       1.3567
    3041       1.2534
    3042       1.2596
    3043       1.1943
    3044       1.2434
    3045       1.1986
    3046       1.2096
    3047       1.2320
    3048       1.2640
    3049       1.1574
    3050       1.2404
    3051       1.2488
    3052       1.3485
    3053       1.2624
    3054       1.2771
    3055       1.1971
    3056       1.2655
    3057       1.2165
    3058       1.2136
    3059       1.2431
    3060       1.2353
    3061       1.3318
    3062       1.2836
    3063       1.3299
    3064       1.3699
    3065       1.2882
    3066       1.3426
    3067       1.3980
    3068       1.3941
    3069       1.3924
    3070       1.4014
    3071       1.4027
    3072       1.3262
    3073       1.3744
    3074       1.2966
    3075       1.4167
    3076       1.4567
    3077       1.4240
    3078       1.4451
    3079       1.5098
    3080       1.5487
    3081       1.6186
    3082       1.6237
    3083       1.5810
    3084       1.5801
    3085       1.6326
    3086       1.4972
    3087       1.5189
    3088       1.5306
    3089       1.5576
    3090       1.5774
    3091       1.5955
    3092       1.5459
    3093       1.5245
    3094       1.5589
    3095       1.5638
    3096       1.4752
    3097       1.5376
    3098       1.5800
    3099       1.6083
    3100       1.4998
    3101       1.5774
    3102       1.5588
    3103       1.4737
    3104       1.3707
    3105       1.2939
    3106       1.2921
    3107       1.4055
    3108       1.2871
    3109       1.2874
    3110       1.2983
    3111       1.3956
    3112       1.3920
    3113       1.4500
    3114       1.4066
    3115       1.3657
    3116       1.3636
    3117       1.3315
    3118       1.2834
    3119       1.2889
    3120       1.3091
    3121       1.3850
    3122       1.3963
    3123       1.3946
    3124       1.4714
    3125       1.4521
