#Frame     RMSD_00001
       1       0.0000
       2       0.6594
       3       0.7628
       4       0.7218
       5       0.7104
       6       0.8006
       7       0.8016
       8       0.8150
       9       0.7915
      10       0.8237
      11       0.8109
      12       0.7782
      13       0.7463
      14       0.7732
      15       0.8255
      16       0.8053
      17       0.8245
      18       0.7817
      19       0.7493
      20       0.7796
      21       0.7457
      22       0.7903
      23       0.8210
      24       0.8358
      25       0.8756
      26       0.9880
      27       0.9290
      28       0.9018
      29       0.9796
      30       0.9695
      31       0.9310
      32       0.9090
      33       0.8672
      34       0.9028
      35       0.9077
      36       0.8531
      37       0.8813
      38       0.8944
      39       0.8266
      40       0.8277
      41       0.7862
      42       0.8889
      43       0.9000
      44       0.8856
      45       0.9250
      46       0.8961
      47       0.9346
      48       0.8822
      49       0.8661
      50       0.8590
      51       0.8757
      52       0.8410
      53       0.8491
      54       0.9177
      55       0.8856
      56       0.8682
      57       0.7894
      58       0.8042
      59       0.8267
      60       0.8433
      61       0.9205
      62       0.9597
      63       0.9212
      64       0.8973
      65       0.8524
      66       0.8559
      67       0.8731
      68       0.9687
      69       0.9480
      70       0.9755
      71       0.9045
      72       0.8612
      73       0.8578
      74       0.8251
      75       0.8845
      76       0.8532
      77       0.8588
      78       0.8303
      79       0.8995
      80       0.8962
      81       0.9228
      82       0.9559
      83       0.9226
      84       0.8951
      85       0.8485
      86       0.9146
      87       0.9502
      88       0.9530
      89       0.9536
      90       0.9759
      91       0.9523
      92       0.9182
      93       0.9166
      94       0.8892
      95       0.8763
      96       0.8462
      97       0.9482
      98       0.8631
      99       0.9401
     100       0.9470
     101       0.9315
     102       0.9078
     103       0.9055
     104       0.8993
     105       0.8991
     106       0.9323
     107       0.9482
     108       0.9771
     109       0.9676
     110       0.8692
     111       0.9123
     112       0.9542
     113       0.9633
     114       0.9481
     115       0.9754
     116       0.9565
     117       0.9635
     118       0.9844
     119       1.0038
     120       1.0281
     121       1.0909
     122       1.0368
     123       0.9610
     124       1.0262
     125       0.9544
     126       0.9552
     127       0.9779
     128       0.9641
     129       0.9590
     130       0.9373
     131       0.9225
     132       1.0643
     133       1.0380
     134       0.9351
     135       0.9853
     136       0.9719
     137       0.9763
     138       0.9224
     139       0.9643
     140       1.0035
     141       0.9544
     142       1.0038
     143       0.9981
     144       0.9012
     145       0.9550
     146       0.9752
     147       0.8863
     148       0.9185
     149       0.9768
     150       0.9400
     151       0.9222
     152       0.9533
     153       0.9472
     154       0.9794
     155       1.0369
     156       1.0417
     157       1.0557
     158       1.0409
     159       0.9747
     160       0.9786
     161       0.9636
     162       0.9759
     163       0.9596
     164       0.9646
     165       1.0210
     166       0.9693
     167       0.9774
     168       0.9392
     169       0.9501
     170       0.9397
     171       1.0292
     172       1.0452
     173       0.9685
     174       0.9991
     175       1.0078
     176       0.9969
     177       1.0279
     178       1.0521
     179       1.0042
     180       0.9966
     181       0.9314
     182       1.0310
     183       1.0176
     184       1.1281
     185       1.1181
     186       1.0942
     187       1.0606
     188       0.9700
     189       1.0585
     190       1.1190
     191       1.1104
     192       1.1476
     193       0.9980
     194       1.0178
     195       1.0034
     196       0.9984
     197       0.9488
     198       0.9918
     199       0.9245
     200       0.9071
     201       0.9245
     202       0.8999
     203       0.9607
     204       0.9690
     205       1.0298
     206       1.0076
     207       0.9777
     208       0.9131
     209       0.9165
     210       0.9692
     211       0.9718
     212       0.9682
     213       0.9270
     214       0.9102
     215       0.9305
     216       0.9309
     217       0.8839
     218       0.9392
     219       0.9263
     220       0.9542
     221       0.9099
     222       0.9550
     223       0.9044
     224       0.9400
     225       0.9507
     226       0.9656
     227       1.0161
     228       1.0540
     229       1.0762
     230       1.0788
     231       1.0461
     232       1.0380
     233       0.9851
     234       1.0223
     235       1.0072
     236       0.9852
     237       0.9296
     238       0.9091
     239       0.9318
     240       0.9613
     241       1.0635
     242       1.0410
     243       0.9670
     244       0.9746
     245       1.0129
     246       1.0480
     247       1.0503
     248       1.0647
     249       0.9919
     250       1.0103
     251       1.0184
     252       1.0971
     253       1.1922
     254       1.0023
     255       0.9763
     256       0.9739
     257       0.9347
     258       0.9743
     259       0.9803
     260       0.9321
     261       0.9315
     262       0.9731
     263       1.0001
     264       0.9611
     265       1.0423
     266       0.9353
     267       1.0055
     268       0.9340
     269       0.9521
     270       1.0222
     271       0.9946
     272       0.9719
     273       1.0280
     274       1.0630
     275       1.1035
     276       1.0940
     277       1.1904
     278       1.1280
     279       1.2076
     280       1.1838
     281       1.2603
     282       1.2136
     283       1.1791
     284       1.0922
     285       1.1041
     286       1.1457
     287       1.1037
     288       1.0837
     289       1.0384
     290       1.0639
     291       1.0457
     292       1.0893
     293       1.0806
     294       1.0662
     295       1.0416
     296       1.0102
     297       1.0683
     298       1.0281
     299       0.9838
     300       1.0289
     301       0.9796
     302       0.9970
     303       1.1238
     304       1.0805
     305       1.1352
     306       1.0416
     307       0.9672
     308       1.0105
     309       1.0377
     310       1.0910
     311       1.0399
     312       1.0710
     313       1.0377
     314       1.0160
     315       1.0267
     316       1.0671
     317       1.0733
     318       1.0880
     319       1.0934
     320       1.0725
     321       0.9785
     322       1.0152
     323       1.0528
     324       0.9544
     325       1.0312
     326       1.0279
     327       1.1037
     328       1.0695
     329       1.0691
     330       1.0626
     331       1.0906
     332       1.0255
     333       0.9863
     334       1.0314
     335       1.1196
     336       1.0469
     337       1.0847
     338       1.0997
     339       1.0771
     340       1.0504
     341       1.0820
     342       1.1448
     343       1.1304
     344       1.0920
     345       1.0609
     346       1.1066
     347       1.1837
     348       1.1516
     349       1.1009
     350       1.0759
     351       1.0834
     352       1.0226
     353       1.0607
     354       1.0444
     355       1.1472
     356       1.1340
     357       1.0552
     358       1.0946
     359       1.1109
     360       1.0443
     361       1.0583
     362       1.0539
     363       1.0926
     364       1.1217
     365       1.1201
     366       1.0512
     367       1.0639
     368       1.0848
     369       1.1055
     370       1.0847
     371       1.1574
     372       1.1450
     373       1.2048
     374       1.2505
     375       1.1777
     376       1.1756
     377       1.1239
     378       1.2047
     379       1.1722
     380       1.2698
     381       1.1921
     382       1.1862
     383       1.1723
     384       1.1514
     385       1.1839
     386       1.1681
     387       1.1308
     388       1.1654
     389       1.1531
     390       1.1530
     391       1.0985
     392       1.1123
     393       1.1507
     394       1.0545
     395       1.1471
     396       1.0792
     397       1.1312
     398       1.1919
     399       1.2461
     400       1.2234
     401       1.2764
     402       1.1571
     403       1.2160
     404       1.2328
     405       1.3427
     406       1.2541
     407       1.1431
     408       1.2213
     409       1.1669
     410       1.0953
     411       1.1590
     412       1.1765
     413       1.2121
     414       1.2035
     415       1.2375
     416       1.2135
     417       1.1658
     418       1.2042
     419       1.1464
     420       1.2160
     421       1.1438
     422       1.1319
     423       1.1100
     424       1.0665
     425       1.0621
     426       1.0486
     427       1.1322
     428       1.0890
     429       1.0968
     430       1.0715
     431       1.1882
     432       1.1069
     433       1.1542
     434       1.2036
     435       1.2250
     436       1.1555
     437       1.1333
     438       1.1240
     439       1.0705
     440       1.1674
     441       1.1892
     442       1.1222
     443       1.1534
     444       1.1235
     445       1.1883
     446       1.2274
     447       1.2119
     448       1.2430
     449       1.1921
     450       1.1651
     451       1.1414
     452       1.0787
     453       1.0815
     454       1.1938
     455       1.2470
     456       1.2036
     457       1.3112
     458       1.2572
     459       1.2216
     460       1.2946
     461       1.2491
     462       1.3313
     463       1.1933
     464       1.1485
     465       1.1743
     466       1.1635
     467       1.2030
     468       1.1273
     469       1.1475
     470       1.1165
     471       1.1991
     472       1.1680
     473       1.1897
     474       1.1733
     475       1.1513
     476       1.2452
     477       1.1911
     478       1.2864
     479       1.1945
     480       1.2913
     481       1.2180
     482       1.1605
     483       1.1964
     484       1.2287
     485       1.2579
     486       1.2686
     487       1.1866
     488       1.1894
     489       1.2232
     490       1.1998
     491       1.2103
     492       1.2335
     493       1.2007
     494       1.2070
     495       1.1283
     496       1.1698
     497       1.1165
     498       1.0862
     499       1.1261
     500       1.1327
     501       1.1857
     502       1.1565
     503       1.1740
     504       1.1293
     505       1.1094
     506       1.1061
     507       1.0566
     508       1.0997
     509       1.0736
     510       1.0701
     511       1.0869
     512       1.0909
     513       1.1279
     514       1.1168
     515       1.0903
     516       1.0534
     517       1.0192
     518       1.0245
     519       1.0865
     520       1.0671
     521       1.0939
     522       1.1086
     523       1.0785
     524       1.0597
     525       1.0797
     526       1.0978
     527       1.0684
     528       1.1361
     529       1.1752
     530       1.1748
     531       1.1420
     532       1.1473
     533       1.1108
     534       1.0775
     535       1.0695
     536       1.0789
     537       1.0130
     538       1.0091
     539       1.0415
     540       1.0467
     541       1.0688
     542       1.0753
     543       1.1373
     544       1.1599
     545       1.1806
     546       1.2016
     547       1.1994
     548       1.1844
     549       1.2419
     550       1.1923
     551       1.1380
     552       1.0925
     553       1.1567
     554       1.1892
     555       1.2159
     556       1.1077
     557       1.1451
     558       1.1729
     559       1.1299
     560       1.1741
     561       1.0887
     562       1.1121
     563       1.0898
     564       1.1262
     565       1.1811
     566       1.1894
     567       1.1840
     568       1.1364
     569       1.1400
     570       1.1629
     571       1.1709
     572       1.1603
     573       1.1372
     574       1.1546
     575       1.1023
     576       1.1276
     577       1.2201
     578       1.2132
     579       1.1894
     580       1.1169
     581       1.1190
     582       1.0910
     583       1.0987
     584       1.1073
     585       1.1019
     586       1.1594
     587       1.1274
     588       1.1410
     589       1.1996
     590       1.0992
     591       1.1743
     592       1.1922
     593       1.0852
     594       1.1159
     595       1.0803
     596       1.0956
     597       1.0668
     598       1.0616
     599       1.0339
     600       1.0584
     601       1.1049
     602       1.0995
     603       1.1276
     604       1.0703
     605       1.0974
     606       1.0714
     607       1.0210
     608       1.0617
     609       1.0651
     610       1.0567
     611       1.1408
     612       1.1253
     613       1.1636
     614       1.1940
     615       1.1895
     616       1.1491
     617       1.1383
     618       1.1190
     619       1.1539
     620       1.1429
     621       1.2180
     622       1.1244
     623       1.0456
     624       1.0164
     625       1.0948
     626       1.1388
     627       1.1169
     628       1.1363
     629       1.1318
     630       1.1643
     631       1.1348
     632       1.1792
     633       1.1474
     634       1.1731
     635       1.1180
     636       1.1951
     637       1.1627
     638       1.2629
     639       1.1823
     640       1.1213
     641       1.1376
     642       1.1485
     643       1.1925
     644       1.0805
     645       1.1006
     646       1.0960
     647       1.2151
     648       1.1950
     649       1.1475
     650       1.1766
     651       1.1282
     652       1.1658
     653       1.1633
     654       1.1616
     655       1.1980
     656       1.1320
     657       1.1494
     658       1.1722
     659       1.2129
     660       1.1602
     661       1.1621
     662       1.1530
     663       1.1091
     664       1.0845
     665       1.0524
     666       1.1560
     667       1.1224
     668       1.1340
     669       1.0889
     670       1.1001
     671       1.1494
     672       1.1133
     673       1.1919
     674       1.1228
     675       1.1100
     676       1.1454
     677       1.1670
     678       1.1474
     679       1.2131
     680       1.1494
     681       1.1472
     682       1.2060
     683       1.1541
     684       1.1047
     685       1.1698
     686       1.0969
     687       1.1143
     688       1.1243
     689       1.0820
     690       1.1056
     691       1.1379
     692       1.1699
     693       1.1158
     694       1.1752
     695       1.1717
     696       1.1665
     697       1.0957
     698       1.1829
     699       1.1903
     700       1.1614
     701       1.1975
     702       1.1973
     703       1.2342
     704       1.2378
     705       1.2927
     706       1.2354
     707       1.3532
     708       1.2761
     709       1.3093
     710       1.2606
     711       1.2869
     712       1.3511
     713       1.2970
     714       1.3093
     715       1.2935
     716       1.3468
     717       1.3125
     718       1.2643
     719       1.2611
     720       1.2609
     721       1.3162
     722       1.2470
     723       1.2343
     724       1.2167
     725       1.2013
     726       1.2234
     727       1.3045
     728       1.2490
     729       1.2870
     730       1.2480
     731       1.2747
     732       1.3259
     733       1.2825
     734       1.2691
     735       1.2289
     736       1.1630
     737       1.1839
     738       1.1922
     739       1.2720
     740       1.2704
     741       1.3426
     742       1.2313
     743       1.2784
     744       1.2977
     745       1.2467
     746       1.1663
     747       1.2845
     748       1.3498
     749       1.2971
     750       1.2728
     751       1.2185
     752       1.2455
     753       1.2602
     754       1.2249
     755       1.2314
     756       1.3030
     757       1.2921
     758       1.2723
     759       1.2819
     760       1.3026
     761       1.3750
     762       1.3188
     763       1.2556
     764       1.2633
     765       1.2536
     766       1.2229
     767       1.2086
     768       1.2391
     769       1.1388
     770       1.0995
     771       1.1359
     772       1.1925
     773       1.2006
     774       1.1800
     775       1.0898
     776       1.1183
     777       1.1405
     778       1.1501
     779       1.0811
     780       1.0676
     781       1.1864
     782       1.1645
     783       1.1577
     784       1.1547
     785       1.1528
     786       1.1163
     787       1.1359
     788       1.1021
     789       1.1205
     790       1.1838
     791       1.1576
     792       1.1755
     793       1.1891
     794       1.1200
     795       1.1189
     796       1.1370
     797       1.0928
     798       1.1449
     799       1.1095
     800       1.1049
     801       1.0717
     802       1.1795
     803       1.1617
     804       1.2407
     805       1.2322
     806       1.1922
     807       1.1570
     808       1.2146
     809       1.1641
     810       1.1504
     811       1.2000
     812       1.2505
     813       1.1459
     814       1.1898
     815       1.2591
     816       1.2374
     817       1.1888
     818       1.0665
     819       1.1201
     820       1.0940
     821       1.0704
     822       1.0918
     823       1.0547
     824       1.0422
     825       1.0557
     826       1.0768
     827       1.1544
     828       1.1916
     829       1.1318
     830       1.1423
     831       1.1448
     832       1.1460
     833       1.0808
     834       1.0790
     835       1.1251
     836       1.1640
     837       1.1112
     838       1.1152
     839       1.1400
     840       1.1320
     841       1.1413
     842       1.2172
     843       1.1484
     844       1.2292
     845       1.1876
     846       1.1499
     847       1.1457
     848       1.1502
     849       1.1860
     850       1.1999
     851       1.2557
     852       1.1674
     853       1.2463
     854       1.2694
     855       1.3313
     856       1.3610
     857       1.2605
     858       1.2770
     859       1.2483
     860       1.2305
     861       1.1948
     862       1.2094
     863       1.2631
     864       1.2633
     865       1.3130
     866       1.2841
     867       1.2328
     868       1.2366
     869       1.2892
     870       1.2031
     871       1.1997
     872       1.1446
     873       1.1586
     874       1.1301
     875       1.1191
     876       1.0709
     877       1.1550
     878       1.1225
     879       1.2000
     880       1.1708
     881       1.1761
     882       1.1631
     883       1.1120
     884       1.1985
     885       1.2118
     886       1.1797
     887       1.1262
     888       1.2152
     889       1.2197
     890       1.2295
     891       1.2442
     892       1.3079
     893       1.2776
     894       1.2612
     895       1.2092
     896       1.2244
     897       1.2288
     898       1.1784
     899       1.1734
     900       1.2110
     901       1.2022
     902       1.1822
     903       1.1794
     904       1.1683
     905       1.1794
     906       1.2305
     907       1.1997
     908       1.2230
     909       1.1844
     910       1.1918
     911       1.1869
     912       1.2301
     913       1.1698
     914       1.1423
     915       1.1500
     916       1.1618
     917       1.1591
     918       1.0777
     919       1.1131
     920       1.1384
     921       1.1498
     922       1.1824
     923       1.1676
     924       1.1160
     925       1.1436
     926       1.1469
     927       1.2433
     928       1.2585
     929       1.2180
     930       1.2129
     931       1.1421
     932       1.1674
     933       1.2509
     934       1.2306
     935       1.2841
     936       1.2046
     937       1.1376
     938       1.1398
     939       1.1973
     940       1.1111
     941       1.1820
     942       1.0786
     943       1.1729
     944       1.1940
     945       1.1521
     946       1.1694
     947       1.2077
     948       1.2110
     949       1.1692
     950       1.2233
     951       1.3078
     952       1.2618
     953       1.3228
     954       1.2908
     955       1.2966
     956       1.3787
     957       1.2562
     958       1.3066
     959       1.3390
     960       1.3102
     961       1.3481
     962       1.3129
     963       1.3181
     964       1.2882
     965       1.2134
     966       1.2374
     967       1.2499
     968       1.3059
     969       1.3046
     970       1.2868
     971       1.2815
     972       1.2642
     973       1.3100
     974       1.3065
     975       1.3246
     976       1.2839
     977       1.2592
     978       1.3221
     979       1.3723
     980       1.3010
     981       1.2867
     982       1.3076
     983       1.3990
     984       1.5062
     985       1.4567
     986       1.4166
     987       1.3438
     988       1.3428
     989       1.3143
     990       1.3011
     991       1.2996
     992       1.3511
     993       1.3361
     994       1.3497
     995       1.3184
     996       1.3776
     997       1.4053
     998       1.4028
     999       1.3904
    1000       1.3910
    1001       1.3603
    1002       1.3623
    1003       1.3387
    1004       1.3087
    1005       1.3558
    1006       1.3464
    1007       1.3613
    1008       1.4044
    1009       1.3189
    1010       1.4360
    1011       1.3846
    1012       1.4350
    1013       1.3889
    1014       1.3353
    1015       1.2764
    1016       1.3233
    1017       1.3389
    1018       1.3259
    1019       1.3056
    1020       1.3034
    1021       1.3095
    1022       1.3027
    1023       1.3354
    1024       1.3314
    1025       1.2601
    1026       1.3247
    1027       1.3545
    1028       1.3959
    1029       1.4126
    1030       1.4412
    1031       1.4119
    1032       1.4870
    1033       1.4002
    1034       1.4377
    1035       1.4656
    1036       1.4738
    1037       1.4753
    1038       1.4780
    1039       1.3677
    1040       1.4716
    1041       1.4347
    1042       1.4235
    1043       1.4771
    1044       1.4405
    1045       1.3839
    1046       1.3258
    1047       1.3469
    1048       1.3243
    1049       1.3525
    1050       1.3685
    1051       1.4011
    1052       1.4068
    1053       1.4321
    1054       1.4392
    1055       1.4914
    1056       1.4209
    1057       1.3896
    1058       1.4653
    1059       1.4445
    1060       1.4091
    1061       1.3463
    1062       1.3685
    1063       1.4046
    1064       1.3595
    1065       1.4340
    1066       1.5035
    1067       1.4739
    1068       1.4353
    1069       1.3264
    1070       1.2451
    1071       1.2464
    1072       1.3390
    1073       1.3801
    1074       1.4084
    1075       1.4085
    1076       1.4128
    1077       1.3874
    1078       1.3639
    1079       1.3276
    1080       1.4061
    1081       1.4116
    1082       1.4158
    1083       1.4632
    1084       1.5200
    1085       1.4313
    1086       1.5022
    1087       1.4808
    1088       1.4329
    1089       1.4164
    1090       1.4459
    1091       1.5451
    1092       1.4719
    1093       1.4413
    1094       1.4652
    1095       1.5404
    1096       1.5425
    1097       1.4344
    1098       1.5151
    1099       1.4510
    1100       1.5682
    1101       1.4707
    1102       1.4681
    1103       1.4956
    1104       1.4961
    1105       1.4945
    1106       1.4677
    1107       1.4933
    1108       1.5221
    1109       1.5568
    1110       1.5480
    1111       1.5697
    1112       1.4949
    1113       1.4862
    1114       1.4706
    1115       1.5310
    1116       1.5105
    1117       1.5921
    1118       1.4940
    1119       1.5563
    1120       1.5487
    1121       1.5832
    1122       1.5097
    1123       1.5480
    1124       1.6010
    1125       1.5976
    1126       1.6199
    1127       1.4809
    1128       1.4317
    1129       1.4899
    1130       1.5175
    1131       1.4042
    1132       1.4329
    1133       1.3987
    1134       1.4613
    1135       1.4245
    1136       1.4254
    1137       1.4825
    1138       1.4817
    1139       1.4415
    1140       1.4925
    1141       1.5711
    1142       1.6534
    1143       1.6426
    1144       1.6445
    1145       1.5673
    1146       1.7432
    1147       1.7634
    1148       1.7403
    1149       1.7133
    1150       1.6737
    1151       1.6186
    1152       1.7308
    1153       1.6714
    1154       1.7211
    1155       1.7765
    1156       1.6566
    1157       1.6750
    1158       1.7456
    1159       1.7028
    1160       1.6912
    1161       1.6484
    1162       1.5762
    1163       1.6920
    1164       1.7043
    1165       1.6252
    1166       1.6514
    1167       1.6445
    1168       1.5860
    1169       1.5107
    1170       1.5636
    1171       1.5055
    1172       1.4626
    1173       1.5294
    1174       1.5796
    1175       1.5476
    1176       1.5140
    1177       1.5067
    1178       1.4531
    1179       1.4344
    1180       1.3791
    1181       1.5120
    1182       1.4830
    1183       1.4446
    1184       1.4148
    1185       1.4810
    1186       1.4485
    1187       1.4788
    1188       1.5386
    1189       1.5939
    1190       1.5326
    1191       1.5440
    1192       1.6111
    1193       1.5471
    1194       1.5645
    1195       1.4887
    1196       1.4465
    1197       1.4636
    1198       1.4101
    1199       1.5009
    1200       1.4269
    1201       1.4188
    1202       1.4451
    1203       1.3824
    1204       1.4675
    1205       1.4862
    1206       1.5225
    1207       1.4639
    1208       1.5018
    1209       1.5030
    1210       1.4881
    1211       1.5539
    1212       1.4924
    1213       1.4944
    1214       1.5669
    1215       1.4803
    1216       1.3512
    1217       1.3413
    1218       1.4078
    1219       1.4756
    1220       1.4770
    1221       1.4144
    1222       1.3832
    1223       1.3667
    1224       1.4077
    1225       1.3653
    1226       1.3697
    1227       1.3648
    1228       1.3725
    1229       1.3983
    1230       1.3835
    1231       1.3482
    1232       1.3108
    1233       1.3783
    1234       1.3755
    1235       1.4439
    1236       1.4899
    1237       1.4945
    1238       1.4592
    1239       1.3212
    1240       1.3055
    1241       1.3063
    1242       1.3020
    1243       1.3009
    1244       1.2811
    1245       1.3208
    1246       1.2990
    1247       1.3165
    1248       1.3752
    1249       1.3498
    1250       1.3289
    1251       1.2844
    1252       1.3564
    1253       1.3130
    1254       1.3226
    1255       1.3785
    1256       1.3608
    1257       1.3172
    1258       1.2912
    1259       1.2922
    1260       1.3555
    1261       1.3182
    1262       1.3819
    1263       1.3382
    1264       1.2532
    1265       1.2141
    1266       1.2869
    1267       1.2790
    1268       1.2966
    1269       1.3046
    1270       1.3223
    1271       1.3387
    1272       1.3157
    1273       1.3755
    1274       1.4987
    1275       1.4829
    1276       1.5142
    1277       1.5016
    1278       1.5671
    1279       1.4571
    1280       1.4127
    1281       1.3394
    1282       1.3901
    1283       1.3692
    1284       1.3970
    1285       1.3321
    1286       1.3611
    1287       1.3509
    1288       1.3179
    1289       1.4009
    1290       1.3606
    1291       1.3625
    1292       1.3985
    1293       1.3478
    1294       1.3591
    1295       1.3455
    1296       1.3393
    1297       1.3324
    1298       1.3196
    1299       1.3585
    1300       1.3625
    1301       1.3700
    1302       1.2314
    1303       1.3070
    1304       1.2885
    1305       1.3123
    1306       1.2893
    1307       1.3186
    1308       1.3301
    1309       1.3618
    1310       1.3696
    1311       1.3177
    1312       1.3029
    1313       1.2788
    1314       1.2984
    1315       1.2985
    1316       1.2787
    1317       1.3432
    1318       1.3604
    1319       1.3110
    1320       1.3985
    1321       1.3464
    1322       1.2978
    1323       1.3287
    1324       1.3232
    1325       1.3295
    1326       1.2481
    1327       1.1904
    1328       1.1772
    1329       1.2274
    1330       1.1880
    1331       1.2583
    1332       1.2456
    1333       1.2088
    1334       1.2570
    1335       1.2562
    1336       1.3080
    1337       1.3617
    1338       1.3504
    1339       1.3382
    1340       1.3045
    1341       1.3170
    1342       1.2748
    1343       1.2364
    1344       1.2589
    1345       1.2898
    1346       1.2383
    1347       1.2488
    1348       1.3708
    1349       1.4470
    1350       1.3624
    1351       1.3088
    1352       1.3478
    1353       1.4036
    1354       1.4559
    1355       1.4832
    1356       1.4408
    1357       1.4589
    1358       1.4116
    1359       1.3415
    1360       1.3680
    1361       1.4589
    1362       1.3744
    1363       1.3790
    1364       1.3514
    1365       1.3607
    1366       1.4235
    1367       1.3892
    1368       1.4767
    1369       1.4618
    1370       1.4217
    1371       1.4307
    1372       1.3919
    1373       1.4417
    1374       1.3900
    1375       1.4045
    1376       1.3847
    1377       1.3602
    1378       1.3425
    1379       1.3193
    1380       1.1849
    1381       1.2495
    1382       1.2248
    1383       1.2267
    1384       1.2196
    1385       1.2522
    1386       1.2265
    1387       1.2454
    1388       1.1912
    1389       1.2128
    1390       1.3179
    1391       1.3258
    1392       1.4078
    1393       1.3141
    1394       1.3921
    1395       1.2689
    1396       1.2237
    1397       1.2737
    1398       1.2838
    1399       1.3133
    1400       1.3693
    1401       1.2872
    1402       1.2776
    1403       1.3217
    1404       1.3351
    1405       1.3133
    1406       1.2566
    1407       1.2833
    1408       1.2911
    1409       1.3225
    1410       1.3641
    1411       1.3249
    1412       1.4047
    1413       1.4191
    1414       1.3742
    1415       1.3352
    1416       1.3934
    1417       1.3345
    1418       1.4351
    1419       1.5304
    1420       1.4831
    1421       1.4328
    1422       1.3973
    1423       1.3454
    1424       1.3833
    1425       1.3630
    1426       1.3860
    1427       1.3705
    1428       1.3193
    1429       1.3202
    1430       1.3094
    1431       1.3131
    1432       1.3315
    1433       1.3205
    1434       1.4075
    1435       1.3401
    1436       1.3078
    1437       1.3258
    1438       1.3290
    1439       1.3478
    1440       1.3897
    1441       1.4453
    1442       1.5309
    1443       1.4237
    1444       1.4339
    1445       1.3822
    1446       1.3592
    1447       1.4095
    1448       1.4032
    1449       1.4240
    1450       1.3025
    1451       1.3065
    1452       1.3141
    1453       1.3186
    1454       1.3429
    1455       1.3698
    1456       1.3290
    1457       1.3059
    1458       1.4493
    1459       1.4510
    1460       1.3640
    1461       1.3661
    1462       1.3679
    1463       1.2977
    1464       1.3621
    1465       1.3654
    1466       1.3461
    1467       1.3347
    1468       1.3897
    1469       1.3732
    1470       1.3387
    1471       1.2395
    1472       1.3199
    1473       1.3446
    1474       1.3339
    1475       1.3135
    1476       1.3750
    1477       1.3389
    1478       1.2934
    1479       1.3268
    1480       1.2274
    1481       1.3858
    1482       1.3754
    1483       1.4043
    1484       1.3452
    1485       1.4012
    1486       1.3598
    1487       1.4248
    1488       1.3314
    1489       1.3929
    1490       1.4331
    1491       1.4348
    1492       1.4556
    1493       1.3683
    1494       1.4437
    1495       1.3681
    1496       1.3819
    1497       1.4512
    1498       1.4204
    1499       1.4003
    1500       1.4268
    1501       1.4242
    1502       1.3718
    1503       1.4173
    1504       1.4103
    1505       1.4295
    1506       1.4079
    1507       1.3683
    1508       1.3420
    1509       1.3839
    1510       1.3933
    1511       1.4390
    1512       1.4106
    1513       1.4493
    1514       1.3820
    1515       1.4529
    1516       1.3665
    1517       1.3739
    1518       1.4895
    1519       1.4401
    1520       1.4635
    1521       1.3726
    1522       1.5083
    1523       1.3897
    1524       1.3848
    1525       1.3300
    1526       1.3656
    1527       1.3446
    1528       1.4009
    1529       1.3523
    1530       1.3475
    1531       1.3419
    1532       1.4358
    1533       1.4602
    1534       1.4849
    1535       1.5408
    1536       1.4858
    1537       1.5212
    1538       1.4382
    1539       1.4430
    1540       1.4482
    1541       1.4313
    1542       1.4069
    1543       1.4186
    1544       1.3654
    1545       1.3834
    1546       1.3858
    1547       1.3856
    1548       1.3318
    1549       1.3501
    1550       1.3606
    1551       1.4401
    1552       1.4396
    1553       1.4088
    1554       1.4741
    1555       1.4076
    1556       1.3783
    1557       1.3218
    1558       1.3709
    1559       1.3351
    1560       1.3663
    1561       1.4124
    1562       1.3690
    1563       1.3892
    1564       1.3799
    1565       1.3933
    1566       1.3320
    1567       1.2882
    1568       1.3170
    1569       1.4240
    1570       1.3593
    1571       1.4034
    1572       1.3930
    1573       1.3578
    1574       1.3752
    1575       1.3673
    1576       1.3941
    1577       1.3899
    1578       1.3198
    1579       1.3940
    1580       1.4439
    1581       1.4479
    1582       1.3822
    1583       1.3692
    1584       1.4021
    1585       1.3506
    1586       1.3167
    1587       1.3114
    1588       1.3450
    1589       1.3791
    1590       1.3457
    1591       1.3157
    1592       1.2593
    1593       1.2443
    1594       1.3046
    1595       1.3357
    1596       1.3869
    1597       1.2886
    1598       1.3798
    1599       1.4156
    1600       1.3447
    1601       1.4391
    1602       1.3730
    1603       1.3785
    1604       1.3398
    1605       1.4199
    1606       1.3500
    1607       1.3405
    1608       1.3426
    1609       1.3103
    1610       1.2770
    1611       1.2699
    1612       1.2093
    1613       1.2383
    1614       1.2573
    1615       1.3797
    1616       1.3923
    1617       1.3392
    1618       1.3405
    1619       1.3808
    1620       1.4345
    1621       1.4796
    1622       1.4173
    1623       1.3834
    1624       1.3899
    1625       1.3492
    1626       1.3335
    1627       1.2258
    1628       1.2965
    1629       1.2454
    1630       1.3871
    1631       1.3270
    1632       1.3582
    1633       1.4335
    1634       1.4376
    1635       1.4004
    1636       1.4987
    1637       1.4709
    1638       1.4014
    1639       1.4513
    1640       1.3972
    1641       1.3956
    1642       1.3379
    1643       1.3524
    1644       1.3271
    1645       1.2286
    1646       1.2683
    1647       1.3340
    1648       1.3284
    1649       1.3380
    1650       1.4345
    1651       1.3267
    1652       1.3441
    1653       1.3672
    1654       1.2974
    1655       1.3427
    1656       1.3415
    1657       1.3153
    1658       1.2988
    1659       1.3471
    1660       1.3982
    1661       1.3559
    1662       1.3271
    1663       1.3047
    1664       1.3078
    1665       1.2906
    1666       1.2661
    1667       1.2473
    1668       1.2184
    1669       1.2353
    1670       1.2305
    1671       1.2593
    1672       1.2726
    1673       1.2667
    1674       1.3266
    1675       1.2440
    1676       1.2639
    1677       1.3198
    1678       1.3444
    1679       1.3553
    1680       1.2462
    1681       1.2507
    1682       1.3215
    1683       1.2688
    1684       1.2786
    1685       1.4155
    1686       1.4269
    1687       1.4080
    1688       1.3896
    1689       1.5092
    1690       1.4663
    1691       1.3461
    1692       1.3035
    1693       1.3086
    1694       1.3254
    1695       1.3684
    1696       1.3781
    1697       1.3273
    1698       1.3142
    1699       1.3974
    1700       1.3246
    1701       1.3244
    1702       1.3370
    1703       1.3848
    1704       1.4403
    1705       1.3971
    1706       1.4166
    1707       1.4338
    1708       1.4765
    1709       1.3264
    1710       1.3038
    1711       1.1890
    1712       1.2568
    1713       1.2395
    1714       1.2271
    1715       1.3943
    1716       1.3506
    1717       1.2835
    1718       1.2652
    1719       1.3379
    1720       1.3430
    1721       1.2836
    1722       1.2566
    1723       1.2948
    1724       1.2717
    1725       1.3183
    1726       1.3496
    1727       1.4559
    1728       1.3721
    1729       1.3306
    1730       1.3680
    1731       1.2689
    1732       1.2935
    1733       1.2942
    1734       1.2368
    1735       1.2243
    1736       1.1909
    1737       1.2231
    1738       1.2423
    1739       1.2104
    1740       1.2003
    1741       1.1998
    1742       1.2102
    1743       1.2477
    1744       1.2635
    1745       1.2119
    1746       1.2613
    1747       1.3169
    1748       1.3888
    1749       1.2977
    1750       1.3171
    1751       1.2563
    1752       1.2223
    1753       1.1968
    1754       1.2078
    1755       1.2609
    1756       1.2791
    1757       1.2949
    1758       1.3885
    1759       1.3777
    1760       1.4437
    1761       1.3287
    1762       1.2977
    1763       1.1884
    1764       1.1321
    1765       1.2175
    1766       1.2036
    1767       1.2136
    1768       1.2117
    1769       1.2896
    1770       1.2796
    1771       1.2233
    1772       1.3241
    1773       1.2447
    1774       1.2022
    1775       1.2846
    1776       1.2674
    1777       1.3002
    1778       1.3206
    1779       1.4033
    1780       1.2717
    1781       1.2682
    1782       1.2303
    1783       1.3302
    1784       1.3514
    1785       1.3147
    1786       1.2907
    1787       1.3132
    1788       1.3593
    1789       1.3196
    1790       1.2626
    1791       1.1898
    1792       1.2533
    1793       1.2325
    1794       1.2523
    1795       1.2560
    1796       1.2272
    1797       1.2157
    1798       1.1898
    1799       1.2008
    1800       1.2177
    1801       1.2072
    1802       1.1443
    1803       1.1246
    1804       1.1697
    1805       1.1862
    1806       1.1900
    1807       1.1504
    1808       1.1875
    1809       1.1968
    1810       1.1776
    1811       1.2131
    1812       1.2350
    1813       1.2312
    1814       1.1848
    1815       1.2238
    1816       1.2194
    1817       1.2263
    1818       1.2501
    1819       1.2813
    1820       1.2717
    1821       1.2762
    1822       1.2593
    1823       1.2961
    1824       1.2486
    1825       1.2877
    1826       1.2635
    1827       1.2813
    1828       1.2287
    1829       1.2796
    1830       1.2650
    1831       1.2823
    1832       1.2363
    1833       1.2370
    1834       1.2205
    1835       1.2360
    1836       1.2719
    1837       1.3038
    1838       1.2880
    1839       1.2661
    1840       1.3337
    1841       1.4105
    1842       1.3482
    1843       1.2840
    1844       1.3141
    1845       1.2848
    1846       1.2615
    1847       1.2268
    1848       1.2734
    1849       1.2430
    1850       1.3075
    1851       1.2774
    1852       1.2646
    1853       1.2235
    1854       1.3040
    1855       1.2854
    1856       1.2914
    1857       1.3422
    1858       1.3119
    1859       1.3150
    1860       1.3128
    1861       1.3250
    1862       1.3289
    1863       1.3138
    1864       1.2023
    1865       1.2867
    1866       1.3512
    1867       1.3492
    1868       1.3264
    1869       1.3739
    1870       1.2942
    1871       1.2734
    1872       1.2899
    1873       1.3071
    1874       1.2028
    1875       1.1947
    1876       1.2577
    1877       1.2316
    1878       1.2685
    1879       1.2440
    1880       1.3080
    1881       1.3995
    1882       1.2905
    1883       1.3184
    1884       1.3509
    1885       1.2877
    1886       1.3017
    1887       1.2199
    1888       1.1936
    1889       1.2181
    1890       1.2640
    1891       1.2859
    1892       1.2629
    1893       1.2711
    1894       1.2867
    1895       1.2486
    1896       1.2643
    1897       1.2894
    1898       1.3250
    1899       1.3547
    1900       1.3671
    1901       1.3705
    1902       1.2788
    1903       1.3767
    1904       1.3307
    1905       1.3829
    1906       1.4286
    1907       1.3511
    1908       1.3584
    1909       1.3497
    1910       1.3983
    1911       1.4257
    1912       1.5158
    1913       1.4784
    1914       1.4072
    1915       1.2827
    1916       1.3045
    1917       1.2468
    1918       1.3578
    1919       1.2858
    1920       1.3643
    1921       1.3508
    1922       1.3953
    1923       1.3236
    1924       1.4327
    1925       1.3599
    1926       1.3342
    1927       1.3134
    1928       1.2779
    1929       1.3230
    1930       1.3547
    1931       1.3525
    1932       1.3498
    1933       1.3621
    1934       1.2764
    1935       1.2776
    1936       1.2839
    1937       1.2539
    1938       1.3460
    1939       1.3930
    1940       1.3037
    1941       1.3878
    1942       1.3064
    1943       1.3124
    1944       1.3305
    1945       1.3233
    1946       1.3251
    1947       1.3659
    1948       1.3732
    1949       1.3311
    1950       1.3085
    1951       1.2796
    1952       1.2831
    1953       1.2600
    1954       1.2847
    1955       1.3781
    1956       1.3067
    1957       1.3105
    1958       1.3412
    1959       1.3274
    1960       1.3210
    1961       1.3740
    1962       1.3497
    1963       1.2946
    1964       1.5098
    1965       1.4981
    1966       1.4278
    1967       1.3639
    1968       1.4896
    1969       1.4784
    1970       1.4474
    1971       1.3717
    1972       1.3267
    1973       1.4103
    1974       1.4738
    1975       1.3747
    1976       1.3777
    1977       1.4481
    1978       1.4055
    1979       1.4251
    1980       1.4356
    1981       1.3735
    1982       1.3680
    1983       1.3963
    1984       1.3946
    1985       1.3099
    1986       1.4381
    1987       1.4900
    1988       1.4393
    1989       1.4019
    1990       1.4795
    1991       1.5767
    1992       1.6133
    1993       1.5211
    1994       1.4839
    1995       1.4596
    1996       1.5321
    1997       1.5017
    1998       1.3831
    1999       1.3044
    2000       1.2865
    2001       1.3106
    2002       1.4102
    2003       1.4153
    2004       1.4246
    2005       1.3724
    2006       1.3625
    2007       1.3879
    2008       1.4721
    2009       1.3954
    2010       1.3033
    2011       1.4258
    2012       1.3589
    2013       1.3788
    2014       1.2858
    2015       1.3027
    2016       1.2427
    2017       1.2286
    2018       1.2259
    2019       1.2365
    2020       1.2490
    2021       1.3444
    2022       1.3557
    2023       1.3839
    2024       1.4118
    2025       1.3396
    2026       1.2217
    2027       1.3202
    2028       1.3211
    2029       1.2414
    2030       1.3064
    2031       1.3440
    2032       1.3557
    2033       1.3927
    2034       1.4336
    2035       1.4311
    2036       1.3914
    2037       1.4056
    2038       1.3573
    2039       1.3571
    2040       1.3208
    2041       1.3463
    2042       1.3521
    2043       1.3158
    2044       1.3304
    2045       1.3610
    2046       1.4139
    2047       1.4137
    2048       1.3248
    2049       1.3034
    2050       1.2997
    2051       1.3356
    2052       1.3061
    2053       1.3347
    2054       1.3000
    2055       1.2976
    2056       1.3490
    2057       1.3583
    2058       1.3333
    2059       1.3067
    2060       1.2634
    2061       1.2421
    2062       1.3060
    2063       1.3636
    2064       1.3962
    2065       1.3168
    2066       1.3952
    2067       1.3032
    2068       1.2698
    2069       1.3226
    2070       1.3102
    2071       1.3651
    2072       1.3674
    2073       1.4234
    2074       1.3297
    2075       1.4271
    2076       1.3431
    2077       1.4433
    2078       1.3572
    2079       1.2787
    2080       1.2648
    2081       1.2639
    2082       1.3736
    2083       1.4816
    2084       1.4035
    2085       1.4277
    2086       1.3707
    2087       1.3475
    2088       1.4217
    2089       1.4516
    2090       1.4296
    2091       1.4028
    2092       1.3888
    2093       1.3438
    2094       1.3208
    2095       1.2606
    2096       1.3251
    2097       1.2917
    2098       1.2235
    2099       1.2800
    2100       1.3272
    2101       1.3599
    2102       1.3509
    2103       1.3454
    2104       1.4416
    2105       1.3736
    2106       1.3942
    2107       1.3888
    2108       1.3040
    2109       1.2479
    2110       1.2688
    2111       1.2935
    2112       1.3095
    2113       1.3093
    2114       1.3379
    2115       1.3408
    2116       1.2809
    2117       1.1970
    2118       1.2120
    2119       1.2719
    2120       1.3960
    2121       1.3613
    2122       1.2103
    2123       1.2250
    2124       1.3140
    2125       1.3853
    2126       1.3379
    2127       1.4205
    2128       1.3837
    2129       1.3389
    2130       1.2866
    2131       1.2681
    2132       1.3041
    2133       1.2247
    2134       1.2612
    2135       1.3492
    2136       1.3145
    2137       1.2425
    2138       1.2338
    2139       1.3336
    2140       1.3485
    2141       1.2861
    2142       1.2444
    2143       1.2757
    2144       1.2837
    2145       1.3066
    2146       1.2476
    2147       1.3018
    2148       1.1981
    2149       1.2584
    2150       1.3019
    2151       1.2216
    2152       1.2154
    2153       1.2477
    2154       1.2523
    2155       1.1518
    2156       1.2213
    2157       1.2085
    2158       1.1844
    2159       1.1921
    2160       1.2155
    2161       1.2216
    2162       1.2355
    2163       1.2713
    2164       1.3378
    2165       1.2832
    2166       1.3022
    2167       1.3930
    2168       1.3755
    2169       1.3500
    2170       1.3117
    2171       1.3221
    2172       1.3264
    2173       1.3342
    2174       1.4541
    2175       1.3792
    2176       1.3310
    2177       1.3287
    2178       1.3626
    2179       1.3456
    2180       1.1839
    2181       1.2677
    2182       1.3607
    2183       1.2535
    2184       1.2312
    2185       1.2305
    2186       1.2768
    2187       1.2224
    2188       1.2282
    2189       1.3348
    2190       1.3363
    2191       1.2824
    2192       1.3459
    2193       1.3583
    2194       1.3455
    2195       1.3587
    2196       1.3837
    2197       1.3736
    2198       1.2927
    2199       1.2519
    2200       1.3457
    2201       1.3262
    2202       1.3013
    2203       1.2978
    2204       1.3120
    2205       1.2920
    2206       1.2085
    2207       1.3449
    2208       1.3272
    2209       1.3317
    2210       1.4530
    2211       1.4805
    2212       1.4103
    2213       1.3660
    2214       1.3423
    2215       1.2953
    2216       1.1986
    2217       1.2040
    2218       1.2347
    2219       1.2746
    2220       1.4551
    2221       1.3866
    2222       1.3832
    2223       1.3416
    2224       1.4205
    2225       1.3757
    2226       1.4202
    2227       1.4385
    2228       1.3237
    2229       1.4179
    2230       1.2990
    2231       1.2614
    2232       1.2937
    2233       1.3423
    2234       1.3201
    2235       1.3115
    2236       1.3487
    2237       1.3256
    2238       1.2542
    2239       1.2744
    2240       1.3800
    2241       1.4159
    2242       1.4414
    2243       1.3763
    2244       1.3076
    2245       1.3854
    2246       1.4096
    2247       1.3031
    2248       1.3027
    2249       1.3462
    2250       1.3354
    2251       1.3646
    2252       1.4078
    2253       1.2756
    2254       1.2861
    2255       1.2496
    2256       1.2277
    2257       1.2713
    2258       1.2453
    2259       1.1708
    2260       1.1822
    2261       1.2160
    2262       1.2709
    2263       1.2714
    2264       1.3226
    2265       1.3135
    2266       1.2104
    2267       1.2617
    2268       1.2096
    2269       1.1713
    2270       1.2070
    2271       1.1362
    2272       1.2533
    2273       1.2947
    2274       1.2343
    2275       1.2880
    2276       1.3011
    2277       1.2000
    2278       1.2543
    2279       1.1869
    2280       1.2914
    2281       1.2960
    2282       1.3508
    2283       1.2709
    2284       1.2982
    2285       1.3673
    2286       1.2464
    2287       1.3206
    2288       1.3362
    2289       1.3227
    2290       1.3349
    2291       1.2590
    2292       1.2565
    2293       1.1864
    2294       1.1894
    2295       1.1009
    2296       1.1865
    2297       1.2203
    2298       1.2993
    2299       1.3399
    2300       1.3057
    2301       1.2457
    2302       1.2642
    2303       1.2268
    2304       1.2794
    2305       1.2877
    2306       1.3500
    2307       1.3316
    2308       1.3283
    2309       1.2698
    2310       1.3512
    2311       1.3478
    2312       1.3452
    2313       1.3298
    2314       1.3198
    2315       1.3274
    2316       1.2769
    2317       1.3147
    2318       1.3474
    2319       1.2820
    2320       1.3123
    2321       1.2876
    2322       1.3558
    2323       1.3339
    2324       1.3640
    2325       1.3162
    2326       1.3327
    2327       1.3905
    2328       1.2760
    2329       1.2489
    2330       1.2782
    2331       1.2490
    2332       1.2500
    2333       1.2395
    2334       1.3492
    2335       1.3183
    2336       1.4208
    2337       1.3134
    2338       1.3397
    2339       1.3803
    2340       1.3619
    2341       1.3813
    2342       1.3921
    2343       1.3571
    2344       1.3319
    2345       1.3073
    2346       1.3945
    2347       1.2778
    2348       1.2636
    2349       1.2359
    2350       1.2130
    2351       1.3128
    2352       1.2823
    2353       1.2494
    2354       1.1877
    2355       1.2836
    2356       1.2957
    2357       1.3016
    2358       1.2299
    2359       1.2432
    2360       1.2412
    2361       1.1785
    2362       1.1347
    2363       1.2305
    2364       1.2264
    2365       1.1950
    2366       1.1858
    2367       1.1545
    2368       1.2004
    2369       1.1956
    2370       1.1770
    2371       1.1604
    2372       1.1648
    2373       1.1159
    2374       1.1793
    2375       1.2389
    2376       1.2289
    2377       1.2210
    2378       1.2504
    2379       1.2555
    2380       1.2711
    2381       1.2507
    2382       1.1686
    2383       1.1940
    2384       1.1936
    2385       1.2221
    2386       1.3073
    2387       1.2754
    2388       1.2990
    2389       1.2999
    2390       1.3103
    2391       1.2849
    2392       1.2781
    2393       1.3087
    2394       1.3324
    2395       1.3076
    2396       1.2701
    2397       1.2672
    2398       1.2335
    2399       1.2287
    2400       1.3221
    2401       1.2527
    2402       1.2809
    2403       1.2720
    2404       1.2130
    2405       1.2169
    2406       1.2513
    2407       1.2976
    2408       1.3902
    2409       1.4524
    2410       1.4942
    2411       1.4356
    2412       1.3847
    2413       1.4699
    2414       1.3905
    2415       1.3929
    2416       1.3877
    2417       1.4308
    2418       1.4301
    2419       1.4607
    2420       1.4816
    2421       1.5325
    2422       1.5483
    2423       1.5178
    2424       1.4588
    2425       1.4751
    2426       1.4299
    2427       1.5197
    2428       1.4403
    2429       1.3488
    2430       1.4288
    2431       1.4382
    2432       1.5576
    2433       1.5165
    2434       1.4587
    2435       1.5259
    2436       1.4453
    2437       1.4272
    2438       1.3834
    2439       1.4267
    2440       1.4482
    2441       1.3172
    2442       1.5122
    2443       1.5197
    2444       1.4374
    2445       1.4171
    2446       1.4622
    2447       1.4775
    2448       1.4994
    2449       1.4003
    2450       1.4217
    2451       1.4422
    2452       1.3719
    2453       1.3885
    2454       1.4460
    2455       1.4237
    2456       1.4394
    2457       1.4293
    2458       1.3892
    2459       1.4066
    2460       1.4260
    2461       1.4522
    2462       1.4666
    2463       1.4903
    2464       1.4906
    2465       1.4572
    2466       1.4687
    2467       1.4957
    2468       1.5327
    2469       1.4770
    2470       1.4356
    2471       1.4119
    2472       1.3953
    2473       1.4028
    2474       1.3670
    2475       1.3772
    2476       1.2710
    2477       1.3163
    2478       1.3491
    2479       1.3517
    2480       1.4216
    2481       1.3854
    2482       1.3876
    2483       1.3392
    2484       1.4127
    2485       1.3732
    2486       1.3819
    2487       1.4090
    2488       1.4238
    2489       1.4255
    2490       1.4232
    2491       1.4105
    2492       1.3965
    2493       1.4738
    2494       1.5350
    2495       1.5315
    2496       1.5454
    2497       1.5476
    2498       1.5232
    2499       1.5384
    2500       1.4908
    2501       1.4038
    2502       1.4000
    2503       1.4386
    2504       1.4227
    2505       1.3676
    2506       1.4006
    2507       1.4761
    2508       1.4074
    2509       1.3986
    2510       1.3885
    2511       1.4589
    2512       1.4279
    2513       1.4084
    2514       1.3462
    2515       1.4190
    2516       1.3663
    2517       1.3890
    2518       1.4241
    2519       1.3548
    2520       1.3056
    2521       1.3432
    2522       1.2605
    2523       1.2752
    2524       1.2576
    2525       1.2977
    2526       1.3448
    2527       1.3087
    2528       1.3280
    2529       1.3248
    2530       1.3373
    2531       1.2703
    2532       1.2880
    2533       1.2016
    2534       1.3131
    2535       1.3707
    2536       1.4254
    2537       1.3677
    2538       1.3501
    2539       1.3905
    2540       1.4348
    2541       1.4802
    2542       1.3566
    2543       1.3653
    2544       1.4460
    2545       1.5121
    2546       1.4790
    2547       1.4791
    2548       1.5338
    2549       1.4638
    2550       1.4713
    2551       1.5087
    2552       1.5045
    2553       1.4512
    2554       1.4534
    2555       1.4495
    2556       1.4731
    2557       1.4744
    2558       1.5175
    2559       1.5535
    2560       1.4249
    2561       1.3500
    2562       1.3302
    2563       1.3118
    2564       1.3745
    2565       1.4054
    2566       1.4204
    2567       1.3350
    2568       1.3563
    2569       1.4069
    2570       1.4845
    2571       1.4030
    2572       1.4415
    2573       1.3966
    2574       1.3840
    2575       1.4678
    2576       1.5057
    2577       1.4781
    2578       1.5142
    2579       1.5161
    2580       1.5732
    2581       1.5830
    2582       1.6549
    2583       1.5495
    2584       1.6151
    2585       1.5683
    2586       1.5796
    2587       1.5594
    2588       1.6285
    2589       1.6862
    2590       1.6192
    2591       1.6166
    2592       1.5348
    2593       1.4907
    2594       1.4774
    2595       1.5264
    2596       1.4734
    2597       1.4931
    2598       1.4416
    2599       1.4208
    2600       1.4901
    2601       1.5114
    2602       1.5848
    2603       1.6457
    2604       1.6730
    2605       1.5452
    2606       1.5185
    2607       1.5261
    2608       1.5554
    2609       1.5175
    2610       1.6211
    2611       1.6169
    2612       1.5764
    2613       1.5258
    2614       1.6350
    2615       1.5808
    2616       1.4977
    2617       1.5979
    2618       1.5143
    2619       1.5157
    2620       1.5615
    2621       1.5142
    2622       1.5848
    2623       1.6840
    2624       1.7205
    2625       1.6435
    2626       1.6085
    2627       1.5868
    2628       1.6413
    2629       1.6612
    2630       1.5711
    2631       1.4894
    2632       1.5726
    2633       1.5702
    2634       1.5873
    2635       1.6278
    2636       1.6242
    2637       1.6720
    2638       1.5118
    2639       1.5569
    2640       1.6308
    2641       1.5381
    2642       1.4503
    2643       1.4304
    2644       1.4245
    2645       1.4690
    2646       1.4911
    2647       1.5939
    2648       1.5886
    2649       1.5656
    2650       1.5793
    2651       1.5108
    2652       1.4344
    2653       1.4793
    2654       1.5015
    2655       1.5514
    2656       1.4365
    2657       1.3892
    2658       1.4616
    2659       1.5215
    2660       1.5548
    2661       1.5187
    2662       1.5449
    2663       1.5032
    2664       1.5589
    2665       1.5426
    2666       1.5294
    2667       1.4295
    2668       1.4481
    2669       1.5352
    2670       1.5211
    2671       1.5742
    2672       1.5669
    2673       1.5051
    2674       1.5820
    2675       1.4319
    2676       1.4805
    2677       1.5259
    2678       1.5538
    2679       1.4754
    2680       1.4091
    2681       1.5046
    2682       1.5781
    2683       1.5510
    2684       1.5175
    2685       1.5903
    2686       1.5201
    2687       1.4456
    2688       1.4303
    2689       1.3366
    2690       1.4128
    2691       1.3701
    2692       1.3770
    2693       1.3562
    2694       1.4122
    2695       1.3787
    2696       1.3218
    2697       1.3558
    2698       1.4522
    2699       1.5606
    2700       1.4077
    2701       1.4639
    2702       1.4484
    2703       1.4060
    2704       1.4643
    2705       1.5456
    2706       1.5844
    2707       1.5419
    2708       1.3880
    2709       1.4407
    2710       1.4391
    2711       1.4608
    2712       1.4600
    2713       1.3946
    2714       1.3988
    2715       1.3487
    2716       1.3041
    2717       1.3368
    2718       1.3474
    2719       1.3114
    2720       1.2501
    2721       1.2218
    2722       1.2046
    2723       1.2057
    2724       1.2408
    2725       1.3079
    2726       1.3605
    2727       1.2823
    2728       1.2975
    2729       1.3320
    2730       1.3579
    2731       1.3189
    2732       1.3343
    2733       1.3841
    2734       1.4244
    2735       1.3802
    2736       1.2406
    2737       1.2605
    2738       1.3316
    2739       1.3520
    2740       1.3114
    2741       1.3287
    2742       1.3329
    2743       1.4053
    2744       1.3762
    2745       1.4489
    2746       1.4665
    2747       1.4507
    2748       1.4098
    2749       1.4028
    2750       1.3221
    2751       1.3475
    2752       1.4000
    2753       1.3661
    2754       1.4419
    2755       1.4981
    2756       1.5140
    2757       1.4503
    2758       1.4396
    2759       1.3949
    2760       1.3683
    2761       1.2751
    2762       1.3296
    2763       1.3166
    2764       1.3295
    2765       1.3234
    2766       1.2391
    2767       1.3252
    2768       1.3303
    2769       1.2445
    2770       1.2986
    2771       1.2429
    2772       1.2961
    2773       1.3355
    2774       1.3259
    2775       1.4048
    2776       1.3873
    2777       1.3226
    2778       1.3681
    2779       1.3819
    2780       1.3772
    2781       1.3701
    2782       1.3333
    2783       1.3524
    2784       1.3016
    2785       1.2538
    2786       1.3769
    2787       1.3017
    2788       1.2402
    2789       1.2703
    2790       1.4002
    2791       1.4025
    2792       1.3467
    2793       1.4638
    2794       1.4349
    2795       1.4164
    2796       1.4051
    2797       1.4277
    2798       1.4295
    2799       1.4113
    2800       1.4250
    2801       1.3566
    2802       1.3153
    2803       1.3205
    2804       1.2970
    2805       1.3188
    2806       1.3575
    2807       1.2705
    2808       1.3140
    2809       1.2960
    2810       1.3051
    2811       1.3539
    2812       1.3512
    2813       1.2887
    2814       1.3095
    2815       1.3477
    2816       1.3449
    2817       1.3486
    2818       1.3858
    2819       1.3915
    2820       1.4473
    2821       1.3660
    2822       1.3245
    2823       1.3366
    2824       1.3076
    2825       1.3443
    2826       1.3718
    2827       1.4128
    2828       1.3881
    2829       1.4142
    2830       1.4132
    2831       1.4415
    2832       1.4401
    2833       1.4178
    2834       1.4628
    2835       1.4347
    2836       1.4856
    2837       1.4613
    2838       1.4548
    2839       1.4000
    2840       1.5235
    2841       1.4093
    2842       1.4517
    2843       1.3952
    2844       1.4716
    2845       1.4841
    2846       1.4770
    2847       1.4722
    2848       1.3859
    2849       1.3584
    2850       1.3026
    2851       1.3289
    2852       1.3871
    2853       1.4918
    2854       1.3636
    2855       1.4504
    2856       1.3479
    2857       1.3634
    2858       1.4518
    2859       1.4122
    2860       1.4565
    2861       1.4289
    2862       1.5095
    2863       1.3978
    2864       1.4981
    2865       1.4324
    2866       1.4104
    2867       1.3466
    2868       1.3399
    2869       1.3337
    2870       1.4408
    2871       1.4015
    2872       1.4643
    2873       1.3788
    2874       1.3430
    2875       1.3063
    2876       1.2834
    2877       1.3178
    2878       1.2579
    2879       1.2310
    2880       1.2509
    2881       1.2703
    2882       1.2851
    2883       1.3903
    2884       1.4040
    2885       1.4270
    2886       1.3744
    2887       1.3204
    2888       1.3783
    2889       1.3338
    2890       1.3919
    2891       1.3933
    2892       1.3575
    2893       1.4007
    2894       1.3767
    2895       1.4388
    2896       1.4359
    2897       1.3785
    2898       1.3440
    2899       1.3204
    2900       1.3436
    2901       1.3614
    2902       1.3438
    2903       1.3764
    2904       1.3913
    2905       1.3649
    2906       1.3750
    2907       1.2722
    2908       1.2930
    2909       1.3266
    2910       1.4092
    2911       1.4944
    2912       1.4440
    2913       1.4312
    2914       1.5238
    2915       1.5758
    2916       1.5818
    2917       1.4871
    2918       1.4587
    2919       1.4880
    2920       1.4221
    2921       1.4322
    2922       1.4147
    2923       1.3971
    2924       1.3890
    2925       1.4234
    2926       1.4513
    2927       1.5431
    2928       1.5091
    2929       1.4636
    2930       1.4492
    2931       1.4082
    2932       1.4174
    2933       1.4713
    2934       1.4169
    2935       1.4217
    2936       1.3815
    2937       1.4158
    2938       1.4368
    2939       1.4316
    2940       1.4688
    2941       1.4589
    2942       1.4580
    2943       1.4336
    2944       1.4305
    2945       1.4142
    2946       1.4810
    2947       1.5115
    2948       1.5226
    2949       1.5304
    2950       1.4723
    2951       1.5065
    2952       1.4668
    2953       1.5345
    2954       1.5015
    2955       1.4420
    2956       1.5001
    2957       1.4981
    2958       1.4593
    2959       1.4684
    2960       1.4667
    2961       1.4348
    2962       1.4641
    2963       1.5172
    2964       1.5491
    2965       1.4627
    2966       1.4194
    2967       1.3834
    2968       1.4587
    2969       1.5250
    2970       1.5255
    2971       1.6519
    2972       1.6074
    2973       1.6183
    2974       1.5325
    2975       1.5616
    2976       1.5982
    2977       1.6801
    2978       1.6773
    2979       1.5782
    2980       1.5194
    2981       1.5324
    2982       1.4984
    2983       1.6392
    2984       1.6357
    2985       1.6774
    2986       1.7287
    2987       1.6989
    2988       1.7358
    2989       1.7482
    2990       1.8044
    2991       1.7866
    2992       1.7604
    2993       1.7596
    2994       1.6736
    2995       1.6500
    2996       1.5954
    2997       1.5773
    2998       1.5629
    2999       1.5683
    3000       1.5954
    3001       1.5531
    3002       1.6102
    3003       1.6596
    3004       1.5439
    3005       1.5814
    3006       1.5261
    3007       1.5634
    3008       1.5148
    3009       1.4407
    3010       1.4624
    3011       1.5097
    3012       1.4413
    3013       1.4431
    3014       1.4664
    3015       1.4425
    3016       1.4597
    3017       1.5393
    3018       1.4493
    3019       1.4159
    3020       1.3688
    3021       1.3372
    3022       1.2579
    3023       1.3420
    3024       1.3662
    3025       1.3526
    3026       1.4276
    3027       1.4499
    3028       1.4488
    3029       1.3907
    3030       1.4187
    3031       1.4556
    3032       1.5063
    3033       1.4490
    3034       1.4291
    3035       1.3782
    3036       1.3607
    3037       1.4159
    3038       1.5137
    3039       1.5233
    3040       1.4966
    3041       1.5312
    3042       1.5306
    3043       1.5989
    3044       1.4694
    3045       1.4164
    3046       1.4388
    3047       1.5262
    3048       1.4707
    3049       1.4854
    3050       1.4339
    3051       1.4167
    3052       1.4703
    3053       1.4889
    3054       1.5265
    3055       1.5384
    3056       1.5091
    3057       1.5646
    3058       1.5300
    3059       1.4807
    3060       1.5973
    3061       1.6005
    3062       1.6106
    3063       1.5835
    3064       1.5783
    3065       1.4708
    3066       1.4377
    3067       1.3341
    3068       1.4147
    3069       1.3798
    3070       1.5484
    3071       1.5393
    3072       1.5743
    3073       1.5740
    3074       1.5822
    3075       1.5364
    3076       1.4330
    3077       1.5015
    3078       1.5124
    3079       1.4968
    3080       1.4441
    3081       1.4469
    3082       1.4264
    3083       1.4606
    3084       1.4544
    3085       1.4704
    3086       1.5729
    3087       1.4388
    3088       1.4616
    3089       1.4258
    3090       1.4058
    3091       1.4717
    3092       1.4447
    3093       1.4727
    3094       1.3694
    3095       1.4658
    3096       1.4453
    3097       1.4113
    3098       1.4481
    3099       1.4422
    3100       1.3965
    3101       1.3794
    3102       1.4886
    3103       1.3772
    3104       1.4419
    3105       1.3869
    3106       1.4800
    3107       1.4809
    3108       1.4880
    3109       1.4776
    3110       1.5041
    3111       1.5217
    3112       1.4654
    3113       1.4524
    3114       1.3450
    3115       1.3244
    3116       1.3943
    3117       1.4079
    3118       1.4163
    3119       1.3856
    3120       1.3455
    3121       1.4008
    3122       1.4258
    3123       1.3451
    3124       1.3576
    3125       1.3874
