#Frame     RMSD_00001
       1       0.0000
       2       0.6824
       3       0.7189
       4       0.7351
       5       0.7274
       6       0.7197
       7       0.7598
       8       0.7634
       9       0.8424
      10       0.7577
      11       0.8130
      12       0.8574
      13       0.7989
      14       0.8330
      15       0.8132
      16       0.7947
      17       0.9340
      18       0.9407
      19       0.9893
      20       0.8837
      21       0.9225
      22       0.9572
      23       0.8396
      24       0.9569
      25       0.9455
      26       1.0019
      27       0.9490
      28       0.9528
      29       1.0347
      30       0.9460
      31       0.9517
      32       0.9226
      33       1.0340
      34       0.9809
      35       0.9634
      36       0.9246
      37       0.9854
      38       1.0027
      39       0.9190
      40       0.9735
      41       0.9085
      42       0.9284
      43       0.9439
      44       0.8265
      45       0.8135
      46       0.8603
      47       0.8525
      48       0.8646
      49       0.7576
      50       0.8412
      51       0.8233
      52       0.8318
      53       0.8426
      54       0.8514
      55       0.8288
      56       0.8515
      57       0.8538
      58       0.9119
      59       0.8654
      60       0.8845
      61       0.9186
      62       0.8509
      63       0.8923
      64       0.8628
      65       0.9077
      66       0.8439
      67       0.8969
      68       0.9138
      69       0.9509
      70       0.8962
      71       0.8690
      72       0.8876
      73       0.8725
      74       0.8479
      75       0.9106
      76       0.8835
      77       0.8873
      78       0.8454
      79       0.8677
      80       0.9341
      81       0.9810
      82       0.9093
      83       0.9740
      84       0.9120
      85       0.9512
      86       0.9450
      87       0.9016
      88       0.9145
      89       0.9328
      90       0.9783
      91       0.9266
      92       0.9507
      93       0.9332
      94       0.9272
      95       0.9236
      96       0.9463
      97       0.9623
      98       0.9272
      99       0.9229
     100       0.9303
     101       0.9476
     102       0.8986
     103       0.8654
     104       0.8837
     105       0.9288
     106       1.0150
     107       0.9649
     108       0.9748
     109       0.9157
     110       0.9606
     111       0.9030
     112       0.9112
     113       0.8344
     114       0.8681
     115       0.8326
     116       0.8257
     117       0.9358
     118       0.9075
     119       0.8894
     120       0.8539
     121       0.8818
     122       0.8591
     123       0.8475
     124       0.8929
     125       0.8822
     126       0.9033
     127       0.9001
     128       0.8499
     129       0.8264
     130       0.8614
     131       0.8595
     132       0.9089
     133       0.9606
     134       0.9119
     135       0.9571
     136       0.9122
     137       0.9356
     138       0.8896
     139       0.8962
     140       0.9435
     141       0.9137
     142       0.9348
     143       0.9271
     144       0.8994
     145       0.8990
     146       0.9734
     147       0.9702
     148       0.9688
     149       0.9554
     150       0.9869
     151       1.0176
     152       0.9899
     153       0.9989
     154       0.9627
     155       0.9812
     156       0.9622
     157       0.9877
     158       1.0410
     159       0.9589
     160       1.0191
     161       0.9680
     162       0.9509
     163       0.9456
     164       0.9014
     165       0.8444
     166       0.9404
     167       0.8502
     168       0.8263
     169       0.9154
     170       0.8465
     171       0.8958
     172       0.9039
     173       0.9221
     174       0.8599
     175       0.9307
     176       0.8675
     177       0.9051
     178       0.9414
     179       0.9049
     180       0.9382
     181       0.9777
     182       0.9262
     183       0.9077
     184       0.9916
     185       0.9386
     186       1.0079
     187       0.9969
     188       0.9525
     189       0.9697
     190       0.9643
     191       0.9408
     192       0.9789
     193       0.9941
     194       0.9537
     195       0.9489
     196       0.9376
     197       0.9577
     198       0.9019
     199       0.9443
     200       0.9148
     201       0.9564
     202       0.9706
     203       1.0496
     204       1.0697
     205       0.9916
     206       0.9604
     207       0.9626
     208       0.9336
     209       0.9513
     210       0.9467
     211       0.9025
     212       0.9485
     213       0.9335
     214       0.9355
     215       1.0335
     216       1.0120
     217       1.0198
     218       1.0024
     219       1.0299
     220       0.9678
     221       0.9691
     222       1.0051
     223       1.0374
     224       0.9659
     225       1.0274
     226       1.0532
     227       1.0075
     228       1.0094
     229       1.0051
     230       0.9958
     231       0.9667
     232       1.0127
     233       0.9359
     234       0.9717
     235       1.0236
     236       1.0443
     237       1.0319
     238       1.0306
     239       1.0089
     240       1.0401
     241       1.0017
     242       0.9782
     243       1.0017
     244       1.0021
     245       0.9900
     246       1.0377
     247       1.0810
     248       1.1117
     249       1.1083
     250       1.1599
     251       1.1756
     252       1.1381
     253       1.0574
     254       1.0304
     255       1.0959
     256       1.0451
     257       1.0489
     258       1.1059
     259       1.0966
     260       1.0269
     261       1.0111
     262       1.1352
     263       1.0907
     264       1.1540
     265       1.1122
     266       1.1367
     267       1.1629
     268       1.1794
     269       1.0579
     270       1.0740
     271       1.0507
     272       1.0691
     273       1.0932
     274       1.0884
     275       1.0419
     276       1.0430
     277       1.0503
     278       1.0311
     279       1.0171
     280       1.0217
     281       1.0139
     282       1.0447
     283       1.0983
     284       1.0813
     285       1.1527
     286       1.1472
     287       1.1201
     288       1.0590
     289       1.0777
     290       1.0684
     291       1.0400
     292       1.0993
     293       1.1643
     294       1.1305
     295       1.0525
     296       1.0834
     297       1.0927
     298       1.0565
     299       1.0474
     300       1.0542
     301       1.0625
     302       1.0743
     303       1.1093
     304       1.0132
     305       1.0451
     306       1.0017
     307       1.0509
     308       1.1408
     309       1.1689
     310       1.1186
     311       1.1230
     312       1.1081
     313       1.0410
     314       1.0122
     315       1.0918
     316       1.1777
     317       1.2278
     318       1.1712
     319       1.1915
     320       1.1838
     321       1.0364
     322       1.0775
     323       0.9784
     324       0.9642
     325       0.9786
     326       0.9851
     327       0.9811
     328       1.0323
     329       1.0337
     330       1.0764
     331       1.0576
     332       1.1186
     333       1.1242
     334       1.1657
     335       1.1212
     336       1.1610
     337       1.1436
     338       1.1749
     339       1.0515
     340       1.0218
     341       0.9474
     342       0.9795
     343       0.9863
     344       1.1168
     345       1.1149
     346       1.1028
     347       1.0131
     348       1.0938
     349       1.0777
     350       1.0209
     351       0.9481
     352       1.0218
     353       0.9822
     354       1.0283
     355       1.0066
     356       0.9819
     357       0.9654
     358       1.0584
     359       1.0512
     360       0.9946
     361       1.0161
     362       0.9752
     363       1.0477
     364       0.9607
     365       0.8933
     366       0.9019
     367       0.9025
     368       0.9052
     369       0.9150
     370       0.8967
     371       0.9227
     372       0.9610
     373       0.9990
     374       0.9679
     375       0.9683
     376       0.9817
     377       0.9663
     378       1.0249
     379       1.0006
     380       0.9838
     381       1.0264
     382       1.0390
     383       1.0059
     384       0.9558
     385       0.9759
     386       0.9637
     387       0.9103
     388       0.9655
     389       0.9920
     390       1.0185
     391       0.9559
     392       1.0022
     393       1.0296
     394       0.9944
     395       1.0033
     396       0.9504
     397       0.9826
     398       0.9581
     399       0.9537
     400       0.9554
     401       0.9450
     402       0.9574
     403       0.9430
     404       1.0051
     405       1.0066
     406       1.0517
     407       1.0695
     408       1.0901
     409       1.1283
     410       1.0789
     411       1.0965
     412       1.0377
     413       1.0125
     414       1.0605
     415       1.0137
     416       1.0186
     417       1.0089
     418       0.9641
     419       0.9698
     420       1.0558
     421       0.9528
     422       0.9264
     423       0.9290
     424       0.8806
     425       0.9411
     426       0.9642
     427       0.9735
     428       0.9986
     429       0.9913
     430       0.9837
     431       1.0117
     432       1.0165
     433       1.0437
     434       1.0353
     435       0.9353
     436       0.9888
     437       0.9882
     438       0.9677
     439       0.8909
     440       0.9561
     441       1.0898
     442       1.0304
     443       1.0332
     444       1.0365
     445       0.9909
     446       1.0283
     447       1.0663
     448       1.1137
     449       1.0902
     450       1.0516
     451       1.0149
     452       1.0211
     453       1.0357
     454       1.1152
     455       1.1371
     456       1.1285
     457       1.1139
     458       1.0487
     459       1.0417
     460       1.0663
     461       1.0879
     462       1.0599
     463       1.0809
     464       1.1002
     465       1.1561
     466       1.1744
     467       1.0772
     468       1.0793
     469       1.0826
     470       1.1110
     471       1.0896
     472       1.0386
     473       1.0685
     474       1.1147
     475       1.0837
     476       0.9769
     477       0.9311
     478       1.0318
     479       1.0738
     480       1.1163
     481       1.1284
     482       1.1701
     483       1.1562
     484       1.2136
     485       1.1774
     486       1.1886
     487       1.2741
     488       1.1845
     489       1.2015
     490       1.2273
     491       1.1497
     492       1.0553
     493       1.0076
     494       1.0992
     495       1.0482
     496       1.0376
     497       1.0522
     498       1.1095
     499       1.1418
     500       1.1178
     501       1.1589
     502       1.1933
     503       1.2208
     504       1.1250
     505       1.1035
     506       1.1275
     507       1.0849
     508       1.0454
     509       1.0589
     510       1.1004
     511       1.1060
     512       1.1289
     513       1.0825
     514       1.1545
     515       1.1918
     516       1.1408
     517       1.0712
     518       1.0884
     519       1.0394
     520       1.0841
     521       1.0781
     522       1.0418
     523       1.0391
     524       1.0625
     525       1.1094
     526       1.1669
     527       1.1616
     528       1.1389
     529       1.1972
     530       1.1153
     531       1.1533
     532       1.1377
     533       1.0865
     534       1.1392
     535       1.0977
     536       1.0754
     537       1.1481
     538       1.2001
     539       1.2099
     540       1.1157
     541       1.2102
     542       1.1835
     543       1.1644
     544       1.1814
     545       1.1645
     546       1.1806
     547       1.1034
     548       1.1435
     549       1.1146
     550       1.2011
     551       1.1971
     552       1.2748
     553       1.1616
     554       1.0997
     555       1.1128
     556       1.1009
     557       1.0762
     558       1.0750
     559       1.0783
     560       1.1295
     561       1.1930
     562       1.2330
     563       1.1871
     564       1.1381
     565       1.0628
     566       1.0942
     567       1.1053
     568       1.1191
     569       1.0685
     570       1.0410
     571       1.1346
     572       1.0570
     573       1.0387
     574       1.0110
     575       1.0398
     576       1.0455
     577       1.0836
     578       1.0488
     579       1.0565
     580       1.0392
     581       1.1202
     582       1.1062
     583       1.0635
     584       1.0393
     585       1.0455
     586       1.0055
     587       1.0237
     588       1.0780
     589       1.0424
     590       1.0181
     591       1.0314
     592       1.0382
     593       1.0178
     594       1.1022
     595       1.0731
     596       1.1793
     597       1.1232
     598       1.1332
     599       1.1319
     600       1.0986
     601       0.9984
     602       1.0505
     603       1.0693
     604       1.0798
     605       1.0828
     606       1.0460
     607       0.9907
     608       1.0358
     609       0.9930
     610       1.0611
     611       1.1412
     612       1.0903
     613       1.1006
     614       0.9702
     615       1.0715
     616       0.9733
     617       0.9510
     618       0.9775
     619       0.9921
     620       1.0162
     621       1.0153
     622       0.9919
     623       1.0492
     624       1.0249
     625       1.0296
     626       1.0680
     627       1.1163
     628       1.0632
     629       0.9924
     630       1.0052
     631       0.9896
     632       1.0911
     633       1.0480
     634       1.1370
     635       1.1325
     636       1.1136
     637       1.1053
     638       1.0987
     639       1.0795
     640       1.0814
     641       1.0697
     642       1.0786
     643       1.0617
     644       1.0276
     645       1.0635
     646       0.9951
     647       1.1219
     648       1.0728
     649       1.1616
     650       1.0894
     651       1.0720
     652       1.0751
     653       1.0441
     654       1.0115
     655       0.9937
     656       1.0502
     657       1.0832
     658       1.1436
     659       1.1964
     660       1.0902
     661       1.1592
     662       1.0877
     663       1.0389
     664       1.1101
     665       1.0992
     666       1.1160
     667       1.0488
     668       1.0478
     669       1.0944
     670       1.0554
     671       1.0121
     672       1.0029
     673       1.0419
     674       0.9752
     675       0.9861
     676       0.9829
     677       1.0040
     678       0.9930
     679       1.0486
     680       1.1482
     681       1.1744
     682       1.1582
     683       1.0541
     684       1.0082
     685       1.0242
     686       1.0830
     687       1.0374
     688       1.0469
     689       1.0586
     690       1.0650
     691       1.0999
     692       1.1293
     693       1.0729
     694       1.0329
     695       1.0353
     696       1.0733
     697       1.1087
     698       1.0981
     699       1.0778
     700       1.0882
     701       1.0933
     702       1.2006
     703       1.1197
     704       1.1540
     705       1.0493
     706       1.1051
     707       1.0764
     708       1.0426
     709       1.1017
     710       1.1436
     711       1.1223
     712       1.1283
     713       1.0255
     714       1.1110
     715       1.0733
     716       1.0125
     717       1.0051
     718       1.1065
     719       1.1044
     720       1.1401
     721       1.1419
     722       1.1227
     723       1.1471
     724       1.1744
     725       1.2354
     726       1.2699
     727       1.1506
     728       1.1258
     729       1.1622
     730       1.1961
     731       1.1904
     732       1.1432
     733       1.1798
     734       1.1911
     735       1.2148
     736       1.1499
     737       1.1045
     738       1.1359
     739       1.1396
     740       1.1064
     741       1.1853
     742       1.1344
     743       1.0459
     744       1.0947
     745       1.1023
     746       1.0771
     747       1.0713
     748       0.9853
     749       0.9786
     750       1.0409
     751       1.0865
     752       1.0658
     753       1.0408
     754       1.0344
     755       1.0687
     756       1.1906
     757       1.2237
     758       1.1349
     759       1.0763
     760       1.0773
     761       1.1031
     762       1.1386
     763       1.1353
     764       1.0600
     765       1.1475
     766       1.1131
     767       1.1827
     768       1.1333
     769       1.1152
     770       1.1233
     771       1.1363
     772       1.1124
     773       1.1206
     774       1.0618
     775       1.1096
     776       1.1604
     777       1.1203
     778       1.1003
     779       1.1308
     780       1.1011
     781       1.0872
     782       1.1055
     783       1.0852
     784       1.0687
     785       1.0087
     786       1.0863
     787       1.0844
     788       1.0199
     789       1.0894
     790       1.0434
     791       1.0416
     792       1.1124
     793       1.1021
     794       1.1444
     795       1.2140
     796       1.0706
     797       0.9864
     798       0.9919
     799       0.9978
     800       0.9439
     801       1.0102
     802       1.0554
     803       1.0712
     804       1.0314
     805       1.0562
     806       0.9823
     807       1.0067
     808       1.0793
     809       1.1064
     810       1.0692
     811       1.0613
     812       1.0790
     813       1.0863
     814       1.0529
     815       1.1086
     816       1.1105
     817       1.1912
     818       1.1666
     819       1.0866
     820       1.1133
     821       1.0830
     822       1.0728
     823       1.0332
     824       1.0542
     825       1.1133
     826       1.0958
     827       1.1823
     828       1.1546
     829       1.1911
     830       1.2219
     831       1.1269
     832       1.1072
     833       1.2091
     834       1.1844
     835       1.2015
     836       1.2743
     837       1.2117
     838       1.1218
     839       1.0862
     840       1.0951
     841       1.0783
     842       1.1138
     843       1.1098
     844       1.1312
     845       1.0690
     846       1.0872
     847       1.0568
     848       1.0243
     849       1.0372
     850       0.9994
     851       1.0399
     852       0.9909
     853       0.9942
     854       1.0415
     855       1.0660
     856       1.0100
     857       1.0231
     858       1.0286
     859       1.0514
     860       1.1182
     861       1.1105
     862       1.1486
     863       1.1370
     864       1.0661
     865       1.0918
     866       1.1369
     867       1.0684
     868       1.0447
     869       1.0578
     870       1.0675
     871       1.0708
     872       1.1564
     873       1.1353
     874       1.1217
     875       1.0859
     876       1.0181
     877       0.9867
     878       1.1066
     879       1.1185
     880       1.0728
     881       1.1003
     882       1.0770
     883       1.0861
     884       1.0986
     885       1.1539
     886       1.1992
     887       1.1773
     888       1.1311
     889       1.1825
     890       1.1355
     891       1.1239
     892       1.0533
     893       1.1444
     894       1.1087
     895       1.0826
     896       1.0278
     897       1.0657
     898       1.0859
     899       1.0932
     900       1.1237
     901       1.1393
     902       1.0976
     903       1.1625
     904       1.2091
     905       1.1765
     906       1.1023
     907       1.1242
     908       1.1015
     909       1.1955
     910       1.1131
     911       1.1287
     912       1.0789
     913       1.0263
     914       1.0885
     915       1.0612
     916       1.0635
     917       1.1504
     918       1.1170
     919       1.1683
     920       1.1625
     921       1.1867
     922       1.2744
     923       1.1839
     924       1.1736
     925       1.1705
     926       1.1486
     927       1.1096
     928       1.0703
     929       1.1011
     930       1.1542
     931       1.0321
     932       1.1083
     933       1.1148
     934       1.0599
     935       1.0436
     936       1.1371
     937       1.0961
     938       1.0472
     939       1.0162
     940       1.0976
     941       1.0185
     942       1.0637
     943       1.0904
     944       1.0741
     945       1.0987
     946       1.1015
     947       1.0630
     948       1.1157
     949       1.1064
     950       1.1675
     951       1.0844
     952       1.0652
     953       1.0918
     954       1.0785
     955       1.1046
     956       1.0536
     957       1.0668
     958       1.0470
     959       1.0187
     960       1.0318
     961       1.0461
     962       1.0950
     963       1.1124
     964       1.0902
     965       1.1454
     966       1.0930
     967       1.0098
     968       1.0676
     969       1.0434
     970       1.1620
     971       1.0683
     972       1.1010
     973       1.1149
     974       1.1287
     975       1.0809
     976       1.0817
     977       1.0839
     978       1.1499
     979       1.1356
     980       1.1779
     981       1.2072
     982       1.2260
     983       1.2024
     984       1.1837
     985       1.1582
     986       1.1940
     987       1.1657
     988       1.1342
     989       1.1722
     990       1.3106
     991       1.2272
     992       1.1851
     993       1.1668
     994       1.2110
     995       1.2069
     996       1.2456
     997       1.2704
     998       1.2041
     999       1.2342
    1000       1.1486
    1001       1.2093
    1002       1.2398
    1003       1.2268
    1004       1.2258
    1005       1.2008
    1006       1.2303
    1007       1.1392
    1008       1.1710
    1009       1.1711
    1010       1.1486
    1011       1.1359
    1012       1.1895
    1013       1.2856
    1014       1.2508
    1015       1.2366
    1016       1.2436
    1017       1.2268
    1018       1.3221
    1019       1.2576
    1020       1.2192
    1021       1.1956
    1022       1.2273
    1023       1.1796
    1024       1.1268
    1025       1.1965
    1026       1.2223
    1027       1.2355
    1028       1.2983
    1029       1.2755
    1030       1.2490
    1031       1.2447
    1032       1.1972
    1033       1.1801
    1034       1.1361
    1035       1.1747
    1036       1.2328
    1037       1.2253
    1038       1.2581
    1039       1.2513
    1040       1.3350
    1041       1.3220
    1042       1.3797
    1043       1.3799
    1044       1.3737
    1045       1.3567
    1046       1.3373
    1047       1.3723
    1048       1.3765
    1049       1.3344
    1050       1.3458
    1051       1.4215
    1052       1.3342
    1053       1.3102
    1054       1.2156
    1055       1.3192
    1056       1.2945
    1057       1.2961
    1058       1.3651
    1059       1.3917
    1060       1.3075
    1061       1.2933
    1062       1.2872
    1063       1.3114
    1064       1.2679
    1065       1.3139
    1066       1.3846
    1067       1.3287
    1068       1.3085
    1069       1.2849
    1070       1.2357
    1071       1.2530
    1072       1.2630
    1073       1.1921
    1074       1.2588
    1075       1.3155
    1076       1.4048
    1077       1.2793
    1078       1.2227
    1079       1.1937
    1080       1.1116
    1081       1.1127
    1082       1.2051
    1083       1.2207
    1084       1.2755
    1085       1.2219
    1086       1.2866
    1087       1.2575
    1088       1.2562
    1089       1.1897
    1090       1.2488
    1091       1.1690
    1092       1.1260
    1093       1.1085
    1094       1.1473
    1095       1.1475
    1096       1.2415
    1097       1.2063
    1098       1.1636
    1099       1.1584
    1100       1.2059
    1101       1.2158
    1102       1.1875
    1103       1.1784
    1104       1.2032
    1105       1.1964
    1106       1.1836
    1107       1.1312
    1108       1.1538
    1109       1.1127
    1110       1.1057
    1111       1.0781
    1112       1.1004
    1113       1.1714
    1114       1.1242
    1115       1.1239
    1116       1.2038
    1117       1.2538
    1118       1.1928
    1119       1.1782
    1120       1.2053
    1121       1.1812
    1122       1.2117
    1123       1.2560
    1124       1.2731
    1125       1.2688
    1126       1.2560
    1127       1.2974
    1128       1.3553
    1129       1.4718
    1130       1.3946
    1131       1.4486
    1132       1.3240
    1133       1.3432
    1134       1.3695
    1135       1.3434
    1136       1.2990
    1137       1.2138
    1138       1.1929
    1139       1.2076
    1140       1.2628
    1141       1.2477
    1142       1.2655
    1143       1.3217
    1144       1.2381
    1145       1.3334
    1146       1.2870
    1147       1.3558
    1148       1.3559
    1149       1.2660
    1150       1.2885
    1151       1.2412
    1152       1.2468
    1153       1.3324
    1154       1.3837
    1155       1.3512
    1156       1.3271
    1157       1.2920
    1158       1.2995
    1159       1.1926
    1160       1.2559
    1161       1.1891
    1162       1.2111
    1163       1.2877
    1164       1.2647
    1165       1.2467
    1166       1.2053
    1167       1.2070
    1168       1.2321
    1169       1.2121
    1170       1.2664
    1171       1.3833
    1172       1.2773
    1173       1.1940
    1174       1.2980
    1175       1.3191
    1176       1.4237
    1177       1.3500
    1178       1.3294
    1179       1.3281
    1180       1.2932
    1181       1.1973
    1182       1.2558
    1183       1.1349
    1184       1.2180
    1185       1.2063
    1186       1.1453
    1187       1.2077
    1188       1.2435
    1189       1.2379
    1190       1.3497
    1191       1.3191
    1192       1.3857
    1193       1.3518
    1194       1.4563
    1195       1.3703
    1196       1.3164
    1197       1.2616
    1198       1.2416
    1199       1.2217
    1200       1.2763
    1201       1.2959
    1202       1.2916
    1203       1.3076
    1204       1.3342
    1205       1.2980
    1206       1.2294
    1207       1.2011
    1208       1.2504
    1209       1.2651
    1210       1.2834
    1211       1.2763
    1212       1.2031
    1213       1.2081
    1214       1.2190
    1215       1.1679
    1216       1.1723
    1217       1.1781
    1218       1.2095
    1219       1.1728
    1220       1.1665
    1221       1.1868
    1222       1.1613
    1223       1.1391
    1224       1.1933
    1225       1.2287
    1226       1.2105
    1227       1.3230
    1228       1.3885
    1229       1.2934
    1230       1.2144
    1231       1.2460
    1232       1.1997
    1233       1.1691
    1234       1.2178
    1235       1.2090
    1236       1.1502
    1237       1.1641
    1238       1.2342
    1239       1.2123
    1240       1.2457
    1241       1.1724
    1242       1.1553
    1243       1.1604
    1244       1.2199
    1245       1.1910
    1246       1.1965
    1247       1.1972
    1248       1.1809
    1249       1.1899
    1250       1.2785
    1251       1.2065
    1252       1.1854
    1253       1.1330
    1254       1.1428
    1255       1.1591
    1256       1.1436
    1257       1.1691
    1258       1.2791
    1259       1.1296
    1260       1.1389
    1261       1.1599
    1262       1.1585
    1263       1.1699
    1264       1.2632
    1265       1.2104
    1266       1.2706
    1267       1.1372
    1268       1.1741
    1269       1.2634
    1270       1.3112
    1271       1.2748
    1272       1.2885
    1273       1.3122
    1274       1.3447
    1275       1.3570
    1276       1.3529
    1277       1.3729
    1278       1.2831
    1279       1.2904
    1280       1.3373
    1281       1.4243
    1282       1.2683
    1283       1.4144
    1284       1.3391
    1285       1.2217
    1286       1.2826
    1287       1.2884
    1288       1.2840
    1289       1.2213
    1290       1.2502
    1291       1.2902
    1292       1.2480
    1293       1.2985
    1294       1.3075
    1295       1.2751
    1296       1.3062
    1297       1.2801
    1298       1.3112
    1299       1.2823
    1300       1.2813
    1301       1.2715
    1302       1.2290
    1303       1.2529
    1304       1.2373
    1305       1.2856
    1306       1.3196
    1307       1.2496
    1308       1.2502
    1309       1.2365
    1310       1.1501
    1311       1.2165
    1312       1.1987
    1313       1.1593
    1314       1.1295
    1315       1.1630
    1316       1.1733
    1317       1.2658
    1318       1.1811
    1319       1.0877
    1320       1.1224
    1321       1.1522
    1322       1.1954
    1323       1.2003
    1324       1.1892
    1325       1.2156
    1326       1.1866
    1327       1.1855
    1328       1.1482
    1329       1.1189
    1330       1.1104
    1331       1.1241
    1332       1.0901
    1333       1.1256
    1334       1.1759
    1335       1.1482
    1336       1.1463
    1337       1.1082
    1338       1.2113
    1339       1.2022
    1340       1.1622
    1341       1.1282
    1342       1.1614
    1343       1.2300
    1344       1.2520
    1345       1.2214
    1346       1.2742
    1347       1.3304
    1348       1.3272
    1349       1.3304
    1350       1.3210
    1351       1.2834
    1352       1.3491
    1353       1.3215
    1354       1.4219
    1355       1.3895
    1356       1.3934
    1357       1.4066
    1358       1.3491
    1359       1.3549
    1360       1.3089
    1361       1.3582
    1362       1.3570
    1363       1.3756
    1364       1.3379
    1365       1.2940
    1366       1.3289
    1367       1.2500
    1368       1.2018
    1369       1.1922
    1370       1.2199
    1371       1.2285
    1372       1.2418
    1373       1.2730
    1374       1.3121
    1375       1.3402
    1376       1.3287
    1377       1.3045
    1378       1.2561
    1379       1.2777
    1380       1.3066
    1381       1.3782
    1382       1.3717
    1383       1.3529
    1384       1.3699
    1385       1.2799
    1386       1.3233
    1387       1.3058
    1388       1.3104
    1389       1.3147
    1390       1.3396
    1391       1.2886
    1392       1.2617
    1393       1.2420
    1394       1.3116
    1395       1.2559
    1396       1.2414
    1397       1.3145
    1398       1.2669
    1399       1.2928
    1400       1.3170
    1401       1.3403
    1402       1.3558
    1403       1.3352
    1404       1.4742
    1405       1.3780
    1406       1.4165
    1407       1.4143
    1408       1.4232
    1409       1.3793
    1410       1.3983
    1411       1.4493
    1412       1.5083
    1413       1.4141
    1414       1.3741
    1415       1.3527
    1416       1.3500
    1417       1.3793
    1418       1.4338
    1419       1.3415
    1420       1.3992
    1421       1.4267
    1422       1.5244
    1423       1.4126
    1424       1.3826
    1425       1.3350
    1426       1.3213
    1427       1.3680
    1428       1.4511
    1429       1.4428
    1430       1.4140
    1431       1.3532
    1432       1.3609
    1433       1.4833
    1434       1.4731
    1435       1.4389
    1436       1.3934
    1437       1.4063
    1438       1.3713
    1439       1.4017
    1440       1.3130
    1441       1.3570
    1442       1.3775
    1443       1.3422
    1444       1.4281
    1445       1.3319
    1446       1.3371
    1447       1.3588
    1448       1.2980
    1449       1.3594
    1450       1.3357
    1451       1.3175
    1452       1.3468
    1453       1.3977
    1454       1.3684
    1455       1.2988
    1456       1.4102
    1457       1.3692
    1458       1.4463
    1459       1.4907
    1460       1.4216
    1461       1.4148
    1462       1.3650
    1463       1.3814
    1464       1.3685
    1465       1.3732
    1466       1.3732
    1467       1.3646
    1468       1.3798
    1469       1.2948
    1470       1.3394
    1471       1.3142
    1472       1.3152
    1473       1.3714
    1474       1.3462
    1475       1.3313
    1476       1.3152
    1477       1.3067
    1478       1.2835
    1479       1.3852
    1480       1.3475
    1481       1.3683
    1482       1.2769
    1483       1.4270
    1484       1.4721
    1485       1.4169
    1486       1.3999
    1487       1.4237
    1488       1.3683
    1489       1.4008
    1490       1.3933
    1491       1.3100
    1492       1.3203
    1493       1.3697
    1494       1.3830
    1495       1.3772
    1496       1.3813
    1497       1.3349
    1498       1.3407
    1499       1.3503
    1500       1.2953
    1501       1.3128
    1502       1.2306
    1503       1.1766
    1504       1.2197
    1505       1.2361
    1506       1.2454
    1507       1.3001
    1508       1.3667
    1509       1.2913
    1510       1.2684
    1511       1.2857
    1512       1.3178
    1513       1.3514
    1514       1.2931
    1515       1.2800
    1516       1.2526
    1517       1.2801
    1518       1.3476
    1519       1.3647
    1520       1.3648
    1521       1.3129
    1522       1.3256
    1523       1.2900
    1524       1.2876
    1525       1.2254
    1526       1.2666
    1527       1.3116
    1528       1.3045
    1529       1.2514
    1530       1.2544
    1531       1.3284
    1532       1.3350
    1533       1.3614
    1534       1.3233
    1535       1.3412
    1536       1.3800
    1537       1.3255
    1538       1.3142
    1539       1.2382
    1540       1.2638
    1541       1.2807
    1542       1.2562
    1543       1.2878
    1544       1.3433
    1545       1.2762
    1546       1.3392
    1547       1.3512
    1548       1.3456
    1549       1.3799
    1550       1.4094
    1551       1.4379
    1552       1.4080
    1553       1.3509
    1554       1.4172
    1555       1.3862
    1556       1.4008
    1557       1.3882
    1558       1.4253
    1559       1.4594
    1560       1.3419
    1561       1.4346
    1562       1.5172
    1563       1.4715
    1564       1.4259
    1565       1.4039
    1566       1.4494
    1567       1.4645
    1568       1.4355
    1569       1.5293
    1570       1.5316
    1571       1.5315
    1572       1.4567
    1573       1.4879
    1574       1.5055
    1575       1.4830
    1576       1.4558
    1577       1.4568
    1578       1.4473
    1579       1.4389
    1580       1.4393
    1581       1.4260
    1582       1.4297
    1583       1.4573
    1584       1.4113
    1585       1.3860
    1586       1.4117
    1587       1.3930
    1588       1.3171
    1589       1.4007
    1590       1.4241
    1591       1.3812
    1592       1.4212
    1593       1.4443
    1594       1.4341
    1595       1.5097
    1596       1.4375
    1597       1.4043
    1598       1.3730
    1599       1.4310
    1600       1.4754
    1601       1.4175
    1602       1.4688
    1603       1.4912
    1604       1.4427
    1605       1.4635
    1606       1.4702
    1607       1.4219
    1608       1.4496
    1609       1.4824
    1610       1.5248
    1611       1.5017
    1612       1.5118
    1613       1.4850
    1614       1.4564
    1615       1.3837
    1616       1.4079
    1617       1.4322
    1618       1.4781
    1619       1.3875
    1620       1.4146
    1621       1.4571
    1622       1.5106
    1623       1.4294
    1624       1.4566
    1625       1.5113
    1626       1.5168
    1627       1.4620
    1628       1.5275
    1629       1.5740
    1630       1.6149
    1631       1.6040
    1632       1.5843
    1633       1.5605
    1634       1.5270
    1635       1.4486
    1636       1.4535
    1637       1.4246
    1638       1.4219
    1639       1.4766
    1640       1.4294
    1641       1.4223
    1642       1.4164
    1643       1.4675
    1644       1.4902
    1645       1.4497
    1646       1.4319
    1647       1.4092
    1648       1.3505
    1649       1.3620
    1650       1.3890
    1651       1.4097
    1652       1.3497
    1653       1.3812
    1654       1.3420
    1655       1.3705
    1656       1.4249
    1657       1.3738
    1658       1.3357
    1659       1.3030
    1660       1.3536
    1661       1.3207
    1662       1.3756
    1663       1.3587
    1664       1.3683
    1665       1.3353
    1666       1.3076
    1667       1.3839
    1668       1.2941
    1669       1.3280
    1670       1.3761
    1671       1.2323
    1672       1.3012
    1673       1.3214
    1674       1.3067
    1675       1.3119
    1676       1.4223
    1677       1.4368
    1678       1.3408
    1679       1.3589
    1680       1.3830
    1681       1.4599
    1682       1.3777
    1683       1.5117
    1684       1.4238
    1685       1.4923
    1686       1.5252
    1687       1.6410
    1688       1.5139
    1689       1.4681
    1690       1.5052
    1691       1.5091
    1692       1.5240
    1693       1.4332
    1694       1.3800
    1695       1.4176
    1696       1.4150
    1697       1.4021
    1698       1.3727
    1699       1.3728
    1700       1.4428
    1701       1.4107
    1702       1.3738
    1703       1.3600
    1704       1.3143
    1705       1.3414
    1706       1.3955
    1707       1.3740
    1708       1.4328
    1709       1.3372
    1710       1.3713
    1711       1.3689
    1712       1.3585
    1713       1.2657
    1714       1.3130
    1715       1.3390
    1716       1.3786
    1717       1.4684
    1718       1.3809
    1719       1.4294
    1720       1.3546
    1721       1.3293
    1722       1.3792
    1723       1.3656
    1724       1.3923
    1725       1.4130
    1726       1.3889
    1727       1.4538
    1728       1.4067
    1729       1.4076
    1730       1.3369
    1731       1.2680
    1732       1.3495
    1733       1.3859
    1734       1.3674
    1735       1.2831
    1736       1.2842
    1737       1.3704
    1738       1.2933
    1739       1.3219
    1740       1.2958
    1741       1.4121
    1742       1.4161
    1743       1.4409
    1744       1.4310
    1745       1.4429
    1746       1.4559
    1747       1.4640
    1748       1.4885
    1749       1.3899
    1750       1.4487
    1751       1.4310
    1752       1.4365
    1753       1.4071
    1754       1.3653
    1755       1.4024
    1756       1.2844
    1757       1.3256
    1758       1.2780
    1759       1.2201
    1760       1.2814
    1761       1.2263
    1762       1.2096
    1763       1.3106
    1764       1.2833
    1765       1.3451
    1766       1.3260
    1767       1.3988
    1768       1.3556
    1769       1.3466
    1770       1.4162
    1771       1.3893
    1772       1.3579
    1773       1.3157
    1774       1.3703
    1775       1.3720
    1776       1.3072
    1777       1.2972
    1778       1.2798
    1779       1.2683
    1780       1.3766
    1781       1.2365
    1782       1.2835
    1783       1.3529
    1784       1.2822
    1785       1.2346
    1786       1.3025
    1787       1.3852
    1788       1.3356
    1789       1.4196
    1790       1.3909
    1791       1.3558
    1792       1.2733
    1793       1.2996
    1794       1.2917
    1795       1.2617
    1796       1.2728
    1797       1.2720
    1798       1.2798
    1799       1.3407
    1800       1.3523
    1801       1.3416
    1802       1.4106
    1803       1.3453
    1804       1.4294
    1805       1.4581
    1806       1.4997
    1807       1.5163
    1808       1.4696
    1809       1.4792
    1810       1.4276
    1811       1.3403
    1812       1.3437
    1813       1.4245
    1814       1.4436
    1815       1.3419
    1816       1.2919
    1817       1.2845
    1818       1.2497
    1819       1.2695
    1820       1.2762
    1821       1.3345
    1822       1.3609
    1823       1.2652
    1824       1.3557
    1825       1.2364
    1826       1.1751
    1827       1.1692
    1828       1.1899
    1829       1.2834
    1830       1.2320
    1831       1.2672
    1832       1.3041
    1833       1.2567
    1834       1.2595
    1835       1.2898
    1836       1.3739
    1837       1.3799
    1838       1.3997
    1839       1.3323
    1840       1.3998
    1841       1.3363
    1842       1.2770
    1843       1.3179
    1844       1.3521
    1845       1.2738
    1846       1.2607
    1847       1.2347
    1848       1.2038
    1849       1.2241
    1850       1.2285
    1851       1.2646
    1852       1.2257
    1853       1.2075
    1854       1.1955
    1855       1.1532
    1856       1.1498
    1857       1.1414
    1858       1.2106
    1859       1.1560
    1860       1.2000
    1861       1.1444
    1862       1.1688
    1863       1.2128
    1864       1.1856
    1865       1.1715
    1866       1.1906
    1867       1.2094
    1868       1.2118
    1869       1.1561
    1870       1.1374
    1871       1.1605
    1872       1.1774
    1873       1.1213
    1874       1.1508
    1875       1.1287
    1876       1.1706
    1877       1.2191
    1878       1.2568
    1879       1.1629
    1880       1.1852
    1881       1.1992
    1882       1.1465
    1883       1.1413
    1884       1.1164
    1885       1.1664
    1886       1.1685
    1887       1.2027
    1888       1.2001
    1889       1.2455
    1890       1.2464
    1891       1.2895
    1892       1.2531
    1893       1.1945
    1894       1.2450
    1895       1.2042
    1896       1.2089
    1897       1.2203
    1898       1.2748
    1899       1.3547
    1900       1.3136
    1901       1.2888
    1902       1.2701
    1903       1.2662
    1904       1.2988
    1905       1.3743
    1906       1.3430
    1907       1.3740
    1908       1.3710
    1909       1.3216
    1910       1.4013
    1911       1.3736
    1912       1.3383
    1913       1.3556
    1914       1.2652
    1915       1.2010
    1916       1.2485
    1917       1.3678
    1918       1.3587
    1919       1.3075
    1920       1.3421
    1921       1.2893
    1922       1.2849
    1923       1.2992
    1924       1.2640
    1925       1.3039
    1926       1.2537
    1927       1.3399
    1928       1.4264
    1929       1.3042
    1930       1.3018
    1931       1.2658
    1932       1.2455
    1933       1.2917
    1934       1.2515
    1935       1.1905
    1936       1.2774
    1937       1.3178
    1938       1.2954
    1939       1.2395
    1940       1.1900
    1941       1.2329
    1942       1.2482
    1943       1.2200
    1944       1.2049
    1945       1.1984
    1946       1.2012
    1947       1.2150
    1948       1.1915
    1949       1.2147
    1950       1.1639
    1951       1.1831
    1952       1.1972
    1953       1.2265
    1954       1.1621
    1955       1.2210
    1956       1.2173
    1957       1.2288
    1958       1.2395
    1959       1.2323
    1960       1.2530
    1961       1.1932
    1962       1.2288
    1963       1.2842
    1964       1.2907
    1965       1.2076
    1966       1.2468
    1967       1.2317
    1968       1.2646
    1969       1.2654
    1970       1.2479
    1971       1.2753
    1972       1.3102
    1973       1.2850
    1974       1.3013
    1975       1.2608
    1976       1.2365
    1977       1.2583
    1978       1.2174
    1979       1.2421
    1980       1.2180
    1981       1.2278
    1982       1.2234
    1983       1.2360
    1984       1.2679
    1985       1.2961
    1986       1.3199
    1987       1.2834
    1988       1.2989
    1989       1.2655
    1990       1.2852
    1991       1.2510
    1992       1.2327
    1993       1.2441
    1994       1.2745
    1995       1.3137
    1996       1.3057
    1997       1.2180
    1998       1.3294
    1999       1.3474
    2000       1.3332
    2001       1.3707
    2002       1.2662
    2003       1.2155
    2004       1.2395
    2005       1.2363
    2006       1.2099
    2007       1.1972
    2008       1.2242
    2009       1.1944
    2010       1.2162
    2011       1.2795
    2012       1.3136
    2013       1.2555
    2014       1.2729
    2015       1.2248
    2016       1.3013
    2017       1.1934
    2018       1.2777
    2019       1.1934
    2020       1.2227
    2021       1.3830
    2022       1.3211
    2023       1.3666
    2024       1.3210
    2025       1.3108
    2026       1.3208
    2027       1.3603
    2028       1.3809
    2029       1.4046
    2030       1.3815
    2031       1.3738
    2032       1.2986
    2033       1.2774
    2034       1.3188
    2035       1.2769
    2036       1.3190
    2037       1.3298
    2038       1.3831
    2039       1.3903
    2040       1.3193
    2041       1.3877
    2042       1.3740
    2043       1.2889
    2044       1.3374
    2045       1.3130
    2046       1.3272
    2047       1.3732
    2048       1.2999
    2049       1.3661
    2050       1.4362
    2051       1.3564
    2052       1.3889
    2053       1.3682
    2054       1.2930
    2055       1.3000
    2056       1.2628
    2057       1.3727
    2058       1.3412
    2059       1.2843
    2060       1.2858
    2061       1.3634
    2062       1.3168
    2063       1.2933
    2064       1.3008
    2065       1.2743
    2066       1.2635
    2067       1.3006
    2068       1.3311
    2069       1.3086
    2070       1.4616
    2071       1.4781
    2072       1.5083
    2073       1.4121
    2074       1.3038
    2075       1.3670
    2076       1.3922
    2077       1.3545
    2078       1.3831
    2079       1.3957
    2080       1.4254
    2081       1.3092
    2082       1.3220
    2083       1.3489
    2084       1.3169
    2085       1.2787
    2086       1.2359
    2087       1.2795
    2088       1.3191
    2089       1.3735
    2090       1.3708
    2091       1.3937
    2092       1.3183
    2093       1.3039
    2094       1.2533
    2095       1.2737
    2096       1.2419
    2097       1.2767
    2098       1.2277
    2099       1.2718
    2100       1.2420
    2101       1.2509
    2102       1.2206
    2103       1.2354
    2104       1.2819
    2105       1.3191
    2106       1.2859
    2107       1.3758
    2108       1.2641
    2109       1.2671
    2110       1.2630
    2111       1.2181
    2112       1.2343
    2113       1.3296
    2114       1.3945
    2115       1.3093
    2116       1.2723
    2117       1.1941
    2118       1.1732
    2119       1.1958
    2120       1.3036
    2121       1.3424
    2122       1.2263
    2123       1.1981
    2124       1.2947
    2125       1.3295
    2126       1.2436
    2127       1.2943
    2128       1.2890
    2129       1.3261
    2130       1.3347
    2131       1.3707
    2132       1.4205
    2133       1.4233
    2134       1.4468
    2135       1.2987
    2136       1.2368
    2137       1.2287
    2138       1.3264
    2139       1.3418
    2140       1.3758
    2141       1.3813
    2142       1.3134
    2143       1.4879
    2144       1.4646
    2145       1.3368
    2146       1.3050
    2147       1.3283
    2148       1.2929
    2149       1.2818
    2150       1.3170
    2151       1.3027
    2152       1.2808
    2153       1.2332
    2154       1.2720
    2155       1.3070
    2156       1.3552
    2157       1.3236
    2158       1.3520
    2159       1.3395
    2160       1.3581
    2161       1.4308
    2162       1.3811
    2163       1.3691
    2164       1.3365
    2165       1.3321
    2166       1.3901
    2167       1.3533
    2168       1.2844
    2169       1.2786
    2170       1.2708
    2171       1.2563
    2172       1.2915
    2173       1.2523
    2174       1.2382
    2175       1.2289
    2176       1.2787
    2177       1.1947
    2178       1.2307
    2179       1.2895
    2180       1.2754
    2181       1.2692
    2182       1.2638
    2183       1.2319
    2184       1.2350
    2185       1.1875
    2186       1.2268
    2187       1.2191
    2188       1.2666
    2189       1.2815
    2190       1.2185
    2191       1.2065
    2192       1.2285
    2193       1.2274
    2194       1.2839
    2195       1.2299
    2196       1.2986
    2197       1.2621
    2198       1.2103
    2199       1.2036
    2200       1.2047
    2201       1.2449
    2202       1.2309
    2203       1.2927
    2204       1.3595
    2205       1.3880
    2206       1.4159
    2207       1.3586
    2208       1.2967
    2209       1.2063
    2210       1.1866
    2211       1.1591
    2212       1.2032
    2213       1.2280
    2214       1.2523
    2215       1.2232
    2216       1.2799
    2217       1.2370
    2218       1.2631
    2219       1.2314
    2220       1.2687
    2221       1.2662
    2222       1.3245
    2223       1.3425
    2224       1.2591
    2225       1.2677
    2226       1.2452
    2227       1.2811
    2228       1.3005
    2229       1.2199
    2230       1.2563
    2231       1.2867
    2232       1.2661
    2233       1.3103
    2234       1.2033
    2235       1.2220
    2236       1.2352
    2237       1.1921
    2238       1.1352
    2239       1.1551
    2240       1.2678
    2241       1.3197
    2242       1.2725
    2243       1.3065
    2244       1.2585
    2245       1.1841
    2246       1.2405
    2247       1.2289
    2248       1.1964
    2249       1.1792
    2250       1.3015
    2251       1.3281
    2252       1.3192
    2253       1.3190
    2254       1.2074
    2255       1.1877
    2256       1.2167
    2257       1.2037
    2258       1.1807
    2259       1.1889
    2260       1.1767
    2261       1.1774
    2262       1.1982
    2263       1.1776
    2264       1.1761
    2265       1.2281
    2266       1.2676
    2267       1.2354
    2268       1.2149
    2269       1.1333
    2270       1.2575
    2271       1.2260
    2272       1.1939
    2273       1.1692
    2274       1.2194
    2275       1.1423
    2276       1.1571
    2277       1.1793
    2278       1.1315
    2279       1.1373
    2280       1.2294
    2281       1.2077
    2282       1.2299
    2283       1.1996
    2284       1.1739
    2285       1.2343
    2286       1.2210
    2287       1.2173
    2288       1.2450
    2289       1.2314
    2290       1.2006
    2291       1.1716
    2292       1.1628
    2293       1.1906
    2294       1.2317
    2295       1.2260
    2296       1.1889
    2297       1.2303
    2298       1.1761
    2299       1.2774
    2300       1.2223
    2301       1.2328
    2302       1.1739
    2303       1.2806
    2304       1.3019
    2305       1.2967
    2306       1.2479
    2307       1.2455
    2308       1.2526
    2309       1.2483
    2310       1.3101
    2311       1.3258
    2312       1.3866
    2313       1.3273
    2314       1.3059
    2315       1.2494
    2316       1.2866
    2317       1.3252
    2318       1.2559
    2319       1.2823
    2320       1.3340
    2321       1.2853
    2322       1.3086
    2323       1.2868
    2324       1.3467
    2325       1.3063
    2326       1.3141
    2327       1.3649
    2328       1.2901
    2329       1.2858
    2330       1.2593
    2331       1.2594
    2332       1.2525
    2333       1.2894
    2334       1.2630
    2335       1.3010
    2336       1.3441
    2337       1.3260
    2338       1.2972
    2339       1.2668
    2340       1.2829
    2341       1.3235
    2342       1.2945
    2343       1.2320
    2344       1.2985
    2345       1.3246
    2346       1.3296
    2347       1.3824
    2348       1.3716
    2349       1.3295
    2350       1.3540
    2351       1.2887
    2352       1.3335
    2353       1.3120
    2354       1.2858
    2355       1.2666
    2356       1.3435
    2357       1.2671
    2358       1.2459
    2359       1.3160
    2360       1.3666
    2361       1.3788
    2362       1.2880
    2363       1.2565
    2364       1.2674
    2365       1.2376
    2366       1.2101
    2367       1.2371
    2368       1.2781
    2369       1.3190
    2370       1.3109
    2371       1.2502
    2372       1.3120
    2373       1.2592
    2374       1.2647
    2375       1.3130
    2376       1.2987
    2377       1.2937
    2378       1.2784
    2379       1.3161
    2380       1.2679
    2381       1.2935
    2382       1.2695
    2383       1.3180
    2384       1.2682
    2385       1.3163
    2386       1.2545
    2387       1.2812
    2388       1.2336
    2389       1.3002
    2390       1.2918
    2391       1.3308
    2392       1.3247
    2393       1.4037
    2394       1.4018
    2395       1.3944
    2396       1.4137
    2397       1.3165
    2398       1.3375
    2399       1.3393
    2400       1.3061
    2401       1.2714
    2402       1.3197
    2403       1.2945
    2404       1.2603
    2405       1.2254
    2406       1.2907
    2407       1.2524
    2408       1.3191
    2409       1.3055
    2410       1.2336
    2411       1.2514
    2412       1.2648
    2413       1.2581
    2414       1.2497
    2415       1.2889
    2416       1.3144
    2417       1.3229
    2418       1.2878
    2419       1.2612
    2420       1.2079
    2421       1.2071
    2422       1.2529
    2423       1.2726
    2424       1.2499
    2425       1.2242
    2426       1.3116
    2427       1.2945
    2428       1.2837
    2429       1.2736
    2430       1.2977
    2431       1.2408
    2432       1.3446
    2433       1.2156
    2434       1.2007
    2435       1.2179
    2436       1.2438
    2437       1.3562
    2438       1.3503
    2439       1.3540
    2440       1.3089
    2441       1.3882
    2442       1.4838
    2443       1.4561
    2444       1.4252
    2445       1.4341
    2446       1.3378
    2447       1.3614
    2448       1.3556
    2449       1.4471
    2450       1.3842
    2451       1.4586
    2452       1.4314
    2453       1.4959
    2454       1.4771
    2455       1.4512
    2456       1.4243
    2457       1.4365
    2458       1.4417
    2459       1.3816
    2460       1.4121
    2461       1.4677
    2462       1.4394
    2463       1.4566
    2464       1.3917
    2465       1.4657
    2466       1.4181
    2467       1.4750
    2468       1.5298
    2469       1.5033
    2470       1.4584
    2471       1.4892
    2472       1.4434
    2473       1.4450
    2474       1.4697
    2475       1.4613
    2476       1.4369
    2477       1.3950
    2478       1.3819
    2479       1.3919
    2480       1.4051
    2481       1.3597
    2482       1.3190
    2483       1.3435
    2484       1.3144
    2485       1.3026
    2486       1.2452
    2487       1.2402
    2488       1.2375
    2489       1.2577
    2490       1.3067
    2491       1.2372
    2492       1.3074
    2493       1.2778
    2494       1.3278
    2495       1.3394
    2496       1.3720
    2497       1.4473
    2498       1.4039
    2499       1.3376
    2500       1.3634
    2501       1.4492
    2502       1.4291
    2503       1.3476
    2504       1.4038
    2505       1.3150
    2506       1.4362
    2507       1.4022
    2508       1.5027
    2509       1.3477
    2510       1.3394
    2511       1.2336
    2512       1.3504
    2513       1.3265
    2514       1.2979
    2515       1.3167
    2516       1.2759
    2517       1.2360
    2518       1.3353
    2519       1.3434
    2520       1.2617
    2521       1.2802
    2522       1.3494
    2523       1.3728
    2524       1.3683
    2525       1.3953
    2526       1.4592
    2527       1.3951
    2528       1.3296
    2529       1.3879
    2530       1.4094
    2531       1.4775
    2532       1.4103
    2533       1.4828
    2534       1.4836
    2535       1.4095
    2536       1.5211
    2537       1.5524
    2538       1.5966
    2539       1.4460
    2540       1.4205
    2541       1.4023
    2542       1.3142
    2543       1.3137
    2544       1.2576
    2545       1.2670
    2546       1.2675
    2547       1.3461
    2548       1.3633
    2549       1.2797
    2550       1.3259
    2551       1.3156
    2552       1.3168
    2553       1.2686
    2554       1.3339
    2555       1.3469
    2556       1.3462
    2557       1.4075
    2558       1.3260
    2559       1.3688
    2560       1.4162
    2561       1.4370
    2562       1.4116
    2563       1.4363
    2564       1.4837
    2565       1.4099
    2566       1.3837
    2567       1.4183
    2568       1.3422
    2569       1.3647
    2570       1.3574
    2571       1.3667
    2572       1.3935
    2573       1.4262
    2574       1.4043
    2575       1.4376
    2576       1.3847
    2577       1.5127
    2578       1.4977
    2579       1.4734
    2580       1.3364
    2581       1.3267
    2582       1.3245
    2583       1.4118
    2584       1.4134
    2585       1.4034
    2586       1.3750
    2587       1.4634
    2588       1.4377
    2589       1.4217
    2590       1.4462
    2591       1.4190
    2592       1.3956
    2593       1.4471
    2594       1.4089
    2595       1.4408
    2596       1.4050
    2597       1.3191
    2598       1.3439
    2599       1.2941
    2600       1.3462
    2601       1.3647
    2602       1.3789
    2603       1.3810
    2604       1.2698
    2605       1.3625
    2606       1.3306
    2607       1.3172
    2608       1.3782
    2609       1.4483
    2610       1.3645
    2611       1.3670
    2612       1.4087
    2613       1.3758
    2614       1.3981
    2615       1.3492
    2616       1.3730
    2617       1.3664
    2618       1.3933
    2619       1.3824
    2620       1.3605
    2621       1.4097
    2622       1.3297
    2623       1.2901
    2624       1.3280
    2625       1.2996
    2626       1.3201
    2627       1.2665
    2628       1.3337
    2629       1.3266
    2630       1.3233
    2631       1.4123
    2632       1.4958
    2633       1.4268
    2634       1.4283
    2635       1.4629
    2636       1.4244
    2637       1.3817
    2638       1.3689
    2639       1.3619
    2640       1.4283
    2641       1.3264
    2642       1.4001
    2643       1.4166
    2644       1.3711
    2645       1.3751
    2646       1.3855
    2647       1.4402
    2648       1.4124
    2649       1.3957
    2650       1.3615
    2651       1.3416
    2652       1.4155
    2653       1.4166
    2654       1.3218
    2655       1.3521
    2656       1.3810
    2657       1.3694
    2658       1.3549
    2659       1.3433
    2660       1.4011
    2661       1.4003
    2662       1.4229
    2663       1.3794
    2664       1.3751
    2665       1.3840
    2666       1.4446
    2667       1.4215
    2668       1.4261
    2669       1.4652
    2670       1.4253
    2671       1.4207
    2672       1.4238
    2673       1.3321
    2674       1.3219
    2675       1.3495
    2676       1.4202
    2677       1.4134
    2678       1.4196
    2679       1.3896
    2680       1.3856
    2681       1.3431
    2682       1.3611
    2683       1.4061
    2684       1.4280
    2685       1.5094
    2686       1.5387
    2687       1.5147
    2688       1.4633
    2689       1.4286
    2690       1.4320
    2691       1.3712
    2692       1.3549
    2693       1.3205
    2694       1.3655
    2695       1.3375
    2696       1.3866
    2697       1.3439
    2698       1.3799
    2699       1.3337
    2700       1.3265
    2701       1.2931
    2702       1.3507
    2703       1.3263
    2704       1.3769
    2705       1.3637
    2706       1.4208
    2707       1.4054
    2708       1.3381
    2709       1.2930
    2710       1.2518
    2711       1.2291
    2712       1.2320
    2713       1.2595
    2714       1.2333
    2715       1.2628
    2716       1.2816
    2717       1.2315
    2718       1.2590
    2719       1.2609
    2720       1.2976
    2721       1.3620
    2722       1.2560
    2723       1.3232
    2724       1.3142
    2725       1.2821
    2726       1.2558
    2727       1.3364
    2728       1.3251
    2729       1.3285
    2730       1.3500
    2731       1.3984
    2732       1.3269
    2733       1.4152
    2734       1.3215
    2735       1.3417
    2736       1.3492
    2737       1.4007
    2738       1.3622
    2739       1.4040
    2740       1.4564
    2741       1.3829
    2742       1.3498
    2743       1.4396
    2744       1.3531
    2745       1.4380
    2746       1.4326
    2747       1.3574
    2748       1.3546
    2749       1.3423
    2750       1.3222
    2751       1.3517
    2752       1.3961
    2753       1.3360
    2754       1.3146
    2755       1.4092
    2756       1.3768
    2757       1.3296
    2758       1.3532
    2759       1.3511
    2760       1.4446
    2761       1.3304
    2762       1.3814
    2763       1.3502
    2764       1.3571
    2765       1.3676
    2766       1.3364
    2767       1.3455
    2768       1.2982
    2769       1.3196
    2770       1.3170
    2771       1.3433
    2772       1.2613
    2773       1.2280
    2774       1.2613
    2775       1.3043
    2776       1.3094
    2777       1.3237
    2778       1.3101
    2779       1.3294
    2780       1.3374
    2781       1.3539
    2782       1.4146
    2783       1.3969
    2784       1.3743
    2785       1.4000
    2786       1.4000
    2787       1.4269
    2788       1.3873
    2789       1.3583
    2790       1.3230
    2791       1.2865
    2792       1.2898
    2793       1.3937
    2794       1.3858
    2795       1.4153
    2796       1.4102
    2797       1.3817
    2798       1.3770
    2799       1.3126
    2800       1.3419
    2801       1.3559
    2802       1.4587
    2803       1.4925
    2804       1.4536
    2805       1.4363
    2806       1.4205
    2807       1.3694
    2808       1.3493
    2809       1.3771
    2810       1.3756
    2811       1.3675
    2812       1.2784
    2813       1.2766
    2814       1.2924
    2815       1.3543
    2816       1.3181
    2817       1.3337
    2818       1.3064
    2819       1.3404
    2820       1.3912
    2821       1.3260
    2822       1.3250
    2823       1.3650
    2824       1.3238
    2825       1.3034
    2826       1.3488
    2827       1.2830
    2828       1.2891
    2829       1.3646
    2830       1.3923
    2831       1.2981
    2832       1.2968
    2833       1.2484
    2834       1.2664
    2835       1.2680
    2836       1.2138
    2837       1.2033
    2838       1.2601
    2839       1.2266
    2840       1.2766
    2841       1.2302
    2842       1.2374
    2843       1.2493
    2844       1.2979
    2845       1.3375
    2846       1.3134
    2847       1.3035
    2848       1.3624
    2849       1.3451
    2850       1.3463
    2851       1.3487
    2852       1.3618
    2853       1.3079
    2854       1.2988
    2855       1.3930
    2856       1.3943
    2857       1.3721
    2858       1.3057
    2859       1.3342
    2860       1.3636
    2861       1.3666
    2862       1.3366
    2863       1.2785
    2864       1.2845
    2865       1.2908
    2866       1.3121
    2867       1.3630
    2868       1.4031
    2869       1.2501
    2870       1.2875
    2871       1.3783
    2872       1.3509
    2873       1.3453
    2874       1.3158
    2875       1.2701
    2876       1.2838
    2877       1.2646
    2878       1.3451
    2879       1.3332
    2880       1.3330
    2881       1.3485
    2882       1.3606
    2883       1.2774
    2884       1.3821
    2885       1.3311
    2886       1.2986
    2887       1.2441
    2888       1.2556
    2889       1.2490
    2890       1.2685
    2891       1.2976
    2892       1.3236
    2893       1.2298
    2894       1.2454
    2895       1.3251
    2896       1.3000
    2897       1.3397
    2898       1.2890
    2899       1.3252
    2900       1.3463
    2901       1.3613
    2902       1.3638
    2903       1.4313
    2904       1.4250
    2905       1.3013
    2906       1.2759
    2907       1.3744
    2908       1.4159
    2909       1.4215
    2910       1.4652
    2911       1.4787
    2912       1.4148
    2913       1.4144
    2914       1.4111
    2915       1.3853
    2916       1.3596
    2917       1.4534
    2918       1.4460
    2919       1.4256
    2920       1.4382
    2921       1.2845
    2922       1.4016
    2923       1.3525
    2924       1.3362
    2925       1.2350
    2926       1.2658
    2927       1.2850
    2928       1.3089
    2929       1.2598
    2930       1.2973
    2931       1.3067
    2932       1.2921
    2933       1.2304
    2934       1.2740
    2935       1.2724
    2936       1.3191
    2937       1.3226
    2938       1.3446
    2939       1.4045
    2940       1.3678
    2941       1.3336
    2942       1.2561
    2943       1.2793
    2944       1.2593
    2945       1.2516
    2946       1.2397
    2947       1.2567
    2948       1.3005
    2949       1.3753
    2950       1.3622
    2951       1.3170
    2952       1.3311
    2953       1.3176
    2954       1.2913
    2955       1.2413
    2956       1.2784
    2957       1.2557
    2958       1.2452
    2959       1.2878
    2960       1.2764
    2961       1.3185
    2962       1.3540
    2963       1.3120
    2964       1.3702
    2965       1.2883
    2966       1.3506
    2967       1.3197
    2968       1.3912
    2969       1.3190
    2970       1.3293
    2971       1.4206
    2972       1.3884
    2973       1.3646
    2974       1.3748
    2975       1.3704
    2976       1.3305
    2977       1.4081
    2978       1.4452
    2979       1.3605
    2980       1.3279
    2981       1.3508
    2982       1.3627
    2983       1.3820
    2984       1.3667
    2985       1.3584
    2986       1.4038
    2987       1.3835
    2988       1.4207
    2989       1.3581
    2990       1.3827
    2991       1.4141
    2992       1.4649
    2993       1.4290
    2994       1.3979
    2995       1.4404
    2996       1.4408
    2997       1.3857
    2998       1.4129
    2999       1.4101
    3000       1.3898
    3001       1.3516
    3002       1.4003
    3003       1.3322
    3004       1.3721
    3005       1.4162
    3006       1.4324
    3007       1.4734
    3008       1.4800
    3009       1.4438
    3010       1.5016
    3011       1.4800
    3012       1.4183
    3013       1.4191
    3014       1.3279
    3015       1.3670
    3016       1.4373
    3017       1.3822
    3018       1.3092
    3019       1.3690
    3020       1.3699
    3021       1.3381
    3022       1.3737
    3023       1.4583
    3024       1.5058
    3025       1.5032
    3026       1.4771
    3027       1.4882
    3028       1.4881
    3029       1.4536
    3030       1.5029
    3031       1.5085
    3032       1.4181
    3033       1.5011
    3034       1.5118
    3035       1.4793
    3036       1.4617
    3037       1.4858
    3038       1.4287
    3039       1.4032
    3040       1.4192
    3041       1.4596
    3042       1.4857
    3043       1.4485
    3044       1.4581
    3045       1.4401
    3046       1.3909
    3047       1.4189
    3048       1.4292
    3049       1.5390
    3050       1.4282
    3051       1.4745
    3052       1.5192
    3053       1.5274
    3054       1.5126
    3055       1.5025
    3056       1.5195
    3057       1.4020
    3058       1.4422
    3059       1.3253
    3060       1.3710
    3061       1.4228
    3062       1.3770
    3063       1.3726
    3064       1.4054
    3065       1.3785
    3066       1.3948
    3067       1.3191
    3068       1.3399
    3069       1.3159
    3070       1.3716
    3071       1.3657
    3072       1.3404
    3073       1.3643
    3074       1.4064
    3075       1.3945
    3076       1.4384
    3077       1.4384
    3078       1.4500
    3079       1.4563
    3080       1.4562
    3081       1.4528
    3082       1.4514
    3083       1.5257
    3084       1.4875
    3085       1.4567
    3086       1.4102
    3087       1.3611
    3088       1.3796
    3089       1.3115
    3090       1.3355
    3091       1.4688
    3092       1.4937
    3093       1.4417
    3094       1.3807
    3095       1.4511
    3096       1.4773
    3097       1.4160
    3098       1.4271
    3099       1.4099
    3100       1.3378
    3101       1.3324
    3102       1.3419
    3103       1.4100
    3104       1.3520
    3105       1.4397
    3106       1.3166
    3107       1.3563
    3108       1.3485
    3109       1.3256
    3110       1.3117
    3111       1.3497
    3112       1.3237
    3113       1.3668
    3114       1.3619
    3115       1.3541
    3116       1.3707
    3117       1.4794
    3118       1.3776
    3119       1.3673
    3120       1.3531
    3121       1.3959
    3122       1.3578
    3123       1.4221
    3124       1.3697
    3125       1.4100
