#Frame     RMSD_00001
       1       0.0000
       2       0.6323
       3       0.6947
       4       0.6605
       5       0.7585
       6       0.7553
       7       0.8172
       8       0.8882
       9       0.8299
      10       0.9026
      11       0.8916
      12       0.9143
      13       0.9704
      14       0.9128
      15       0.9208
      16       0.9166
      17       0.9075
      18       0.9160
      19       0.9638
      20       0.9053
      21       0.8873
      22       0.9096
      23       0.9131
      24       0.9899
      25       1.0435
      26       0.9616
      27       0.9134
      28       0.8886
      29       0.8877
      30       0.9017
      31       0.8738
      32       1.0012
      33       0.9208
      34       0.9215
      35       0.9439
      36       0.9401
      37       0.9669
      38       0.9476
      39       0.9128
      40       0.9196
      41       0.9028
      42       0.8975
      43       0.8893
      44       0.8711
      45       0.8855
      46       0.9180
      47       0.8763
      48       0.8967
      49       0.9298
      50       0.9671
      51       1.0083
      52       1.0661
      53       0.9872
      54       1.0209
      55       0.9514
      56       0.9620
      57       0.9828
      58       0.9099
      59       1.0086
      60       0.9806
      61       0.9402
      62       0.8883
      63       0.8680
      64       0.9582
      65       0.9707
      66       0.9835
      67       0.9863
      68       1.0716
      69       1.0685
      70       1.0156
      71       1.0361
      72       1.0689
      73       1.0601
      74       1.0317
      75       1.0179
      76       1.0113
      77       1.0651
      78       1.0833
      79       1.1411
      80       1.0902
      81       1.1265
      82       0.9650
      83       0.9940
      84       1.0145
      85       0.9764
      86       1.0740
      87       1.0000
      88       1.0613
      89       1.0269
      90       0.9752
      91       1.0834
      92       1.0740
      93       1.0048
      94       1.0012
      95       1.0746
      96       1.1196
      97       1.0179
      98       0.9961
      99       1.0493
     100       1.1094
     101       1.0405
     102       1.1097
     103       1.0896
     104       1.0516
     105       1.0647
     106       0.9913
     107       1.1178
     108       1.0821
     109       1.0429
     110       1.0422
     111       0.9946
     112       0.9540
     113       1.0219
     114       0.9542
     115       0.9484
     116       0.9187
     117       0.9397
     118       0.9246
     119       0.9392
     120       0.9658
     121       0.9851
     122       1.0429
     123       1.1047
     124       1.0808
     125       1.0092
     126       1.0307
     127       1.0219
     128       0.9561
     129       1.0369
     130       0.9712
     131       0.9724
     132       0.9561
     133       0.9284
     134       0.9856
     135       1.0175
     136       1.0578
     137       1.0405
     138       1.0106
     139       0.9775
     140       1.0486
     141       1.0395
     142       1.0049
     143       0.9977
     144       1.0129
     145       1.0978
     146       1.1275
     147       1.1349
     148       1.2432
     149       1.2577
     150       1.2541
     151       1.2939
     152       1.2370
     153       1.2312
     154       1.2432
     155       1.2780
     156       1.2048
     157       1.2300
     158       1.1950
     159       1.1934
     160       1.2988
     161       1.2510
     162       1.1306
     163       1.0815
     164       1.1907
     165       1.1571
     166       1.1762
     167       1.1601
     168       1.1317
     169       1.1612
     170       1.1228
     171       1.1057
     172       1.0824
     173       1.1203
     174       1.0798
     175       1.0468
     176       1.0733
     177       1.0944
     178       1.0884
     179       1.0774
     180       1.0941
     181       1.0019
     182       1.1209
     183       1.0605
     184       0.9917
     185       1.0475
     186       1.0655
     187       1.0301
     188       1.0086
     189       1.0042
     190       1.1178
     191       1.1050
     192       1.1322
     193       1.0683
     194       1.0350
     195       1.0767
     196       1.1112
     197       1.0745
     198       1.0552
     199       1.0094
     200       1.0093
     201       0.9956
     202       1.0105
     203       0.9771
     204       1.0142
     205       0.9962
     206       1.1005
     207       1.0927
     208       1.1115
     209       1.0723
     210       1.0791
     211       1.0594
     212       1.0822
     213       1.1235
     214       1.0575
     215       0.9490
     216       1.0439
     217       1.0511
     218       1.0182
     219       1.1005
     220       1.0659
     221       1.0267
     222       1.0973
     223       1.1698
     224       1.0924
     225       1.1407
     226       1.1283
     227       1.0637
     228       1.0525
     229       1.0366
     230       1.0045
     231       0.9955
     232       1.0716
     233       1.0593
     234       1.1113
     235       1.0941
     236       1.1182
     237       1.1074
     238       1.0624
     239       1.0288
     240       1.0213
     241       1.0427
     242       1.1038
     243       1.0434
     244       1.0936
     245       1.1067
     246       1.1725
     247       1.2399
     248       1.1789
     249       1.2410
     250       1.1472
     251       1.1775
     252       1.1751
     253       1.1807
     254       1.1695
     255       1.2298
     256       1.1650
     257       1.1095
     258       1.1758
     259       1.1601
     260       1.0580
     261       1.1442
     262       1.1397
     263       1.1415
     264       1.1770
     265       1.1484
     266       1.1612
     267       1.1677
     268       1.1526
     269       1.1483
     270       1.1577
     271       1.1902
     272       1.2132
     273       1.2273
     274       1.1989
     275       1.1436
     276       1.2378
     277       1.2850
     278       1.2320
     279       1.1852
     280       1.1917
     281       1.1874
     282       1.2014
     283       1.1296
     284       1.0839
     285       1.1219
     286       1.1705
     287       1.1248
     288       1.0520
     289       1.0299
     290       1.0225
     291       1.0730
     292       1.1016
     293       1.0579
     294       1.0975
     295       1.0566
     296       1.0930
     297       1.0675
     298       1.0641
     299       1.1340
     300       1.0625
     301       1.0596
     302       1.1507
     303       1.1315
     304       1.1595
     305       1.1212
     306       1.1350
     307       1.0573
     308       1.0325
     309       1.0547
     310       1.1379
     311       1.1262
     312       1.2635
     313       1.2292
     314       1.2422
     315       1.1884
     316       1.1648
     317       1.1827
     318       1.2009
     319       1.1081
     320       1.1561
     321       1.1102
     322       1.0931
     323       1.1653
     324       1.2351
     325       1.2646
     326       1.2665
     327       1.1919
     328       1.0860
     329       1.0684
     330       1.1715
     331       1.0192
     332       1.0634
     333       1.0780
     334       1.0877
     335       1.1250
     336       1.1171
     337       1.0342
     338       1.0995
     339       1.1797
     340       1.2375
     341       1.2531
     342       1.3265
     343       1.3085
     344       1.2558
     345       1.1939
     346       1.1285
     347       1.0444
     348       1.1247
     349       1.1340
     350       1.1484
     351       1.1240
     352       1.0639
     353       1.0530
     354       1.0712
     355       1.0454
     356       1.0664
     357       1.1691
     358       1.1304
     359       1.1031
     360       1.1676
     361       1.0866
     362       1.1263
     363       1.0947
     364       1.1383
     365       1.1524
     366       1.2298
     367       1.2486
     368       1.2590
     369       1.2083
     370       1.1672
     371       1.1661
     372       1.2111
     373       1.1239
     374       1.1328
     375       1.0787
     376       1.1075
     377       1.1267
     378       1.0865
     379       1.1212
     380       1.0939
     381       1.1093
     382       1.1604
     383       1.0818
     384       1.1303
     385       1.1155
     386       1.1727
     387       1.2338
     388       1.2505
     389       1.2261
     390       1.2206
     391       1.1936
     392       1.2069
     393       1.2781
     394       1.1300
     395       1.0896
     396       1.1147
     397       1.1694
     398       1.1612
     399       1.1027
     400       1.1293
     401       1.0413
     402       1.0432
     403       1.0531
     404       1.1226
     405       1.1512
     406       1.0953
     407       1.1069
     408       1.0489
     409       1.0262
     410       1.0830
     411       1.0566
     412       1.0333
     413       1.0763
     414       1.1079
     415       1.0936
     416       1.0793
     417       1.0425
     418       1.0977
     419       1.0529
     420       1.0621
     421       1.0825
     422       1.0151
     423       1.0833
     424       1.1068
     425       1.1782
     426       1.2052
     427       1.1973
     428       1.1147
     429       1.1230
     430       1.1176
     431       1.1499
     432       1.1632
     433       1.1666
     434       1.1502
     435       1.1767
     436       1.1197
     437       1.1203
     438       1.0697
     439       1.1402
     440       1.1573
     441       1.1251
     442       1.1320
     443       1.0866
     444       1.1171
     445       1.0844
     446       1.0341
     447       1.1120
     448       1.0525
     449       1.0643
     450       1.0783
     451       1.1014
     452       1.1616
     453       1.1662
     454       1.1574
     455       1.1885
     456       1.1455
     457       1.1025
     458       1.1031
     459       1.1141
     460       1.1052
     461       1.0602
     462       1.1318
     463       1.0794
     464       1.0883
     465       1.0592
     466       1.0218
     467       1.0994
     468       1.1094
     469       1.0742
     470       1.0681
     471       1.0256
     472       1.0601
     473       1.1401
     474       0.9756
     475       0.9803
     476       1.0620
     477       1.0410
     478       1.0945
     479       1.0041
     480       0.9969
     481       1.0286
     482       1.0411
     483       1.0759
     484       1.0421
     485       1.0215
     486       1.0692
     487       1.0354
     488       1.1111
     489       1.0916
     490       1.0972
     491       1.1947
     492       1.1419
     493       1.1323
     494       1.1658
     495       1.0989
     496       1.1543
     497       1.1439
     498       1.1499
     499       1.1446
     500       1.0675
     501       1.1060
     502       1.0968
     503       1.0077
     504       0.9941
     505       1.0061
     506       1.0749
     507       1.0477
     508       1.0735
     509       1.0379
     510       1.0383
     511       1.0736
     512       1.0422
     513       1.0506
     514       1.1228
     515       1.0685
     516       1.1177
     517       1.1681
     518       1.1071
     519       1.0799
     520       1.1370
     521       1.1474
     522       1.1872
     523       1.1819
     524       1.2463
     525       1.2856
     526       1.3079
     527       1.2850
     528       1.2635
     529       1.2485
     530       1.2062
     531       1.3037
     532       1.2535
     533       1.1891
     534       1.1785
     535       1.1939
     536       1.1499
     537       1.1189
     538       1.1279
     539       1.0838
     540       1.1410
     541       1.1925
     542       1.1406
     543       1.1786
     544       1.1153
     545       1.0830
     546       1.0810
     547       1.1529
     548       1.1390
     549       1.1808
     550       1.2202
     551       1.1942
     552       1.2049
     553       1.1470
     554       1.1705
     555       1.1177
     556       1.1679
     557       1.1880
     558       1.1721
     559       1.1888
     560       1.1850
     561       1.0985
     562       1.1261
     563       1.0948
     564       1.1101
     565       1.1033
     566       1.1331
     567       1.0609
     568       1.0502
     569       1.0525
     570       1.0133
     571       0.9952
     572       1.0415
     573       1.0492
     574       1.0299
     575       1.0858
     576       1.0520
     577       1.0088
     578       1.0165
     579       1.0792
     580       1.1260
     581       1.1878
     582       1.0922
     583       1.1089
     584       1.1394
     585       1.2437
     586       1.2173
     587       1.2195
     588       1.1642
     589       1.1437
     590       1.1390
     591       1.2188
     592       1.1550
     593       1.1634
     594       1.0725
     595       1.1018
     596       1.1142
     597       1.0972
     598       1.1491
     599       1.1256
     600       1.1931
     601       1.1923
     602       1.2021
     603       1.1225
     604       1.0601
     605       1.0562
     606       1.0874
     607       1.1395
     608       1.2255
     609       1.2797
     610       1.2957
     611       1.2365
     612       1.2102
     613       1.2202
     614       1.1585
     615       1.2123
     616       1.2162
     617       1.1981
     618       1.2907
     619       1.3128
     620       1.2617
     621       1.2656
     622       1.2243
     623       1.3068
     624       1.3572
     625       1.3475
     626       1.2515
     627       1.2774
     628       1.2613
     629       1.3185
     630       1.3460
     631       1.3527
     632       1.3178
     633       1.4208
     634       1.3673
     635       1.3428
     636       1.4189
     637       1.3529
     638       1.3560
     639       1.3276
     640       1.3890
     641       1.2804
     642       1.1872
     643       1.1330
     644       1.1118
     645       1.1786
     646       1.0731
     647       1.0601
     648       1.1781
     649       1.2667
     650       1.2483
     651       1.2028
     652       1.1967
     653       1.2215
     654       1.1844
     655       1.2117
     656       1.2716
     657       1.1801
     658       1.2018
     659       1.1655
     660       1.2240
     661       1.2545
     662       1.2077
     663       1.2410
     664       1.2637
     665       1.2156
     666       1.2969
     667       1.2654
     668       1.2381
     669       1.1507
     670       1.1475
     671       1.1717
     672       1.1778
     673       1.2088
     674       1.1655
     675       1.0794
     676       1.1248
     677       1.1611
     678       1.1163
     679       1.1739
     680       1.1153
     681       1.2196
     682       1.1739
     683       1.1677
     684       1.0740
     685       1.2030
     686       1.2279
     687       1.1224
     688       1.1873
     689       1.1835
     690       1.1776
     691       1.1844
     692       1.1429
     693       1.2311
     694       1.1213
     695       1.1685
     696       1.1303
     697       1.0849
     698       1.2148
     699       1.2885
     700       1.2992
     701       1.2298
     702       1.3165
     703       1.3433
     704       1.3746
     705       1.3340
     706       1.3928
     707       1.3415
     708       1.3751
     709       1.4041
     710       1.4250
     711       1.3909
     712       1.3783
     713       1.2679
     714       1.2971
     715       1.3673
     716       1.4339
     717       1.4909
     718       1.5246
     719       1.4710
     720       1.2791
     721       1.3208
     722       1.2473
     723       1.2745
     724       1.3311
     725       1.2753
     726       1.3357
     727       1.3902
     728       1.4414
     729       1.3919
     730       1.4280
     731       1.3953
     732       1.3763
     733       1.2964
     734       1.2983
     735       1.2901
     736       1.3432
     737       1.3537
     738       1.3466
     739       1.2721
     740       1.2240
     741       1.2738
     742       1.2191
     743       1.1921
     744       1.1974
     745       1.2698
     746       1.2164
     747       1.2926
     748       1.2473
     749       1.2087
     750       1.2384
     751       1.2233
     752       1.1855
     753       1.1782
     754       1.2936
     755       1.2294
     756       1.1323
     757       1.2270
     758       1.1861
     759       1.2635
     760       1.2427
     761       1.2127
     762       1.2763
     763       1.3679
     764       1.2821
     765       1.1736
     766       1.1912
     767       1.1639
     768       1.1789
     769       1.0864
     770       1.1220
     771       1.2148
     772       1.1100
     773       1.1856
     774       1.1731
     775       1.1658
     776       1.2331
     777       1.2535
     778       1.2381
     779       1.3137
     780       1.2985
     781       1.3044
     782       1.2899
     783       1.3148
     784       1.3342
     785       1.3171
     786       1.4565
     787       1.4335
     788       1.4582
     789       1.3169
     790       1.3743
     791       1.3700
     792       1.4355
     793       1.4037
     794       1.4047
     795       1.3864
     796       1.3605
     797       1.3685
     798       1.3740
     799       1.2180
     800       1.2010
     801       1.1614
     802       1.2124
     803       1.2194
     804       1.2933
     805       1.3000
     806       1.3419
     807       1.2873
     808       1.2245
     809       1.2813
     810       1.2444
     811       1.2444
     812       1.2891
     813       1.2081
     814       1.1158
     815       1.1146
     816       1.1756
     817       1.2320
     818       1.2476
     819       1.2663
     820       1.2147
     821       1.2737
     822       1.2178
     823       1.1353
     824       1.1731
     825       1.1529
     826       1.1384
     827       1.1201
     828       1.1406
     829       1.1803
     830       1.1893
     831       1.1490
     832       1.0960
     833       1.1061
     834       1.1317
     835       1.1528
     836       1.1912
     837       1.2204
     838       1.1743
     839       1.1943
     840       1.1955
     841       1.2068
     842       1.3130
     843       1.2754
     844       1.2975
     845       1.2923
     846       1.2233
     847       1.3456
     848       1.2966
     849       1.2547
     850       1.2169
     851       1.1961
     852       1.2351
     853       1.3086
     854       1.3216
     855       1.2958
     856       1.3434
     857       1.3320
     858       1.3898
     859       1.3203
     860       1.3640
     861       1.3540
     862       1.3983
     863       1.4429
     864       1.5176
     865       1.4744
     866       1.4513
     867       1.5216
     868       1.5015
     869       1.4897
     870       1.5076
     871       1.4518
     872       1.4367
     873       1.3783
     874       1.3762
     875       1.4728
     876       1.5252
     877       1.5776
     878       1.5759
     879       1.5576
     880       1.5484
     881       1.4722
     882       1.4699
     883       1.4464
     884       1.4305
     885       1.4987
     886       1.5044
     887       1.4980
     888       1.4257
     889       1.4306
     890       1.5361
     891       1.5911
     892       1.5183
     893       1.5876
     894       1.5163
     895       1.4997
     896       1.5345
     897       1.4229
     898       1.4907
     899       1.5404
     900       1.5237
     901       1.5265
     902       1.6026
     903       1.6480
     904       1.5405
     905       1.4829
     906       1.5473
     907       1.5292
     908       1.5332
     909       1.4977
     910       1.4312
     911       1.4783
     912       1.5172
     913       1.4570
     914       1.5391
     915       1.5372
     916       1.5778
     917       1.5757
     918       1.4712
     919       1.4249
     920       1.3747
     921       1.4215
     922       1.3271
     923       1.4564
     924       1.4856
     925       1.4811
     926       1.4938
     927       1.4634
     928       1.4847
     929       1.4749
     930       1.4501
     931       1.3980
     932       1.3293
     933       1.3693
     934       1.4154
     935       1.3086
     936       1.4037
     937       1.3895
     938       1.2513
     939       1.2803
     940       1.2821
     941       1.1885
     942       1.2105
     943       1.3577
     944       1.3642
     945       1.4911
     946       1.5083
     947       1.4507
     948       1.5515
     949       1.4967
     950       1.5079
     951       1.4981
     952       1.5465
     953       1.5169
     954       1.4297
     955       1.3958
     956       1.3780
     957       1.2296
     958       1.2692
     959       1.3208
     960       1.2005
     961       1.3223
     962       1.2551
     963       1.3347
     964       1.3035
     965       1.2609
     966       1.2818
     967       1.2865
     968       1.3281
     969       1.2533
     970       1.2792
     971       1.2266
     972       1.3008
     973       1.3016
     974       1.2672
     975       1.2549
     976       1.2809
     977       1.2396
     978       1.2550
     979       1.2844
     980       1.2416
     981       1.3136
     982       1.2893
     983       1.3559
     984       1.3910
     985       1.3524
     986       1.2613
     987       1.2810
     988       1.2578
     989       1.2696
     990       1.2955
     991       1.2651
     992       1.2730
     993       1.2851
     994       1.3316
     995       1.3028
     996       1.4144
     997       1.3652
     998       1.1940
     999       1.1757
    1000       1.2108
    1001       1.3093
    1002       1.2192
    1003       1.2291
    1004       1.3240
    1005       1.2636
    1006       1.2926
    1007       1.2431
    1008       1.3000
    1009       1.2275
    1010       1.1522
    1011       1.2335
    1012       1.3467
    1013       1.4910
    1014       1.4832
    1015       1.4646
    1016       1.4508
    1017       1.3232
    1018       1.2726
    1019       1.3367
    1020       1.3402
    1021       1.2317
    1022       1.3457
    1023       1.3626
    1024       1.3803
    1025       1.3206
    1026       1.3633
    1027       1.2480
    1028       1.2889
    1029       1.3786
    1030       1.3585
    1031       1.4476
    1032       1.5123
    1033       1.5655
    1034       1.5171
    1035       1.4472
    1036       1.4776
    1037       1.4294
    1038       1.4452
    1039       1.4221
    1040       1.4188
    1041       1.5079
    1042       1.4451
    1043       1.4663
    1044       1.4590
    1045       1.4279
    1046       1.3812
    1047       1.3308
    1048       1.3710
    1049       1.4466
    1050       1.4508
    1051       1.4237
    1052       1.3178
    1053       1.4404
    1054       1.4219
    1055       1.4377
    1056       1.5215
    1057       1.4207
    1058       1.3404
    1059       1.4047
    1060       1.4392
    1061       1.3787
    1062       1.4080
    1063       1.3033
    1064       1.3781
    1065       1.3929
    1066       1.3682
    1067       1.3315
    1068       1.3251
    1069       1.3942
    1070       1.3290
    1071       1.3881
    1072       1.5512
    1073       1.5832
    1074       1.5133
    1075       1.4129
    1076       1.4441
    1077       1.4936
    1078       1.4357
    1079       1.4516
    1080       1.3945
    1081       1.4015
    1082       1.4503
    1083       1.5039
    1084       1.5264
    1085       1.5096
    1086       1.4920
    1087       1.5135
    1088       1.3710
    1089       1.3536
    1090       1.2662
    1091       1.2368
    1092       1.3316
    1093       1.3647
    1094       1.3881
    1095       1.4415
    1096       1.4179
    1097       1.4436
    1098       1.5157
    1099       1.4375
    1100       1.4128
    1101       1.4095
    1102       1.2997
    1103       1.2819
    1104       1.2445
    1105       1.3755
    1106       1.2841
    1107       1.3112
    1108       1.3590
    1109       1.4024
    1110       1.3116
    1111       1.2590
    1112       1.2230
    1113       1.3107
    1114       1.2177
    1115       1.2087
    1116       1.3181
    1117       1.2747
    1118       1.2799
    1119       1.3143
    1120       1.3856
    1121       1.4154
    1122       1.3137
    1123       1.3653
    1124       1.3229
    1125       1.3021
    1126       1.2698
    1127       1.3653
    1128       1.2484
    1129       1.3162
    1130       1.3335
    1131       1.2307
    1132       1.2385
    1133       1.2825
    1134       1.3112
    1135       1.3749
    1136       1.4263
    1137       1.4493
    1138       1.5057
    1139       1.3312
    1140       1.4532
    1141       1.4698
    1142       1.4907
    1143       1.5432
    1144       1.5120
    1145       1.5952
    1146       1.5264
    1147       1.5783
    1148       1.5909
    1149       1.5497
    1150       1.5501
    1151       1.5208
    1152       1.5510
    1153       1.4859
    1154       1.5803
    1155       1.5191
    1156       1.4675
    1157       1.4793
    1158       1.4465
    1159       1.4730
    1160       1.4666
    1161       1.5196
    1162       1.5291
    1163       1.5548
    1164       1.5212
    1165       1.5726
    1166       1.6301
    1167       1.5179
    1168       1.5204
    1169       1.4561
    1170       1.3352
    1171       1.4087
    1172       1.3462
    1173       1.3771
    1174       1.4647
    1175       1.3803
    1176       1.4222
    1177       1.3360
    1178       1.4086
    1179       1.5042
    1180       1.4805
    1181       1.4223
    1182       1.4268
    1183       1.4553
    1184       1.4653
    1185       1.3840
    1186       1.3378
    1187       1.4255
    1188       1.3750
    1189       1.3896
    1190       1.4656
    1191       1.4998
    1192       1.3790
    1193       1.3216
    1194       1.3889
    1195       1.3390
    1196       1.3807
    1197       1.4249
    1198       1.4346
    1199       1.5043
    1200       1.4218
    1201       1.5662
    1202       1.4482
    1203       1.4910
    1204       1.4009
    1205       1.3157
    1206       1.3207
    1207       1.3540
    1208       1.3670
    1209       1.4278
    1210       1.2815
    1211       1.3691
    1212       1.3141
    1213       1.3744
    1214       1.3515
    1215       1.3978
    1216       1.3293
    1217       1.3669
    1218       1.3319
    1219       1.2977
    1220       1.3587
    1221       1.2634
    1222       1.2614
    1223       1.3623
    1224       1.3532
    1225       1.3039
    1226       1.3086
    1227       1.3703
    1228       1.3760
    1229       1.4277
    1230       1.4218
    1231       1.3778
    1232       1.4080
    1233       1.3112
    1234       1.2743
    1235       1.2540
    1236       1.3289
    1237       1.4134
    1238       1.4493
    1239       1.4314
    1240       1.4814
    1241       1.4637
    1242       1.5022
    1243       1.6156
    1244       1.5965
    1245       1.6292
    1246       1.6218
    1247       1.6547
    1248       1.6366
    1249       1.6497
    1250       1.5916
    1251       1.6158
    1252       1.5258
    1253       1.5141
    1254       1.6100
    1255       1.6001
    1256       1.5434
    1257       1.5747
    1258       1.5433
    1259       1.6273
    1260       1.5543
    1261       1.6089
    1262       1.5559
    1263       1.5438
    1264       1.5574
    1265       1.4139
    1266       1.4912
    1267       1.5784
    1268       1.6225
    1269       1.6149
    1270       1.5146
    1271       1.5982
    1272       1.4619
    1273       1.4995
    1274       1.5587
    1275       1.4325
    1276       1.4768
    1277       1.4410
    1278       1.4543
    1279       1.4622
    1280       1.3915
    1281       1.4134
    1282       1.4503
    1283       1.3891
    1284       1.3394
    1285       1.3333
    1286       1.3241
    1287       1.4363
    1288       1.5311
    1289       1.5074
    1290       1.5959
    1291       1.5345
    1292       1.5427
    1293       1.4888
    1294       1.5001
    1295       1.4405
    1296       1.4726
    1297       1.5534
    1298       1.5821
    1299       1.5150
    1300       1.4011
    1301       1.4404
    1302       1.3953
    1303       1.3491
    1304       1.3625
    1305       1.3887
    1306       1.4099
    1307       1.3708
    1308       1.2864
    1309       1.3214
    1310       1.3221
    1311       1.3666
    1312       1.4009
    1313       1.5139
    1314       1.3826
    1315       1.4136
    1316       1.5358
    1317       1.4671
    1318       1.4070
    1319       1.3841
    1320       1.4244
    1321       1.4254
    1322       1.4271
    1323       1.5474
    1324       1.5715
    1325       1.5282
    1326       1.4759
    1327       1.5152
    1328       1.5476
    1329       1.5303
    1330       1.5263
    1331       1.4980
    1332       1.5157
    1333       1.4812
    1334       1.4391
    1335       1.4508
    1336       1.4321
    1337       1.4616
    1338       1.4514
    1339       1.3349
    1340       1.4305
    1341       1.4048
    1342       1.6904
    1343       1.6829
    1344       1.6089
    1345       1.4965
    1346       1.4837
    1347       1.4650
    1348       1.4979
    1349       1.5296
    1350       1.5608
    1351       1.6113
    1352       1.6486
    1353       1.4807
    1354       1.4398
    1355       1.3901
    1356       1.3183
    1357       1.2829
    1358       1.2042
    1359       1.2264
    1360       1.2480
    1361       1.1641
    1362       1.1844
    1363       1.2789
    1364       1.2295
    1365       1.2846
    1366       1.2248
    1367       1.1429
    1368       1.2232
    1369       1.2036
    1370       1.1809
    1371       1.1992
    1372       1.2483
    1373       1.1944
    1374       1.2135
    1375       1.2093
    1376       1.2528
    1377       1.2058
    1378       1.2510
    1379       1.3241
    1380       1.3819
    1381       1.3451
    1382       1.2881
    1383       1.3240
    1384       1.4184
    1385       1.4386
    1386       1.3449
    1387       1.2085
    1388       1.2791
    1389       1.3177
    1390       1.4347
    1391       1.4140
    1392       1.4410
    1393       1.3715
    1394       1.3759
    1395       1.4020
    1396       1.3503
    1397       1.3866
    1398       1.3364
    1399       1.3983
    1400       1.4618
    1401       1.4927
    1402       1.4767
    1403       1.4015
    1404       1.3146
    1405       1.3843
    1406       1.3548
    1407       1.3651
    1408       1.3655
    1409       1.3040
    1410       1.3608
    1411       1.3394
    1412       1.5039
    1413       1.4500
    1414       1.3291
    1415       1.4118
    1416       1.2926
    1417       1.3693
    1418       1.4183
    1419       1.3770
    1420       1.2339
    1421       1.2702
    1422       1.3530
    1423       1.4252
    1424       1.3341
    1425       1.3471
    1426       1.2742
    1427       1.3153
    1428       1.3644
    1429       1.4161
    1430       1.3956
    1431       1.3422
    1432       1.3749
    1433       1.3296
    1434       1.3367
    1435       1.3326
    1436       1.3596
    1437       1.3578
    1438       1.3512
    1439       1.2825
    1440       1.3914
    1441       1.3765
    1442       1.3236
    1443       1.2823
    1444       1.2936
    1445       1.2571
    1446       1.2676
    1447       1.2711
    1448       1.2899
    1449       1.2411
    1450       1.2789
    1451       1.1893
    1452       1.2433
    1453       1.2216
    1454       1.1879
    1455       1.2620
    1456       1.3305
    1457       1.3879
    1458       1.3696
    1459       1.3287
    1460       1.3488
    1461       1.3329
    1462       1.2856
    1463       1.2765
    1464       1.3602
    1465       1.2035
    1466       1.3273
    1467       1.3130
    1468       1.2684
    1469       1.2775
    1470       1.2533
    1471       1.2809
    1472       1.3282
    1473       1.3677
    1474       1.4282
    1475       1.5409
    1476       1.4836
    1477       1.5125
    1478       1.5215
    1479       1.4540
    1480       1.5325
    1481       1.6023
    1482       1.5488
    1483       1.6493
    1484       1.6232
    1485       1.6037
    1486       1.4010
    1487       1.3738
    1488       1.5291
    1489       1.3901
    1490       1.4082
    1491       1.3936
    1492       1.3861
    1493       1.2385
    1494       1.2609
    1495       1.3058
    1496       1.3388
    1497       1.3567
    1498       1.4868
    1499       1.5205
    1500       1.5066
    1501       1.5416
    1502       1.4301
    1503       1.5391
    1504       1.6341
    1505       1.7150
    1506       1.6915
    1507       1.5870
    1508       1.6521
    1509       1.5414
    1510       1.5884
    1511       1.6480
    1512       1.5858
    1513       1.6454
    1514       1.5273
    1515       1.6191
    1516       1.5358
    1517       1.4637
    1518       1.4525
    1519       1.4157
    1520       1.3927
    1521       1.3249
    1522       1.4528
    1523       1.4403
    1524       1.4565
    1525       1.4077
    1526       1.4263
    1527       1.4678
    1528       1.3980
    1529       1.2646
    1530       1.2489
    1531       1.3611
    1532       1.3774
    1533       1.5558
    1534       1.5486
    1535       1.5493
    1536       1.5807
    1537       1.5516
    1538       1.5416
    1539       1.4778
    1540       1.4619
    1541       1.5199
    1542       1.4403
    1543       1.4333
    1544       1.4046
    1545       1.3462
    1546       1.4406
    1547       1.4592
    1548       1.4153
    1549       1.3350
    1550       1.3405
    1551       1.3513
    1552       1.3317
    1553       1.3404
    1554       1.3176
    1555       1.3498
    1556       1.3983
    1557       1.4287
    1558       1.4582
    1559       1.4620
    1560       1.5070
    1561       1.5668
    1562       1.5807
    1563       1.4621
    1564       1.5228
    1565       1.4515
    1566       1.4185
    1567       1.4223
    1568       1.3811
    1569       1.3047
    1570       1.3335
    1571       1.3000
    1572       1.3126
    1573       1.2919
    1574       1.2992
    1575       1.2459
    1576       1.2420
    1577       1.2779
    1578       1.3077
    1579       1.3422
    1580       1.2994
    1581       1.2904
    1582       1.2234
    1583       1.2704
    1584       1.2744
    1585       1.2945
    1586       1.2546
    1587       1.1872
    1588       1.1562
    1589       1.1807
    1590       1.2794
    1591       1.2397
    1592       1.2391
    1593       1.1847
    1594       1.1905
    1595       1.2011
    1596       1.1909
    1597       1.1872
    1598       1.2087
    1599       1.1810
    1600       1.2399
    1601       1.2533
    1602       1.2798
    1603       1.2252
    1604       1.1945
    1605       1.2959
    1606       1.2225
    1607       1.2699
    1608       1.2536
    1609       1.1711
    1610       1.1730
    1611       1.2264
    1612       1.3208
    1613       1.2276
    1614       1.2316
    1615       1.1732
    1616       1.2577
    1617       1.2533
    1618       1.1760
    1619       1.1830
    1620       1.2139
    1621       1.2367
    1622       1.2517
    1623       1.2669
    1624       1.1903
    1625       1.3269
    1626       1.3373
    1627       1.4037
    1628       1.3920
    1629       1.3467
    1630       1.4026
    1631       1.2720
    1632       1.3557
    1633       1.2432
    1634       1.2703
    1635       1.3099
    1636       1.3583
    1637       1.4523
    1638       1.3735
    1639       1.4169
    1640       1.4195
    1641       1.4233
    1642       1.3828
    1643       1.2824
    1644       1.2741
    1645       1.1941
    1646       1.2465
    1647       1.3664
    1648       1.3026
    1649       1.3748
    1650       1.3771
    1651       1.3099
    1652       1.3479
    1653       1.2764
    1654       1.3617
    1655       1.2468
    1656       1.3053
    1657       1.2967
    1658       1.2524
    1659       1.2161
    1660       1.2204
    1661       1.1464
    1662       1.1701
    1663       1.2215
    1664       1.2244
    1665       1.2373
    1666       1.2854
    1667       1.2853
    1668       1.2966
    1669       1.2907
    1670       1.2406
    1671       1.2433
    1672       1.2882
    1673       1.2749
    1674       1.2530
    1675       1.2495
    1676       1.2674
    1677       1.2633
    1678       1.2936
    1679       1.3726
    1680       1.4370
    1681       1.3573
    1682       1.2866
    1683       1.2866
    1684       1.2529
    1685       1.2684
    1686       1.2066
    1687       1.1233
    1688       1.1739
    1689       1.2718
    1690       1.1844
    1691       1.2043
    1692       1.1863
    1693       1.1738
    1694       1.2341
    1695       1.2307
    1696       1.2403
    1697       1.2959
    1698       1.3018
    1699       1.2734
    1700       1.2864
    1701       1.3858
    1702       1.3723
    1703       1.3116
    1704       1.3516
    1705       1.3351
    1706       1.3070
    1707       1.3345
    1708       1.2993
    1709       1.3568
    1710       1.3330
    1711       1.3368
    1712       1.3189
    1713       1.3947
    1714       1.4471
    1715       1.3680
    1716       1.2782
    1717       1.2985
    1718       1.2757
    1719       1.2669
    1720       1.2815
    1721       1.2926
    1722       1.3149
    1723       1.2091
    1724       1.2074
    1725       1.2372
    1726       1.2844
    1727       1.3406
    1728       1.3270
    1729       1.2255
    1730       1.2242
    1731       1.2638
    1732       1.2378
    1733       1.2389
    1734       1.1889
    1735       1.2305
    1736       1.2347
    1737       1.3324
    1738       1.3733
    1739       1.3458
    1740       1.4430
    1741       1.4467
    1742       1.3100
    1743       1.3637
    1744       1.3460
    1745       1.3323
    1746       1.1926
    1747       1.1926
    1748       1.1806
    1749       1.1723
    1750       1.2535
    1751       1.2043
    1752       1.1427
    1753       1.1540
    1754       1.1722
    1755       1.1741
    1756       1.1668
    1757       1.2158
    1758       1.1843
    1759       1.2425
    1760       1.1664
    1761       1.1743
    1762       1.3221
    1763       1.3066
    1764       1.2234
    1765       1.3346
    1766       1.2508
    1767       1.2997
    1768       1.2850
    1769       1.1718
    1770       1.2211
    1771       1.3443
    1772       1.2607
    1773       1.2356
    1774       1.1619
    1775       1.2427
    1776       1.2562
    1777       1.1847
    1778       1.2473
    1779       1.1901
    1780       1.2014
    1781       1.2044
    1782       1.2541
    1783       1.2987
    1784       1.3362
    1785       1.4100
    1786       1.3182
    1787       1.3696
    1788       1.3836
    1789       1.2925
    1790       1.2721
    1791       1.3102
    1792       1.3145
    1793       1.2742
    1794       1.1725
    1795       1.2307
    1796       1.2260
    1797       1.2468
    1798       1.3186
    1799       1.3495
    1800       1.3569
    1801       1.2814
    1802       1.3080
    1803       1.2597
    1804       1.1935
    1805       1.2337
    1806       1.2895
    1807       1.3163
    1808       1.3256
    1809       1.3261
    1810       1.3278
    1811       1.3140
    1812       1.2873
    1813       1.3181
    1814       1.3038
    1815       1.2879
    1816       1.2659
    1817       1.2796
    1818       1.3876
    1819       1.4259
    1820       1.3793
    1821       1.4188
    1822       1.5252
    1823       1.4466
    1824       1.4747
    1825       1.4002
    1826       1.4002
    1827       1.3458
    1828       1.4157
    1829       1.3906
    1830       1.2444
    1831       1.2303
    1832       1.3433
    1833       1.3814
    1834       1.4214
    1835       1.4318
    1836       1.3338
    1837       1.2160
    1838       1.3489
    1839       1.2750
    1840       1.3582
    1841       1.3096
    1842       1.3703
    1843       1.3001
    1844       1.3415
    1845       1.3891
    1846       1.4437
    1847       1.5342
    1848       1.4718
    1849       1.4983
    1850       1.4383
    1851       1.3519
    1852       1.3717
    1853       1.3021
    1854       1.2907
    1855       1.2319
    1856       1.2795
    1857       1.3258
    1858       1.3597
    1859       1.2989
    1860       1.3120
    1861       1.3091
    1862       1.2139
    1863       1.3079
    1864       1.3217
    1865       1.3485
    1866       1.3765
    1867       1.3654
    1868       1.3252
    1869       1.3838
    1870       1.3202
    1871       1.3139
    1872       1.3334
    1873       1.3153
    1874       1.2796
    1875       1.3113
    1876       1.2652
    1877       1.3070
    1878       1.2724
    1879       1.3317
    1880       1.3150
    1881       1.3625
    1882       1.3254
    1883       1.3362
    1884       1.3147
    1885       1.2591
    1886       1.3192
    1887       1.2515
    1888       1.3100
    1889       1.3503
    1890       1.3289
    1891       1.3156
    1892       1.3976
    1893       1.4390
    1894       1.4102
    1895       1.4680
    1896       1.4113
    1897       1.4136
    1898       1.2650
    1899       1.2895
    1900       1.3160
    1901       1.3925
    1902       1.3472
    1903       1.3689
    1904       1.3298
    1905       1.3795
    1906       1.3057
    1907       1.3485
    1908       1.2848
    1909       1.3641
    1910       1.4312
    1911       1.4370
    1912       1.4534
    1913       1.4882
    1914       1.5556
    1915       1.6191
    1916       1.5594
    1917       1.5550
    1918       1.4975
    1919       1.5752
    1920       1.6919
    1921       1.6836
    1922       1.5959
    1923       1.5505
    1924       1.5163
    1925       1.5303
    1926       1.5259
    1927       1.5875
    1928       1.5253
    1929       1.4659
    1930       1.4118
    1931       1.3300
    1932       1.3402
    1933       1.3722
    1934       1.3373
    1935       1.2858
    1936       1.2639
    1937       1.2258
    1938       1.1864
    1939       1.2308
    1940       1.2391
    1941       1.2387
    1942       1.2115
    1943       1.1998
    1944       1.2462
    1945       1.2208
    1946       1.2499
    1947       1.2837
    1948       1.2633
    1949       1.2841
    1950       1.2864
    1951       1.2951
    1952       1.3314
    1953       1.3282
    1954       1.3376
    1955       1.2487
    1956       1.3459
    1957       1.4251
    1958       1.3989
    1959       1.4469
    1960       1.4934
    1961       1.4321
    1962       1.5021
    1963       1.4200
    1964       1.4227
    1965       1.4404
    1966       1.4474
    1967       1.4371
    1968       1.3488
    1969       1.4082
    1970       1.3818
    1971       1.3491
    1972       1.3630
    1973       1.3139
    1974       1.2756
    1975       1.2606
    1976       1.3050
    1977       1.3884
    1978       1.3911
    1979       1.3672
    1980       1.3776
    1981       1.3410
    1982       1.3268
    1983       1.3506
    1984       1.3543
    1985       1.3462
    1986       1.3290
    1987       1.4004
    1988       1.3665
    1989       1.3695
    1990       1.3672
    1991       1.2855
    1992       1.2786
    1993       1.3010
    1994       1.3408
    1995       1.3160
    1996       1.3647
    1997       1.2962
    1998       1.3308
    1999       1.3215
    2000       1.3983
    2001       1.4341
    2002       1.3647
    2003       1.4378
    2004       1.4614
    2005       1.4892
    2006       1.3436
    2007       1.3280
    2008       1.4041
    2009       1.4065
    2010       1.3612
    2011       1.3869
    2012       1.4188
    2013       1.3972
    2014       1.3794
    2015       1.4184
    2016       1.3553
    2017       1.3457
    2018       1.4102
    2019       1.4087
    2020       1.4579
    2021       1.4289
    2022       1.4955
    2023       1.4363
    2024       1.5100
    2025       1.5074
    2026       1.4954
    2027       1.5143
    2028       1.4304
    2029       1.5158
    2030       1.4761
    2031       1.4661
    2032       1.4077
    2033       1.4342
    2034       1.5203
    2035       1.5612
    2036       1.5412
    2037       1.5530
    2038       1.6105
    2039       1.6299
    2040       1.5034
    2041       1.5795
    2042       1.6103
    2043       1.4822
    2044       1.4627
    2045       1.4090
    2046       1.3621
    2047       1.4094
    2048       1.3013
    2049       1.4183
    2050       1.4231
    2051       1.4160
    2052       1.3610
    2053       1.3742
    2054       1.2617
    2055       1.2262
    2056       1.2077
    2057       1.2972
    2058       1.2801
    2059       1.2774
    2060       1.3087
    2061       1.3328
    2062       1.3122
    2063       1.3170
    2064       1.3037
    2065       1.2853
    2066       1.2968
    2067       1.2934
    2068       1.2794
    2069       1.2957
    2070       1.3165
    2071       1.2788
    2072       1.1903
    2073       1.1872
    2074       1.2333
    2075       1.2489
    2076       1.3039
    2077       1.2719
    2078       1.3436
    2079       1.3262
    2080       1.2058
    2081       1.2454
    2082       1.2527
    2083       1.2804
    2084       1.3216
    2085       1.3386
    2086       1.2892
    2087       1.2586
    2088       1.1872
    2089       1.2356
    2090       1.3182
    2091       1.3235
    2092       1.3077
    2093       1.3509
    2094       1.3704
    2095       1.4040
    2096       1.3540
    2097       1.4190
    2098       1.3402
    2099       1.3491
    2100       1.3839
    2101       1.2874
    2102       1.3076
    2103       1.3265
    2104       1.3100
    2105       1.3123
    2106       1.2924
    2107       1.3192
    2108       1.2680
    2109       1.2785
    2110       1.2375
    2111       1.2849
    2112       1.3007
    2113       1.2910
    2114       1.3505
    2115       1.3832
    2116       1.4589
    2117       1.3769
    2118       1.3652
    2119       1.3565
    2120       1.3318
    2121       1.3426
    2122       1.3709
    2123       1.3169
    2124       1.3457
    2125       1.3441
    2126       1.3832
    2127       1.3900
    2128       1.3696
    2129       1.3470
    2130       1.3101
    2131       1.3354
    2132       1.3701
    2133       1.4342
    2134       1.4738
    2135       1.4126
    2136       1.3999
    2137       1.4362
    2138       1.5123
    2139       1.5575
    2140       1.5322
    2141       1.5048
    2142       1.4585
    2143       1.5676
    2144       1.5264
    2145       1.4686
    2146       1.4462
    2147       1.5148
    2148       1.4748
    2149       1.4380
    2150       1.3759
    2151       1.4150
    2152       1.4732
    2153       1.5030
    2154       1.4854
    2155       1.5632
    2156       1.5788
    2157       1.4759
    2158       1.5030
    2159       1.5121
    2160       1.4499
    2161       1.4679
    2162       1.4705
    2163       1.4917
    2164       1.4987
    2165       1.4803
    2166       1.4493
    2167       1.4806
    2168       1.4292
    2169       1.3782
    2170       1.3896
    2171       1.3779
    2172       1.3409
    2173       1.3321
    2174       1.3782
    2175       1.3253
    2176       1.3630
    2177       1.3814
    2178       1.3001
    2179       1.3453
    2180       1.3701
    2181       1.3405
    2182       1.3288
    2183       1.2213
    2184       1.2767
    2185       1.3228
    2186       1.2792
    2187       1.2793
    2188       1.2508
    2189       1.2749
    2190       1.3028
    2191       1.2790
    2192       1.2799
    2193       1.3277
    2194       1.2837
    2195       1.2887
    2196       1.3051
    2197       1.3981
    2198       1.4016
    2199       1.2822
    2200       1.3564
    2201       1.3526
    2202       1.3354
    2203       1.3721
    2204       1.4226
    2205       1.4427
    2206       1.3276
    2207       1.3292
    2208       1.3629
    2209       1.3555
    2210       1.3515
    2211       1.2464
    2212       1.3736
    2213       1.4045
    2214       1.4275
    2215       1.4723
    2216       1.4039
    2217       1.3572
    2218       1.4689
    2219       1.4719
    2220       1.4249
    2221       1.4911
    2222       1.4906
    2223       1.5059
    2224       1.5546
    2225       1.5209
    2226       1.5373
    2227       1.4724
    2228       1.4147
    2229       1.4367
    2230       1.4424
    2231       1.4062
    2232       1.4270
    2233       1.5486
    2234       1.5459
    2235       1.5953
    2236       1.6030
    2237       1.5097
    2238       1.5124
    2239       1.4870
    2240       1.5224
    2241       1.5670
    2242       1.5110
    2243       1.5780
    2244       1.5607
    2245       1.5423
    2246       1.5261
    2247       1.4925
    2248       1.4810
    2249       1.4761
    2250       1.5294
    2251       1.5704
    2252       1.5333
    2253       1.5068
    2254       1.4920
    2255       1.4603
    2256       1.4662
    2257       1.4395
    2258       1.3746
    2259       1.2655
    2260       1.3071
    2261       1.3099
    2262       1.3418
    2263       1.3138
    2264       1.3506
    2265       1.3525
    2266       1.3250
    2267       1.4080
    2268       1.4043
    2269       1.3815
    2270       1.3636
    2271       1.3692
    2272       1.4031
    2273       1.4135
    2274       1.4044
    2275       1.3394
    2276       1.3122
    2277       1.3250
    2278       1.3146
    2279       1.2949
    2280       1.2419
    2281       1.2601
    2282       1.2574
    2283       1.2766
    2284       1.3656
    2285       1.2823
    2286       1.2904
    2287       1.2897
    2288       1.3174
    2289       1.3694
    2290       1.3602
    2291       1.3591
    2292       1.3288
    2293       1.3348
    2294       1.3749
    2295       1.3573
    2296       1.3580
    2297       1.3469
    2298       1.4270
    2299       1.4484
    2300       1.4359
    2301       1.4284
    2302       1.4217
    2303       1.4355
    2304       1.4234
    2305       1.4020
    2306       1.5480
    2307       1.5456
    2308       1.4853
    2309       1.5469
    2310       1.4590
    2311       1.4128
    2312       1.4072
    2313       1.3744
    2314       1.4188
    2315       1.5171
    2316       1.4580
    2317       1.4351
    2318       1.4422
    2319       1.4255
    2320       1.4164
    2321       1.4777
    2322       1.4784
    2323       1.4778
    2324       1.4330
    2325       1.5120
    2326       1.4404
    2327       1.5118
    2328       1.5069
    2329       1.5426
    2330       1.5236
    2331       1.5844
    2332       1.6468
    2333       1.6875
    2334       1.6961
    2335       1.6573
    2336       1.6726
    2337       1.6150
    2338       1.5529
    2339       1.4685
    2340       1.5405
    2341       1.6763
    2342       1.5915
    2343       1.5522
    2344       1.6245
    2345       1.5637
    2346       1.5311
    2347       1.5765
    2348       1.6277
    2349       1.6567
    2350       1.7091
    2351       1.6896
    2352       1.5507
    2353       1.6128
    2354       1.5640
    2355       1.5743
    2356       1.5951
    2357       1.5839
    2358       1.6864
    2359       1.6186
    2360       1.6535
    2361       1.5883
    2362       1.5370
    2363       1.5331
    2364       1.4653
    2365       1.5222
    2366       1.5544
    2367       1.4252
    2368       1.4386
    2369       1.5386
    2370       1.4447
    2371       1.3999
    2372       1.4657
    2373       1.3596
    2374       1.3903
    2375       1.4768
    2376       1.5388
    2377       1.4015
    2378       1.5118
    2379       1.5418
    2380       1.5776
    2381       1.4268
    2382       1.4430
    2383       1.4610
    2384       1.3651
    2385       1.4851
    2386       1.3935
    2387       1.4364
    2388       1.4228
    2389       1.4135
    2390       1.4001
    2391       1.3758
    2392       1.4192
    2393       1.4428
    2394       1.3842
    2395       1.3608
    2396       1.3398
    2397       1.3482
    2398       1.4928
    2399       1.4464
    2400       1.4342
    2401       1.3375
    2402       1.3535
    2403       1.4202
    2404       1.3278
    2405       1.4298
    2406       1.3540
    2407       1.3228
    2408       1.3396
    2409       1.3335
    2410       1.4468
    2411       1.4865
    2412       1.4248
    2413       1.4366
    2414       1.4012
    2415       1.4729
    2416       1.5185
    2417       1.4738
    2418       1.4073
    2419       1.4580
    2420       1.4760
    2421       1.4452
    2422       1.4620
    2423       1.5136
    2424       1.4622
    2425       1.4792
    2426       1.4861
    2427       1.5494
    2428       1.5294
    2429       1.4343
    2430       1.4539
    2431       1.4904
    2432       1.4260
    2433       1.4477
    2434       1.4097
    2435       1.4484
    2436       1.4433
    2437       1.3764
    2438       1.3325
    2439       1.2826
    2440       1.2784
    2441       1.3021
    2442       1.3389
    2443       1.4330
    2444       1.4064
    2445       1.4430
    2446       1.4051
    2447       1.3444
    2448       1.3261
    2449       1.3576
    2450       1.3942
    2451       1.3356
    2452       1.3736
    2453       1.4529
    2454       1.4176
    2455       1.4022
    2456       1.3443
    2457       1.3982
    2458       1.3844
    2459       1.4157
    2460       1.3769
    2461       1.4258
    2462       1.4655
    2463       1.4142
    2464       1.5087
    2465       1.4916
    2466       1.4663
    2467       1.4958
    2468       1.4769
    2469       1.4137
    2470       1.3959
    2471       1.4839
    2472       1.5854
    2473       1.5264
    2474       1.5059
    2475       1.5981
    2476       1.5697
    2477       1.4742
    2478       1.5638
    2479       1.5325
    2480       1.4895
    2481       1.4000
    2482       1.4772
    2483       1.4154
    2484       1.3367
    2485       1.3190
    2486       1.4316
    2487       1.3964
    2488       1.3291
    2489       1.3495
    2490       1.4061
    2491       1.3849
    2492       1.3958
    2493       1.2927
    2494       1.4059
    2495       1.3930
    2496       1.2569
    2497       1.2732
    2498       1.3230
    2499       1.2960
    2500       1.3575
    2501       1.3933
    2502       1.4583
    2503       1.4290
    2504       1.4124
    2505       1.4300
    2506       1.3889
    2507       1.3526
    2508       1.3487
    2509       1.3235
    2510       1.3105
    2511       1.2450
    2512       1.2660
    2513       1.2564
    2514       1.2929
    2515       1.2821
    2516       1.2943
    2517       1.2343
    2518       1.2349
    2519       1.2441
    2520       1.2830
    2521       1.2973
    2522       1.2316
    2523       1.2044
    2524       1.2757
    2525       1.2370
    2526       1.2159
    2527       1.2846
    2528       1.2648
    2529       1.2333
    2530       1.2024
    2531       1.2676
    2532       1.2501
    2533       1.2823
    2534       1.3327
    2535       1.3212
    2536       1.3486
    2537       1.3031
    2538       1.2258
    2539       1.2495
    2540       1.2905
    2541       1.3075
    2542       1.3316
    2543       1.2412
    2544       1.3382
    2545       1.3100
    2546       1.3751
    2547       1.4273
    2548       1.3725
    2549       1.4247
    2550       1.3068
    2551       1.2925
    2552       1.3715
    2553       1.3895
    2554       1.3735
    2555       1.3809
    2556       1.3652
    2557       1.3163
    2558       1.3081
    2559       1.2798
    2560       1.2900
    2561       1.3851
    2562       1.2962
    2563       1.3514
    2564       1.3399
    2565       1.4195
    2566       1.4299
    2567       1.4299
    2568       1.3641
    2569       1.3616
    2570       1.3475
    2571       1.3467
    2572       1.2962
    2573       1.2774
    2574       1.2936
    2575       1.2563
    2576       1.2439
    2577       1.3049
    2578       1.3072
    2579       1.3086
    2580       1.2873
    2581       1.3251
    2582       1.3400
    2583       1.2486
    2584       1.3529
    2585       1.3339
    2586       1.3414
    2587       1.3404
    2588       1.3131
    2589       1.3084
    2590       1.3753
    2591       1.3043
    2592       1.3547
    2593       1.3406
    2594       1.3397
    2595       1.3227
    2596       1.3116
    2597       1.3796
    2598       1.3482
    2599       1.2258
    2600       1.3208
    2601       1.3731
    2602       1.3410
    2603       1.3367
    2604       1.2969
    2605       1.3095
    2606       1.2924
    2607       1.2637
    2608       1.2933
    2609       1.2813
    2610       1.3378
    2611       1.2860
    2612       1.2482
    2613       1.3315
    2614       1.3725
    2615       1.3089
    2616       1.3072
    2617       1.3353
    2618       1.3588
    2619       1.3176
    2620       1.3556
    2621       1.3870
    2622       1.4477
    2623       1.4788
    2624       1.4290
    2625       1.3594
    2626       1.4812
    2627       1.4565
    2628       1.4322
    2629       1.4038
    2630       1.5506
    2631       1.5127
    2632       1.5457
    2633       1.5310
    2634       1.4555
    2635       1.4957
    2636       1.5380
    2637       1.4617
    2638       1.4489
    2639       1.5242
    2640       1.6839
    2641       1.6226
    2642       1.6042
    2643       1.6114
    2644       1.5807
    2645       1.5994
    2646       1.6053
    2647       1.6769
    2648       1.6941
    2649       1.5060
    2650       1.6003
    2651       1.6608
    2652       1.6380
    2653       1.6650
    2654       1.5442
    2655       1.5900
    2656       1.6460
    2657       1.6766
    2658       1.6482
    2659       1.7197
    2660       1.7383
    2661       1.8215
    2662       1.8501
    2663       1.7267
    2664       1.6686
    2665       1.6241
    2666       1.6246
    2667       1.6847
    2668       1.6277
    2669       1.6351
    2670       1.6434
    2671       1.5988
    2672       1.6136
    2673       1.6213
    2674       1.6317
    2675       1.5683
    2676       1.5350
    2677       1.5696
    2678       1.6719
    2679       1.5809
    2680       1.5870
    2681       1.5744
    2682       1.5559
    2683       1.4547
    2684       1.4749
    2685       1.5002
    2686       1.4519
    2687       1.4545
    2688       1.4013
    2689       1.4082
    2690       1.4239
    2691       1.4162
    2692       1.4145
    2693       1.4126
    2694       1.4290
    2695       1.4397
    2696       1.5154
    2697       1.5142
    2698       1.5118
    2699       1.4359
    2700       1.3476
    2701       1.3300
    2702       1.4050
    2703       1.4050
    2704       1.4696
    2705       1.4372
    2706       1.3634
    2707       1.3815
    2708       1.3130
    2709       1.2529
    2710       1.2686
    2711       1.3561
    2712       1.3040
    2713       1.3221
    2714       1.3516
    2715       1.4194
    2716       1.4322
    2717       1.4299
    2718       1.4247
    2719       1.4803
    2720       1.4688
    2721       1.5608
    2722       1.5417
    2723       1.4848
    2724       1.4632
    2725       1.5201
    2726       1.6113
    2727       1.4717
    2728       1.3874
    2729       1.4003
    2730       1.3780
    2731       1.4175
    2732       1.4622
    2733       1.4850
    2734       1.5183
    2735       1.5095
    2736       1.5677
    2737       1.5274
    2738       1.4329
    2739       1.4154
    2740       1.4562
    2741       1.4545
    2742       1.4687
    2743       1.3577
    2744       1.3928
    2745       1.4420
    2746       1.4400
    2747       1.4270
    2748       1.4185
    2749       1.4733
    2750       1.4802
    2751       1.3565
    2752       1.3975
    2753       1.4653
    2754       1.4233
    2755       1.4453
    2756       1.5334
    2757       1.4977
    2758       1.5539
    2759       1.5893
    2760       1.5908
    2761       1.5589
    2762       1.5306
    2763       1.5268
    2764       1.4127
    2765       1.3850
    2766       1.3882
    2767       1.3722
    2768       1.4092
    2769       1.3855
    2770       1.4106
    2771       1.4558
    2772       1.3837
    2773       1.4044
    2774       1.4584
    2775       1.3918
    2776       1.3829
    2777       1.4082
    2778       1.4464
    2779       1.4059
    2780       1.4197
    2781       1.3056
    2782       1.3382
    2783       1.3393
    2784       1.3795
    2785       1.4239
    2786       1.4046
    2787       1.3930
    2788       1.3846
    2789       1.4286
    2790       1.3915
    2791       1.3359
    2792       1.3582
    2793       1.3852
    2794       1.3676
    2795       1.3694
    2796       1.3437
    2797       1.3287
    2798       1.3906
    2799       1.4939
    2800       1.4669
    2801       1.4267
    2802       1.4179
    2803       1.4650
    2804       1.4173
    2805       1.3769
    2806       1.4391
    2807       1.4977
    2808       1.4810
    2809       1.4712
    2810       1.4535
    2811       1.4980
    2812       1.4849
    2813       1.4788
    2814       1.4128
    2815       1.4240
    2816       1.3846
    2817       1.4372
    2818       1.3978
    2819       1.4250
    2820       1.4380
    2821       1.4989
    2822       1.4669
    2823       1.4350
    2824       1.5622
    2825       1.5596
    2826       1.4612
    2827       1.4204
    2828       1.3598
    2829       1.3896
    2830       1.4104
    2831       1.3781
    2832       1.5534
    2833       1.4933
    2834       1.5099
    2835       1.4846
    2836       1.5065
    2837       1.4288
    2838       1.4546
    2839       1.3600
    2840       1.3981
    2841       1.4932
    2842       1.4480
    2843       1.4667
    2844       1.4541
    2845       1.4658
    2846       1.4075
    2847       1.4567
    2848       1.3231
    2849       1.3766
    2850       1.3309
    2851       1.3043
    2852       1.3370
    2853       1.3408
    2854       1.3633
    2855       1.3231
    2856       1.4260
    2857       1.3370
    2858       1.3702
    2859       1.3923
    2860       1.4072
    2861       1.3611
    2862       1.3108
    2863       1.2952
    2864       1.3066
    2865       1.3151
    2866       1.3558
    2867       1.3796
    2868       1.4834
    2869       1.3474
    2870       1.3882
    2871       1.3860
    2872       1.4357
    2873       1.4196
    2874       1.4148
    2875       1.4006
    2876       1.4506
    2877       1.4745
    2878       1.5102
    2879       1.5135
    2880       1.5628
    2881       1.5575
    2882       1.4884
    2883       1.4879
    2884       1.4461
    2885       1.5591
    2886       1.5108
    2887       1.4394
    2888       1.4411
    2889       1.3929
    2890       1.3830
    2891       1.4655
    2892       1.4038
    2893       1.4356
    2894       1.3487
    2895       1.4420
    2896       1.4288
    2897       1.3982
    2898       1.4507
    2899       1.4337
    2900       1.5190
    2901       1.5729
    2902       1.6453
    2903       1.6546
    2904       1.6165
    2905       1.6177
    2906       1.6381
    2907       1.6220
    2908       1.5604
    2909       1.3976
    2910       1.3823
    2911       1.3045
    2912       1.3859
    2913       1.3978
    2914       1.4990
    2915       1.5657
    2916       1.5186
    2917       1.4613
    2918       1.3760
    2919       1.3180
    2920       1.3372
    2921       1.3055
    2922       1.3763
    2923       1.4393
    2924       1.4542
    2925       1.4864
    2926       1.4972
    2927       1.5539
    2928       1.5363
    2929       1.4952
    2930       1.4725
    2931       1.4906
    2932       1.4216
    2933       1.4091
    2934       1.4263
    2935       1.3649
    2936       1.2885
    2937       1.2430
    2938       1.2458
    2939       1.3102
    2940       1.2924
    2941       1.3296
    2942       1.3428
    2943       1.3495
    2944       1.3146
    2945       1.2588
    2946       1.3395
    2947       1.3375
    2948       1.3001
    2949       1.3414
    2950       1.3191
    2951       1.3317
    2952       1.3137
    2953       1.3785
    2954       1.4168
    2955       1.4808
    2956       1.4891
    2957       1.4265
    2958       1.4769
    2959       1.4667
    2960       1.4719
    2961       1.5311
    2962       1.5998
    2963       1.5635
    2964       1.6267
    2965       1.6151
    2966       1.7534
    2967       1.6062
    2968       1.5541
    2969       1.4789
    2970       1.5283
    2971       1.5376
    2972       1.4986
    2973       1.5236
    2974       1.5383
    2975       1.5247
    2976       1.5553
    2977       1.6059
    2978       1.5053
    2979       1.5542
    2980       1.5631
    2981       1.5464
    2982       1.4814
    2983       1.6298
    2984       1.5792
    2985       1.5982
    2986       1.4743
    2987       1.4750
    2988       1.5418
    2989       1.5035
    2990       1.4220
    2991       1.5469
    2992       1.4806
    2993       1.4420
    2994       1.4733
    2995       1.4520
    2996       1.4609
    2997       1.3954
    2998       1.5586
    2999       1.4987
    3000       1.5943
    3001       1.5775
    3002       1.5569
    3003       1.4584
    3004       1.4636
    3005       1.4636
    3006       1.4207
    3007       1.4391
    3008       1.3959
    3009       1.3921
    3010       1.4898
    3011       1.3576
    3012       1.4817
    3013       1.4475
    3014       1.4476
    3015       1.4530
    3016       1.4726
    3017       1.4801
    3018       1.5306
    3019       1.4660
    3020       1.4649
    3021       1.5046
    3022       1.4851
    3023       1.5236
    3024       1.4296
    3025       1.4765
    3026       1.4564
    3027       1.3695
    3028       1.3653
    3029       1.4655
    3030       1.4300
    3031       1.3971
    3032       1.4090
    3033       1.5457
    3034       1.5384
    3035       1.4301
    3036       1.3947
    3037       1.4820
    3038       1.3941
    3039       1.3726
    3040       1.3539
    3041       1.3461
    3042       1.3890
    3043       1.4282
    3044       1.4450
    3045       1.3638
    3046       1.3737
    3047       1.4046
    3048       1.3973
    3049       1.4573
    3050       1.5133
    3051       1.4420
    3052       1.5621
    3053       1.5100
    3054       1.6158
    3055       1.6325
    3056       1.5286
    3057       1.6485
    3058       1.6277
    3059       1.6974
    3060       1.6575
    3061       1.6025
    3062       1.5792
    3063       1.4989
    3064       1.4900
    3065       1.4632
    3066       1.5390
    3067       1.5186
    3068       1.5496
    3069       1.6562
    3070       1.5660
    3071       1.6263
    3072       1.5722
    3073       1.5701
    3074       1.6080
    3075       1.5891
    3076       1.5084
    3077       1.4485
    3078       1.3885
    3079       1.4088
    3080       1.3950
    3081       1.4181
    3082       1.4972
    3083       1.4499
    3084       1.4935
    3085       1.5114
    3086       1.5490
    3087       1.6057
    3088       1.6275
    3089       1.5706
    3090       1.6410
    3091       1.5452
    3092       1.4463
    3093       1.5040
    3094       1.5274
    3095       1.4608
    3096       1.4963
    3097       1.4715
    3098       1.4566
    3099       1.5045
    3100       1.5436
    3101       1.5290
    3102       1.5641
    3103       1.5036
    3104       1.5960
    3105       1.5456
    3106       1.5426
    3107       1.5348
    3108       1.5012
    3109       1.4516
    3110       1.5353
    3111       1.5220
    3112       1.4942
    3113       1.4969
    3114       1.5264
    3115       1.5110
    3116       1.5383
    3117       1.5685
    3118       1.4700
    3119       1.4122
    3120       1.3692
    3121       1.3615
    3122       1.4006
    3123       1.3922
    3124       1.5326
    3125       1.5635
