#Frame     RMSD_00001
       1       0.0000
       2       0.6345
       3       0.6028
       4       0.7107
       5       0.7207
       6       0.6371
       7       0.6964
       8       0.7517
       9       0.7567
      10       0.7841
      11       0.7959
      12       0.8430
      13       0.7923
      14       0.7995
      15       0.8255
      16       0.7920
      17       0.7144
      18       0.7293
      19       0.8125
      20       0.7720
      21       0.7922
      22       0.7498
      23       0.7702
      24       0.7771
      25       0.8081
      26       0.8003
      27       0.8344
      28       0.8465
      29       0.8150
      30       0.8269
      31       0.7880
      32       0.8225
      33       0.8090
      34       0.8479
      35       0.7906
      36       0.8178
      37       0.8191
      38       0.8832
      39       0.9222
      40       0.8275
      41       0.9123
      42       0.9671
      43       0.8303
      44       0.7644
      45       0.8220
      46       0.8518
      47       0.8302
      48       0.8317
      49       0.9192
      50       0.8843
      51       0.8323
      52       0.8716
      53       0.8573
      54       0.8870
      55       0.8782
      56       0.8470
      57       0.9647
      58       1.0108
      59       0.9057
      60       0.9299
      61       0.9131
      62       0.9498
      63       0.9352
      64       0.9105
      65       0.8682
      66       0.9117
      67       0.8887
      68       0.9098
      69       0.9102
      70       0.8338
      71       0.8896
      72       0.8948
      73       0.9267
      74       1.0090
      75       1.0732
      76       1.0591
      77       0.9752
      78       0.9619
      79       0.8836
      80       0.8919
      81       0.9094
      82       0.9563
      83       1.0318
      84       0.9666
      85       0.9687
      86       1.0550
      87       1.0929
      88       1.0808
      89       1.0055
      90       1.0122
      91       1.0640
      92       1.1069
      93       1.1551
      94       1.1235
      95       1.1519
      96       1.1085
      97       1.0563
      98       1.0072
      99       1.0698
     100       1.0527
     101       1.0340
     102       1.0279
     103       1.0255
     104       0.9613
     105       1.0107
     106       0.9774
     107       1.0157
     108       1.0694
     109       1.0797
     110       1.0883
     111       1.0855
     112       1.0001
     113       1.0190
     114       1.0702
     115       1.0666
     116       1.0186
     117       1.0690
     118       1.0665
     119       1.0779
     120       0.9662
     121       1.0374
     122       1.0661
     123       1.1555
     124       1.0518
     125       1.0089
     126       0.9797
     127       1.0372
     128       1.1250
     129       1.0315
     130       1.0991
     131       1.0297
     132       0.9870
     133       0.9615
     134       0.9772
     135       1.0509
     136       1.0845
     137       1.1225
     138       1.0499
     139       1.0980
     140       1.1366
     141       1.1185
     142       1.1089
     143       1.0889
     144       1.0953
     145       1.0225
     146       1.0698
     147       1.0705
     148       1.1095
     149       1.0806
     150       1.0300
     151       1.0667
     152       1.0966
     153       1.0171
     154       1.0343
     155       1.0293
     156       1.0706
     157       1.0358
     158       1.0841
     159       1.0566
     160       1.0904
     161       1.0860
     162       1.0495
     163       1.0679
     164       1.0557
     165       1.0578
     166       1.0190
     167       1.0015
     168       1.0045
     169       1.0002
     170       0.9859
     171       1.0096
     172       1.0273
     173       0.9261
     174       0.9352
     175       0.9937
     176       1.0412
     177       1.0426
     178       0.9853
     179       1.0902
     180       1.0393
     181       1.0276
     182       0.9328
     183       0.9446
     184       0.9769
     185       0.9681
     186       0.9106
     187       0.9800
     188       1.0375
     189       1.0930
     190       1.1177
     191       1.0413
     192       1.0004
     193       0.9881
     194       1.0237
     195       0.9743
     196       1.0554
     197       1.1114
     198       1.0161
     199       1.1043
     200       0.9895
     201       1.0235
     202       1.0363
     203       1.0544
     204       1.0542
     205       1.0491
     206       0.9893
     207       1.0211
     208       1.1376
     209       1.1260
     210       1.0798
     211       1.0287
     212       1.0755
     213       1.0336
     214       1.0867
     215       1.0881
     216       1.0711
     217       1.0432
     218       1.0704
     219       1.0427
     220       0.9182
     221       0.9592
     222       0.9933
     223       1.0189
     224       0.9823
     225       1.0883
     226       1.0494
     227       1.1285
     228       1.1023
     229       1.0854
     230       1.1476
     231       1.1016
     232       1.1578
     233       1.1673
     234       1.1462
     235       1.1983
     236       1.1702
     237       1.1176
     238       1.1555
     239       1.0424
     240       1.0809
     241       1.0757
     242       1.1131
     243       1.0231
     244       1.1749
     245       1.0833
     246       1.0797
     247       1.1403
     248       1.1117
     249       1.1170
     250       1.0947
     251       1.0454
     252       1.0999
     253       1.1382
     254       1.1742
     255       1.2124
     256       1.2373
     257       1.2203
     258       1.2122
     259       1.1203
     260       1.1330
     261       1.1427
     262       1.1543
     263       1.2370
     264       1.1947
     265       1.1861
     266       1.2359
     267       1.1786
     268       1.2067
     269       1.2654
     270       1.4042
     271       1.4091
     272       1.4208
     273       1.5026
     274       1.3577
     275       1.3172
     276       1.3349
     277       1.3413
     278       1.3571
     279       1.3217
     280       1.3024
     281       1.2225
     282       1.1696
     283       1.1721
     284       1.1779
     285       1.1641
     286       1.1817
     287       1.1901
     288       1.1419
     289       1.1569
     290       1.1643
     291       1.2111
     292       1.2062
     293       1.2051
     294       1.1575
     295       1.2241
     296       1.2464
     297       1.2681
     298       1.2516
     299       1.2566
     300       1.3039
     301       1.2512
     302       1.1991
     303       1.1345
     304       1.1707
     305       1.1418
     306       1.0993
     307       1.1381
     308       1.1935
     309       1.1701
     310       1.2469
     311       1.2583
     312       1.2673
     313       1.2576
     314       1.2370
     315       1.2212
     316       1.2715
     317       1.2374
     318       1.2550
     319       1.3280
     320       1.2818
     321       1.1418
     322       1.2144
     323       1.2200
     324       1.2890
     325       1.2928
     326       1.2975
     327       1.2350
     328       1.2119
     329       1.2479
     330       1.1938
     331       1.2349
     332       1.3313
     333       1.2182
     334       1.2519
     335       1.2614
     336       1.2767
     337       1.2240
     338       1.1382
     339       1.1975
     340       1.2015
     341       1.2516
     342       1.2515
     343       1.1633
     344       1.1746
     345       1.1360
     346       1.1316
     347       1.1115
     348       1.1113
     349       1.1099
     350       1.0907
     351       1.1259
     352       1.1898
     353       1.2092
     354       1.2321
     355       1.1362
     356       1.1832
     357       1.2415
     358       1.2216
     359       1.1506
     360       1.1229
     361       1.1274
     362       1.1521
     363       1.1032
     364       1.1652
     365       1.0617
     366       1.1326
     367       1.1502
     368       1.0951
     369       1.2378
     370       1.1557
     371       1.2705
     372       1.2944
     373       1.3554
     374       1.3673
     375       1.4708
     376       1.4099
     377       1.3992
     378       1.3188
     379       1.3661
     380       1.3356
     381       1.3147
     382       1.2546
     383       1.3539
     384       1.2970
     385       1.2484
     386       1.2038
     387       1.1989
     388       1.1826
     389       1.2238
     390       1.1535
     391       1.1710
     392       1.1614
     393       1.1416
     394       1.1279
     395       1.2100
     396       1.1635
     397       1.1818
     398       1.2040
     399       1.1611
     400       1.2455
     401       1.1710
     402       1.2050
     403       1.2441
     404       1.2579
     405       1.2682
     406       1.3285
     407       1.3092
     408       1.3588
     409       1.3935
     410       1.3808
     411       1.4993
     412       1.4110
     413       1.3306
     414       1.3473
     415       1.3719
     416       1.3641
     417       1.3582
     418       1.3909
     419       1.3226
     420       1.3128
     421       1.3519
     422       1.3659
     423       1.3667
     424       1.3009
     425       1.3017
     426       1.2986
     427       1.2942
     428       1.2732
     429       1.3192
     430       1.4181
     431       1.4907
     432       1.5253
     433       1.3891
     434       1.3129
     435       1.3214
     436       1.2763
     437       1.2117
     438       1.2346
     439       1.3369
     440       1.3631
     441       1.3758
     442       1.3983
     443       1.3938
     444       1.3369
     445       1.3944
     446       1.2820
     447       1.3790
     448       1.3015
     449       1.2873
     450       1.3273
     451       1.3089
     452       1.3642
     453       1.4220
     454       1.5046
     455       1.3681
     456       1.3246
     457       1.4067
     458       1.3769
     459       1.4065
     460       1.4015
     461       1.4138
     462       1.3427
     463       1.3386
     464       1.3636
     465       1.2734
     466       1.2646
     467       1.3230
     468       1.2694
     469       1.2816
     470       1.3141
     471       1.3175
     472       1.2779
     473       1.3643
     474       1.3126
     475       1.3198
     476       1.3694
     477       1.3614
     478       1.4620
     479       1.4910
     480       1.3520
     481       1.3324
     482       1.4284
     483       1.4898
     484       1.4830
     485       1.4815
     486       1.4588
     487       1.4203
     488       1.4396
     489       1.4231
     490       1.4139
     491       1.4152
     492       1.3579
     493       1.4504
     494       1.3028
     495       1.3335
     496       1.2559
     497       1.2693
     498       1.3116
     499       1.3865
     500       1.3203
     501       1.2374
     502       1.2638
     503       1.3051
     504       1.3104
     505       1.2213
     506       1.1558
     507       1.1587
     508       1.1890
     509       1.1487
     510       1.2089
     511       1.1999
     512       1.2390
     513       1.2510
     514       1.1976
     515       1.2079
     516       1.2400
     517       1.2284
     518       1.2078
     519       1.2285
     520       1.2126
     521       1.2207
     522       1.2479
     523       1.2690
     524       1.2339
     525       1.2704
     526       1.2391
     527       1.3047
     528       1.3452
     529       1.3418
     530       1.2689
     531       1.2334
     532       1.2505
     533       1.2920
     534       1.1981
     535       1.2269
     536       1.1839
     537       1.2186
     538       1.2454
     539       1.2679
     540       1.2878
     541       1.4663
     542       1.4789
     543       1.3984
     544       1.3470
     545       1.3087
     546       1.2626
     547       1.2069
     548       1.1606
     549       1.1537
     550       1.1329
     551       1.1756
     552       1.1627
     553       1.1564
     554       1.1891
     555       1.1449
     556       1.1298
     557       1.1974
     558       1.2071
     559       1.3258
     560       1.2544
     561       1.2841
     562       1.2497
     563       1.2341
     564       1.2366
     565       1.1988
     566       1.2885
     567       1.2477
     568       1.2997
     569       1.2784
     570       1.2889
     571       1.2442
     572       1.2362
     573       1.3316
     574       1.4217
     575       1.3180
     576       1.2985
     577       1.3496
     578       1.4060
     579       1.3173
     580       1.2433
     581       1.2742
     582       1.2475
     583       1.3376
     584       1.3241
     585       1.2366
     586       1.1768
     587       1.2651
     588       1.2607
     589       1.2338
     590       1.2056
     591       1.2668
     592       1.2651
     593       1.1929
     594       1.2131
     595       1.3227
     596       1.3734
     597       1.3389
     598       1.2892
     599       1.2970
     600       1.2205
     601       1.1807
     602       1.1829
     603       1.2212
     604       1.2176
     605       1.2526
     606       1.2483
     607       1.2961
     608       1.2257
     609       1.2089
     610       1.1589
     611       1.1072
     612       1.2112
     613       1.1707
     614       1.1638
     615       1.1834
     616       1.1436
     617       1.2159
     618       1.2008
     619       1.1925
     620       1.1833
     621       1.1654
     622       1.2675
     623       1.2586
     624       1.2464
     625       1.1735
     626       1.2103
     627       1.2630
     628       1.2696
     629       1.3346
     630       1.3127
     631       1.2797
     632       1.3461
     633       1.2921
     634       1.3676
     635       1.3410
     636       1.2311
     637       1.2423
     638       1.1822
     639       1.2503
     640       1.1887
     641       1.1837
     642       1.2140
     643       1.1902
     644       1.1824
     645       1.1789
     646       1.2031
     647       1.3107
     648       1.2395
     649       1.2200
     650       1.2038
     651       1.2573
     652       1.2556
     653       1.2467
     654       1.1993
     655       1.2300
     656       1.2225
     657       1.2935
     658       1.3462
     659       1.3677
     660       1.2587
     661       1.2704
     662       1.3592
     663       1.4323
     664       1.4162
     665       1.4219
     666       1.3241
     667       1.2109
     668       1.3337
     669       1.2553
     670       1.2307
     671       1.2118
     672       1.1712
     673       1.1259
     674       1.2092
     675       1.2107
     676       1.1673
     677       1.1113
     678       1.1412
     679       1.2099
     680       1.2171
     681       1.2147
     682       1.2825
     683       1.2940
     684       1.3166
     685       1.2388
     686       1.1603
     687       1.1203
     688       1.1232
     689       1.1201
     690       1.1665
     691       1.2570
     692       1.2638
     693       1.2770
     694       1.3340
     695       1.3194
     696       1.3132
     697       1.2248
     698       1.2236
     699       1.1507
     700       1.1103
     701       1.1477
     702       1.1767
     703       1.1217
     704       1.0866
     705       1.0378
     706       1.0967
     707       1.1331
     708       1.1174
     709       1.1573
     710       1.1445
     711       1.1243
     712       1.0725
     713       1.0728
     714       1.1197
     715       1.0616
     716       1.1102
     717       1.1297
     718       1.0685
     719       1.0866
     720       1.1137
     721       1.0666
     722       1.0980
     723       1.1217
     724       1.1351
     725       1.0293
     726       1.1009
     727       1.0821
     728       1.1471
     729       1.0963
     730       1.1231
     731       1.1107
     732       1.1096
     733       1.1590
     734       1.1591
     735       1.1595
     736       1.0819
     737       1.0506
     738       1.0720
     739       1.1134
     740       1.1410
     741       1.1395
     742       1.0661
     743       1.1202
     744       1.1524
     745       1.1648
     746       1.1165
     747       1.1199
     748       1.1258
     749       1.2726
     750       1.2049
     751       1.2471
     752       1.1829
     753       1.1304
     754       1.2020
     755       1.1341
     756       1.1902
     757       1.1284
     758       1.2149
     759       1.2340
     760       1.3230
     761       1.2358
     762       1.2808
     763       1.2980
     764       1.2317
     765       1.2043
     766       1.2405
     767       1.1650
     768       1.2163
     769       1.2526
     770       1.2093
     771       1.2066
     772       1.1023
     773       1.1347
     774       1.1868
     775       1.1881
     776       1.2088
     777       1.1930
     778       1.2260
     779       1.1378
     780       1.1115
     781       1.1596
     782       1.1502
     783       1.1678
     784       1.1831
     785       1.1478
     786       1.1797
     787       1.2575
     788       1.2362
     789       1.1682
     790       1.1561
     791       1.1830
     792       1.0820
     793       1.0581
     794       1.0805
     795       1.0480
     796       1.0711
     797       1.0956
     798       1.1549
     799       1.1484
     800       1.1714
     801       1.1525
     802       1.0520
     803       1.0865
     804       1.1069
     805       1.0764
     806       1.0658
     807       1.0932
     808       1.1213
     809       1.0513
     810       1.0656
     811       1.0955
     812       1.1206
     813       1.1223
     814       1.1212
     815       1.2036
     816       1.2094
     817       1.3146
     818       1.3377
     819       1.2574
     820       1.2583
     821       1.2159
     822       1.2287
     823       1.2662
     824       1.2679
     825       1.2148
     826       1.2788
     827       1.1921
     828       1.2480
     829       1.3141
     830       1.2646
     831       1.2034
     832       1.2325
     833       1.1548
     834       1.1613
     835       1.1446
     836       1.1859
     837       1.1624
     838       1.1008
     839       1.0944
     840       1.1158
     841       1.0766
     842       1.1416
     843       1.1562
     844       1.1650
     845       1.1441
     846       1.1705
     847       1.1882
     848       1.2082
     849       1.1735
     850       1.1269
     851       1.2386
     852       1.2500
     853       1.2819
     854       1.2249
     855       1.2787
     856       1.2473
     857       1.1714
     858       1.2336
     859       1.2131
     860       1.2468
     861       1.2037
     862       1.1444
     863       1.1382
     864       1.1586
     865       1.1444
     866       1.1993
     867       1.2775
     868       1.1824
     869       1.1509
     870       1.0930
     871       1.1813
     872       1.1939
     873       1.2145
     874       1.1738
     875       1.1661
     876       1.2219
     877       1.2342
     878       1.1762
     879       1.1803
     880       1.1771
     881       1.2175
     882       1.2275
     883       1.1712
     884       1.2555
     885       1.2153
     886       1.2281
     887       1.1972
     888       1.1756
     889       1.1884
     890       1.1266
     891       1.1773
     892       1.1264
     893       1.1454
     894       1.1043
     895       1.0711
     896       1.1269
     897       1.1287
     898       1.1270
     899       1.1074
     900       1.0401
     901       1.0543
     902       1.0406
     903       1.1089
     904       1.1373
     905       1.1134
     906       1.1036
     907       1.2117
     908       1.2195
     909       1.0821
     910       1.1125
     911       1.1213
     912       1.1304
     913       1.1864
     914       1.2054
     915       1.1316
     916       1.1191
     917       1.1351
     918       1.1470
     919       1.1650
     920       1.2112
     921       1.1831
     922       1.1991
     923       1.2377
     924       1.1756
     925       1.2076
     926       1.2075
     927       1.1637
     928       1.1496
     929       1.1171
     930       1.1638
     931       1.1081
     932       1.2039
     933       1.1380
     934       1.2033
     935       1.1514
     936       1.1043
     937       1.0635
     938       1.0932
     939       1.1193
     940       1.1848
     941       1.1867
     942       1.1172
     943       1.1326
     944       1.1033
     945       1.0283
     946       1.0893
     947       1.0421
     948       1.0629
     949       1.0846
     950       1.0902
     951       1.1256
     952       1.0912
     953       1.0817
     954       1.0714
     955       1.0946
     956       1.0697
     957       1.0977
     958       1.0707
     959       1.0473
     960       1.1209
     961       1.1130
     962       1.0743
     963       1.1088
     964       1.1289
     965       1.1056
     966       1.1102
     967       1.0794
     968       1.0563
     969       1.0674
     970       1.0367
     971       1.0159
     972       1.0636
     973       1.1454
     974       1.1664
     975       1.1461
     976       1.0702
     977       1.0685
     978       1.0948
     979       1.1206
     980       1.1989
     981       1.2110
     982       1.2507
     983       1.2828
     984       1.2233
     985       1.2728
     986       1.2525
     987       1.1803
     988       1.1547
     989       1.2066
     990       1.1897
     991       1.1594
     992       1.1863
     993       1.1694
     994       1.2466
     995       1.1762
     996       1.2284
     997       1.2141
     998       1.1949
     999       1.1467
    1000       1.1866
    1001       1.2265
    1002       1.2029
    1003       1.2111
    1004       1.2569
    1005       1.4058
    1006       1.3842
    1007       1.3705
    1008       1.3627
    1009       1.2912
    1010       1.3128
    1011       1.2851
    1012       1.2371
    1013       1.2102
    1014       1.1647
    1015       1.1453
    1016       1.1518
    1017       1.1186
    1018       1.1375
    1019       1.2151
    1020       1.2023
    1021       1.2022
    1022       1.1395
    1023       1.1415
    1024       1.1428
    1025       1.1201
    1026       1.1252
    1027       1.1104
    1028       1.1112
    1029       1.1454
    1030       1.0930
    1031       1.1376
    1032       1.1206
    1033       1.1814
    1034       1.2179
    1035       1.2551
    1036       1.2311
    1037       1.1845
    1038       1.2320
    1039       1.2233
    1040       1.2002
    1041       1.2930
    1042       1.2270
    1043       1.2210
    1044       1.2616
    1045       1.2184
    1046       1.2453
    1047       1.2036
    1048       1.2999
    1049       1.2190
    1050       1.2938
    1051       1.3154
    1052       1.2591
    1053       1.2158
    1054       1.1667
    1055       1.2603
    1056       1.1990
    1057       1.2636
    1058       1.3317
    1059       1.2992
    1060       1.3109
    1061       1.3269
    1062       1.2623
    1063       1.1920
    1064       1.2727
    1065       1.3360
    1066       1.2489
    1067       1.2371
    1068       1.1898
    1069       1.1917
    1070       1.2177
    1071       1.2316
    1072       1.2539
    1073       1.2755
    1074       1.2416
    1075       1.2485
    1076       1.2100
    1077       1.2887
    1078       1.2463
    1079       1.1960
    1080       1.1895
    1081       1.2555
    1082       1.4194
    1083       1.3975
    1084       1.3657
    1085       1.2701
    1086       1.2599
    1087       1.1660
    1088       1.2246
    1089       1.2390
    1090       1.2381
    1091       1.2524
    1092       1.2687
    1093       1.1861
    1094       1.2343
    1095       1.1822
    1096       1.2399
    1097       1.2574
    1098       1.1885
    1099       1.2462
    1100       1.2629
    1101       1.2627
    1102       1.2511
    1103       1.2238
    1104       1.2522
    1105       1.2132
    1106       1.2476
    1107       1.2493
    1108       1.1813
    1109       1.1753
    1110       1.1449
    1111       1.1226
    1112       1.1654
    1113       1.2632
    1114       1.2926
    1115       1.3172
    1116       1.2897
    1117       1.2393
    1118       1.2584
    1119       1.2518
    1120       1.3157
    1121       1.3608
    1122       1.2867
    1123       1.2694
    1124       1.2290
    1125       1.2479
    1126       1.2865
    1127       1.2570
    1128       1.2038
    1129       1.1962
    1130       1.2375
    1131       1.2994
    1132       1.3236
    1133       1.3027
    1134       1.2498
    1135       1.3348
    1136       1.3027
    1137       1.3792
    1138       1.3849
    1139       1.3601
    1140       1.3587
    1141       1.3227
    1142       1.3314
    1143       1.4344
    1144       1.3938
    1145       1.3215
    1146       1.3431
    1147       1.2924
    1148       1.3384
    1149       1.4001
    1150       1.3948
    1151       1.4148
    1152       1.3089
    1153       1.3837
    1154       1.3734
    1155       1.3736
    1156       1.2753
    1157       1.2800
    1158       1.2414
    1159       1.2102
    1160       1.1436
    1161       1.2256
    1162       1.2216
    1163       1.2289
    1164       1.2019
    1165       1.1829
    1166       1.1921
    1167       1.1968
    1168       1.1098
    1169       1.1940
    1170       1.1902
    1171       1.2640
    1172       1.2700
    1173       1.3405
    1174       1.3080
    1175       1.3301
    1176       1.2389
    1177       1.2896
    1178       1.2358
    1179       1.3025
    1180       1.3411
    1181       1.2965
    1182       1.2764
    1183       1.2459
    1184       1.2279
    1185       1.1832
    1186       1.1827
    1187       1.2560
    1188       1.2735
    1189       1.2692
    1190       1.2813
    1191       1.2791
    1192       1.2900
    1193       1.2467
    1194       1.2676
    1195       1.3256
    1196       1.2639
    1197       1.2726
    1198       1.3696
    1199       1.3558
    1200       1.3209
    1201       1.3990
    1202       1.3754
    1203       1.3253
    1204       1.2848
    1205       1.2410
    1206       1.2536
    1207       1.2592
    1208       1.2712
    1209       1.2739
    1210       1.2297
    1211       1.2274
    1212       1.2414
    1213       1.2046
    1214       1.1782
    1215       1.1961
    1216       1.2444
    1217       1.1846
    1218       1.2444
    1219       1.2388
    1220       1.2748
    1221       1.2648
    1222       1.2784
    1223       1.3168
    1224       1.3282
    1225       1.2742
    1226       1.2174
    1227       1.2035
    1228       1.2530
    1229       1.2101
    1230       1.2322
    1231       1.1523
    1232       1.1828
    1233       1.2157
    1234       1.2401
    1235       1.2206
    1236       1.2095
    1237       1.2277
    1238       1.2100
    1239       1.1891
    1240       1.1764
    1241       1.2398
    1242       1.2448
    1243       1.3221
    1244       1.2810
    1245       1.2796
    1246       1.2455
    1247       1.2556
    1248       1.2672
    1249       1.2969
    1250       1.2606
    1251       1.2850
    1252       1.3737
    1253       1.2461
    1254       1.4006
    1255       1.3692
    1256       1.2953
    1257       1.3739
    1258       1.3059
    1259       1.3033
    1260       1.2768
    1261       1.3534
    1262       1.3855
    1263       1.2743
    1264       1.2810
    1265       1.3003
    1266       1.2922
    1267       1.3567
    1268       1.3438
    1269       1.2805
    1270       1.2465
    1271       1.2363
    1272       1.3205
    1273       1.3007
    1274       1.2796
    1275       1.2017
    1276       1.2316
    1277       1.2521
    1278       1.2468
    1279       1.3138
    1280       1.3576
    1281       1.3549
    1282       1.2977
    1283       1.2886
    1284       1.2948
    1285       1.3355
    1286       1.2748
    1287       1.2819
    1288       1.2701
    1289       1.2545
    1290       1.3398
    1291       1.3233
    1292       1.3077
    1293       1.3581
    1294       1.3634
    1295       1.3519
    1296       1.3219
    1297       1.3502
    1298       1.3472
    1299       1.3731
    1300       1.3878
    1301       1.3684
    1302       1.4125
    1303       1.3982
    1304       1.3056
    1305       1.3507
    1306       1.2406
    1307       1.2315
    1308       1.2771
    1309       1.3169
    1310       1.2571
    1311       1.2597
    1312       1.2509
    1313       1.3131
    1314       1.3073
    1315       1.3485
    1316       1.3586
    1317       1.3143
    1318       1.3309
    1319       1.3647
    1320       1.4347
    1321       1.3592
    1322       1.3886
    1323       1.2896
    1324       1.2405
    1325       1.2549
    1326       1.2310
    1327       1.2661
    1328       1.3223
    1329       1.3325
    1330       1.3180
    1331       1.3025
    1332       1.2814
    1333       1.3091
    1334       1.3173
    1335       1.3463
    1336       1.3352
    1337       1.3051
    1338       1.3874
    1339       1.4090
    1340       1.4215
    1341       1.3667
    1342       1.4078
    1343       1.3543
    1344       1.2849
    1345       1.3397
    1346       1.3418
    1347       1.3315
    1348       1.3483
    1349       1.2885
    1350       1.3148
    1351       1.3367
    1352       1.3137
    1353       1.3088
    1354       1.2487
    1355       1.2309
    1356       1.2962
    1357       1.3332
    1358       1.3690
    1359       1.4081
    1360       1.4420
    1361       1.4542
    1362       1.5098
    1363       1.3944
    1364       1.3812
    1365       1.3465
    1366       1.3516
    1367       1.3341
    1368       1.3803
    1369       1.3379
    1370       1.3034
    1371       1.3421
    1372       1.2901
    1373       1.3196
    1374       1.2805
    1375       1.2802
    1376       1.3499
    1377       1.3939
    1378       1.3136
    1379       1.3562
    1380       1.3864
    1381       1.3914
    1382       1.2940
    1383       1.3043
    1384       1.3265
    1385       1.3344
    1386       1.3222
    1387       1.3895
    1388       1.3757
    1389       1.3445
    1390       1.3609
    1391       1.3581
    1392       1.3397
    1393       1.3425
    1394       1.3616
    1395       1.3294
    1396       1.3876
    1397       1.3310
    1398       1.3804
    1399       1.3443
    1400       1.2853
    1401       1.2929
    1402       1.3385
    1403       1.3845
    1404       1.3003
    1405       1.3719
    1406       1.4063
    1407       1.3520
    1408       1.4190
    1409       1.4291
    1410       1.3482
    1411       1.3517
    1412       1.3535
    1413       1.3344
    1414       1.3204
    1415       1.2995
    1416       1.3441
    1417       1.2342
    1418       1.2718
    1419       1.3113
    1420       1.3850
    1421       1.3911
    1422       1.3433
    1423       1.3166
    1424       1.3682
    1425       1.3361
    1426       1.3456
    1427       1.3352
    1428       1.3369
    1429       1.4499
    1430       1.4309
    1431       1.3266
    1432       1.3857
    1433       1.3511
    1434       1.3592
    1435       1.3388
    1436       1.3613
    1437       1.3497
    1438       1.3868
    1439       1.3966
    1440       1.4257
    1441       1.4211
    1442       1.4294
    1443       1.3894
    1444       1.3801
    1445       1.4212
    1446       1.4307
    1447       1.4179
    1448       1.4573
    1449       1.5074
    1450       1.4222
    1451       1.4181
    1452       1.4278
    1453       1.4475
    1454       1.3833
    1455       1.4167
    1456       1.3872
    1457       1.3762
    1458       1.3747
    1459       1.3910
    1460       1.3977
    1461       1.3728
    1462       1.3955
    1463       1.3502
    1464       1.3803
    1465       1.4027
    1466       1.3087
    1467       1.3440
    1468       1.3898
    1469       1.4512
    1470       1.3826
    1471       1.4176
    1472       1.3874
    1473       1.4563
    1474       1.3649
    1475       1.3566
    1476       1.4071
    1477       1.4206
    1478       1.4231
    1479       1.3630
    1480       1.3757
    1481       1.3557
    1482       1.4195
    1483       1.3612
    1484       1.3300
    1485       1.3669
    1486       1.4335
    1487       1.4090
    1488       1.4086
    1489       1.4903
    1490       1.4723
    1491       1.5481
    1492       1.5257
    1493       1.4803
    1494       1.4904
    1495       1.3784
    1496       1.4720
    1497       1.4434
    1498       1.4535
    1499       1.4550
    1500       1.4812
    1501       1.4363
    1502       1.4693
    1503       1.4587
    1504       1.4163
    1505       1.4399
    1506       1.4224
    1507       1.3597
    1508       1.3563
    1509       1.3436
    1510       1.4233
    1511       1.3437
    1512       1.3534
    1513       1.3715
    1514       1.3242
    1515       1.4088
    1516       1.3798
    1517       1.4003
    1518       1.4614
    1519       1.4250
    1520       1.5199
    1521       1.4942
    1522       1.4575
    1523       1.4450
    1524       1.4699
    1525       1.3996
    1526       1.4285
    1527       1.4545
    1528       1.5110
    1529       1.4701
    1530       1.4866
    1531       1.4249
    1532       1.4237
    1533       1.4266
    1534       1.4124
    1535       1.3255
    1536       1.4449
    1537       1.4230
    1538       1.4201
    1539       1.4400
    1540       1.3825
    1541       1.4509
    1542       1.4427
    1543       1.4572
    1544       1.4817
    1545       1.4459
    1546       1.5015
    1547       1.4990
    1548       1.4859
    1549       1.4904
    1550       1.3946
    1551       1.4441
    1552       1.4365
    1553       1.4545
    1554       1.4664
    1555       1.4033
    1556       1.4126
    1557       1.4024
    1558       1.4189
    1559       1.4055
    1560       1.3778
    1561       1.4261
    1562       1.4424
    1563       1.5707
    1564       1.4934
    1565       1.4641
    1566       1.4801
    1567       1.4648
    1568       1.4340
    1569       1.3738
    1570       1.4001
    1571       1.3484
    1572       1.3369
    1573       1.3460
    1574       1.5362
    1575       1.4101
    1576       1.4736
    1577       1.3791
    1578       1.4407
    1579       1.3856
    1580       1.4689
    1581       1.4117
    1582       1.3530
    1583       1.3446
    1584       1.2896
    1585       1.4202
    1586       1.4068
    1587       1.3838
    1588       1.3860
    1589       1.4453
    1590       1.4410
    1591       1.4087
    1592       1.3641
    1593       1.3138
    1594       1.3430
    1595       1.3569
    1596       1.3930
    1597       1.5072
    1598       1.4288
    1599       1.3853
    1600       1.3747
    1601       1.3584
    1602       1.3384
    1603       1.3273
    1604       1.3488
    1605       1.3995
    1606       1.3910
    1607       1.4131
    1608       1.3797
    1609       1.4075
    1610       1.4013
    1611       1.3961
    1612       1.3677
    1613       1.3807
    1614       1.4360
    1615       1.4307
    1616       1.4776
    1617       1.4782
    1618       1.4869
    1619       1.5558
    1620       1.4885
    1621       1.5862
    1622       1.5099
    1623       1.6230
    1624       1.6669
    1625       1.6264
    1626       1.6101
    1627       1.6146
    1628       1.5797
    1629       1.5620
    1630       1.6258
    1631       1.6615
    1632       1.6237
    1633       1.5734
    1634       1.5645
    1635       1.6101
    1636       1.6042
    1637       1.5648
    1638       1.5605
    1639       1.4955
    1640       1.5133
    1641       1.5036
    1642       1.5775
    1643       1.5068
    1644       1.4773
    1645       1.4833
    1646       1.4377
    1647       1.4571
    1648       1.4324
    1649       1.3916
    1650       1.4082
    1651       1.4095
    1652       1.4392
    1653       1.3913
    1654       1.4206
    1655       1.4349
    1656       1.3926
    1657       1.3800
    1658       1.4495
    1659       1.4309
    1660       1.4850
    1661       1.4289
    1662       1.4537
    1663       1.4601
    1664       1.4991
    1665       1.4454
    1666       1.4242
    1667       1.4295
    1668       1.4084
    1669       1.4646
    1670       1.4704
    1671       1.6076
    1672       1.5740
    1673       1.5487
    1674       1.5856
    1675       1.5571
    1676       1.5807
    1677       1.5804
    1678       1.6135
    1679       1.5462
    1680       1.4918
    1681       1.5141
    1682       1.6269
    1683       1.6201
    1684       1.5915
    1685       1.6163
    1686       1.5898
    1687       1.5519
    1688       1.4851
    1689       1.5303
    1690       1.5297
    1691       1.4351
    1692       1.4128
    1693       1.3577
    1694       1.3234
    1695       1.4608
    1696       1.4625
    1697       1.5135
    1698       1.4993
    1699       1.5126
    1700       1.4387
    1701       1.4398
    1702       1.4275
    1703       1.4163
    1704       1.4733
    1705       1.5098
    1706       1.4525
    1707       1.4935
    1708       1.4737
    1709       1.4859
    1710       1.4602
    1711       1.4765
    1712       1.4980
    1713       1.5261
    1714       1.4883
    1715       1.5643
    1716       1.5580
    1717       1.4890
    1718       1.5689
    1719       1.5756
    1720       1.4966
    1721       1.4362
    1722       1.4047
    1723       1.4582
    1724       1.4012
    1725       1.3969
    1726       1.3726
    1727       1.4536
    1728       1.3923
    1729       1.3797
    1730       1.3866
    1731       1.3919
    1732       1.3697
    1733       1.4631
    1734       1.4571
    1735       1.4243
    1736       1.5025
    1737       1.4046
    1738       1.4603
    1739       1.4393
    1740       1.5584
    1741       1.5153
    1742       1.5870
    1743       1.5139
    1744       1.5081
    1745       1.5395
    1746       1.5717
    1747       1.5028
    1748       1.4650
    1749       1.4355
    1750       1.4055
    1751       1.5284
    1752       1.4028
    1753       1.4476
    1754       1.4519
    1755       1.3856
    1756       1.3740
    1757       1.4553
    1758       1.4074
    1759       1.5099
    1760       1.4496
    1761       1.4743
    1762       1.4275
    1763       1.3868
    1764       1.4356
    1765       1.4626
    1766       1.3976
    1767       1.3986
    1768       1.3789
    1769       1.4125
    1770       1.4436
    1771       1.4560
    1772       1.4333
    1773       1.4097
    1774       1.3864
    1775       1.3583
    1776       1.4392
    1777       1.4921
    1778       1.5014
    1779       1.4821
    1780       1.4229
    1781       1.4187
    1782       1.4527
    1783       1.4126
    1784       1.3704
    1785       1.3746
    1786       1.3538
    1787       1.3352
    1788       1.3217
    1789       1.3194
    1790       1.3331
    1791       1.3815
    1792       1.3381
    1793       1.3445
    1794       1.3923
    1795       1.4269
    1796       1.4093
    1797       1.3599
    1798       1.3517
    1799       1.3228
    1800       1.3896
    1801       1.3601
    1802       1.4757
    1803       1.3782
    1804       1.3782
    1805       1.4012
    1806       1.3526
    1807       1.3290
    1808       1.3134
    1809       1.3551
    1810       1.2729
    1811       1.2826
    1812       1.2931
    1813       1.3077
    1814       1.3695
    1815       1.3249
    1816       1.3595
    1817       1.3040
    1818       1.2997
    1819       1.3123
    1820       1.4216
    1821       1.4107
    1822       1.5185
    1823       1.4887
    1824       1.4742
    1825       1.4686
    1826       1.4642
    1827       1.3866
    1828       1.4137
    1829       1.4202
    1830       1.4209
    1831       1.4519
    1832       1.4312
    1833       1.3991
    1834       1.3290
    1835       1.3753
    1836       1.3728
    1837       1.3984
    1838       1.3419
    1839       1.3379
    1840       1.3653
    1841       1.3465
    1842       1.3611
    1843       1.3382
    1844       1.4029
    1845       1.4225
    1846       1.4581
    1847       1.4412
    1848       1.4442
    1849       1.4567
    1850       1.4484
    1851       1.3777
    1852       1.4208
    1853       1.3133
    1854       1.3515
    1855       1.4274
    1856       1.3599
    1857       1.4546
    1858       1.4606
    1859       1.4877
    1860       1.4573
    1861       1.4696
    1862       1.5045
    1863       1.4926
    1864       1.4263
    1865       1.4231
    1866       1.4264
    1867       1.3454
    1868       1.3735
    1869       1.4070
    1870       1.3386
    1871       1.3841
    1872       1.4321
    1873       1.5162
    1874       1.4963
    1875       1.4490
    1876       1.3810
    1877       1.4199
    1878       1.3911
    1879       1.3734
    1880       1.3524
    1881       1.3662
    1882       1.3479
    1883       1.3467
    1884       1.3546
    1885       1.3539
    1886       1.3906
    1887       1.3395
    1888       1.3500
    1889       1.3757
    1890       1.3086
    1891       1.3248
    1892       1.3336
    1893       1.3239
    1894       1.3214
    1895       1.3235
    1896       1.3164
    1897       1.3646
    1898       1.3957
    1899       1.3598
    1900       1.3233
    1901       1.3799
    1902       1.3484
    1903       1.3310
    1904       1.3871
    1905       1.3809
    1906       1.3404
    1907       1.3705
    1908       1.3633
    1909       1.4087
    1910       1.4017
    1911       1.3967
    1912       1.3201
    1913       1.4003
    1914       1.3916
    1915       1.3403
    1916       1.3928
    1917       1.4637
    1918       1.4111
    1919       1.4186
    1920       1.3807
    1921       1.3218
    1922       1.3997
    1923       1.4352
    1924       1.3887
    1925       1.3589
    1926       1.3499
    1927       1.3610
    1928       1.4259
    1929       1.4610
    1930       1.4279
    1931       1.4589
    1932       1.4502
    1933       1.4557
    1934       1.4386
    1935       1.4641
    1936       1.3961
    1937       1.4324
    1938       1.4082
    1939       1.3382
    1940       1.4320
    1941       1.3912
    1942       1.3696
    1943       1.4169
    1944       1.3807
    1945       1.3517
    1946       1.4897
    1947       1.3907
    1948       1.3714
    1949       1.3852
    1950       1.4112
    1951       1.4140
    1952       1.4831
    1953       1.4705
    1954       1.5521
    1955       1.4888
    1956       1.4740
    1957       1.5111
    1958       1.5097
    1959       1.4595
    1960       1.4559
    1961       1.4706
    1962       1.5523
    1963       1.6203
    1964       1.5194
    1965       1.4907
    1966       1.4736
    1967       1.4691
    1968       1.5686
    1969       1.5423
    1970       1.4506
    1971       1.5156
    1972       1.5199
    1973       1.4406
    1974       1.4763
    1975       1.5078
    1976       1.5478
    1977       1.4812
    1978       1.5156
    1979       1.5005
    1980       1.4765
    1981       1.4963
    1982       1.4581
    1983       1.4540
    1984       1.4285
    1985       1.4054
    1986       1.4193
    1987       1.4355
    1988       1.4328
    1989       1.3705
    1990       1.3544
    1991       1.4178
    1992       1.3289
    1993       1.3900
    1994       1.3940
    1995       1.4622
    1996       1.4154
    1997       1.4024
    1998       1.3733
    1999       1.4247
    2000       1.4910
    2001       1.4371
    2002       1.4363
    2003       1.4535
    2004       1.4412
    2005       1.4767
    2006       1.4641
    2007       1.4119
    2008       1.4218
    2009       1.4149
    2010       1.4808
    2011       1.4917
    2012       1.4215
    2013       1.4647
    2014       1.5042
    2015       1.4749
    2016       1.4278
    2017       1.4791
    2018       1.4004
    2019       1.4347
    2020       1.4663
    2021       1.5407
    2022       1.4440
    2023       1.5016
    2024       1.4883
    2025       1.4727
    2026       1.4284
    2027       1.4597
    2028       1.4998
    2029       1.5001
    2030       1.5164
    2031       1.5612
    2032       1.6053
    2033       1.5550
    2034       1.5705
    2035       1.4276
    2036       1.4416
    2037       1.4932
    2038       1.4219
    2039       1.4880
    2040       1.5096
    2041       1.4160
    2042       1.4291
    2043       1.4389
    2044       1.4799
    2045       1.4770
    2046       1.4333
    2047       1.4561
    2048       1.5087
    2049       1.4663
    2050       1.4271
    2051       1.4453
    2052       1.4307
    2053       1.4983
    2054       1.4957
    2055       1.4736
    2056       1.4066
    2057       1.4282
    2058       1.4823
    2059       1.4308
    2060       1.4693
    2061       1.4893
    2062       1.4614
    2063       1.4642
    2064       1.4949
    2065       1.4591
    2066       1.5081
    2067       1.4568
    2068       1.5128
    2069       1.4432
    2070       1.4558
    2071       1.4719
    2072       1.4166
    2073       1.3928
    2074       1.4521
    2075       1.4430
    2076       1.4375
    2077       1.4185
    2078       1.4211
    2079       1.4419
    2080       1.4207
    2081       1.4377
    2082       1.4444
    2083       1.4341
    2084       1.4829
    2085       1.4266
    2086       1.4576
    2087       1.4653
    2088       1.4621
    2089       1.4286
    2090       1.4483
    2091       1.4754
    2092       1.4426
    2093       1.4924
    2094       1.4260
    2095       1.4541
    2096       1.4511
    2097       1.4524
    2098       1.4345
    2099       1.4835
    2100       1.4897
    2101       1.4319
    2102       1.4286
    2103       1.4726
    2104       1.4625
    2105       1.4442
    2106       1.4305
    2107       1.3555
    2108       1.3755
    2109       1.4313
    2110       1.3874
    2111       1.4330
    2112       1.3941
    2113       1.4239
    2114       1.4047
    2115       1.3998
    2116       1.4428
    2117       1.4566
    2118       1.5094
    2119       1.4514
    2120       1.4365
    2121       1.4234
    2122       1.4748
    2123       1.4678
    2124       1.3939
    2125       1.3888
    2126       1.4022
    2127       1.4036
    2128       1.4889
    2129       1.4394
    2130       1.3645
    2131       1.3753
    2132       1.3913
    2133       1.4993
    2134       1.4549
    2135       1.4176
    2136       1.3700
    2137       1.4163
    2138       1.4679
    2139       1.4382
    2140       1.5028
    2141       1.3947
    2142       1.3997
    2143       1.4367
    2144       1.4694
    2145       1.4188
    2146       1.4576
    2147       1.4197
    2148       1.4252
    2149       1.4338
    2150       1.4246
    2151       1.3879
    2152       1.4379
    2153       1.5497
    2154       1.4643
    2155       1.4373
    2156       1.4747
    2157       1.4180
    2158       1.4518
    2159       1.4286
    2160       1.4169
    2161       1.4561
    2162       1.4696
    2163       1.5097
    2164       1.4299
    2165       1.4626
    2166       1.3743
    2167       1.4470
    2168       1.5582
    2169       1.5079
    2170       1.5361
    2171       1.5646
    2172       1.5929
    2173       1.6638
    2174       1.5583
    2175       1.5004
    2176       1.5975
    2177       1.6346
    2178       1.5975
    2179       1.5672
    2180       1.4930
    2181       1.4920
    2182       1.5364
    2183       1.5633
    2184       1.4825
    2185       1.4365
    2186       1.4592
    2187       1.4192
    2188       1.5051
    2189       1.5386
    2190       1.4913
    2191       1.5339
    2192       1.5180
    2193       1.4686
    2194       1.4768
    2195       1.4190
    2196       1.5266
    2197       1.5957
    2198       1.5320
    2199       1.5700
    2200       1.5765
    2201       1.5437
    2202       1.5087
    2203       1.4325
    2204       1.4057
    2205       1.3735
    2206       1.3168
    2207       1.3374
    2208       1.3228
    2209       1.3089
    2210       1.3408
    2211       1.3644
    2212       1.3317
    2213       1.3374
    2214       1.2681
    2215       1.3652
    2216       1.4308
    2217       1.4593
    2218       1.4500
    2219       1.4020
    2220       1.4140
    2221       1.4833
    2222       1.4395
    2223       1.4209
    2224       1.4689
    2225       1.4390
    2226       1.4095
    2227       1.4273
    2228       1.3641
    2229       1.4851
    2230       1.4529
    2231       1.4578
    2232       1.4537
    2233       1.4166
    2234       1.4416
    2235       1.4030
    2236       1.4262
    2237       1.5113
    2238       1.4567
    2239       1.4290
    2240       1.4782
    2241       1.4226
    2242       1.3915
    2243       1.3402
    2244       1.4066
    2245       1.3747
    2246       1.3266
    2247       1.3088
    2248       1.3658
    2249       1.3715
    2250       1.3075
    2251       1.3090
    2252       1.3294
    2253       1.3550
    2254       1.3934
    2255       1.4458
    2256       1.4260
    2257       1.4846
    2258       1.5128
    2259       1.5043
    2260       1.4504
    2261       1.4916
    2262       1.4328
    2263       1.4356
    2264       1.4112
    2265       1.3123
    2266       1.3448
    2267       1.4143
    2268       1.3632
    2269       1.3217
    2270       1.3070
    2271       1.3036
    2272       1.3011
    2273       1.3368
    2274       1.3846
    2275       1.4236
    2276       1.3933
    2277       1.3854
    2278       1.4236
    2279       1.3795
    2280       1.4441
    2281       1.3804
    2282       1.4437
    2283       1.4027
    2284       1.4096
    2285       1.3735
    2286       1.4030
    2287       1.3721
    2288       1.3571
    2289       1.4020
    2290       1.3684
    2291       1.3281
    2292       1.3481
    2293       1.4135
    2294       1.2989
    2295       1.2694
    2296       1.2706
    2297       1.2596
    2298       1.2924
    2299       1.3035
    2300       1.3469
    2301       1.3804
    2302       1.3966
    2303       1.3736
    2304       1.3764
    2305       1.3323
    2306       1.3018
    2307       1.3332
    2308       1.3615
    2309       1.3400
    2310       1.3788
    2311       1.3239
    2312       1.3455
    2313       1.3703
    2314       1.3987
    2315       1.3467
    2316       1.3373
    2317       1.3941
    2318       1.3281
    2319       1.4181
    2320       1.4484
    2321       1.4006
    2322       1.3799
    2323       1.3614
    2324       1.3857
    2325       1.3451
    2326       1.3619
    2327       1.3625
    2328       1.3056
    2329       1.4097
    2330       1.3720
    2331       1.4300
    2332       1.4141
    2333       1.3881
    2334       1.4388
    2335       1.4708
    2336       1.4571
    2337       1.4700
    2338       1.4928
    2339       1.4539
    2340       1.4925
    2341       1.5129
    2342       1.4967
    2343       1.4502
    2344       1.3961
    2345       1.3760
    2346       1.4982
    2347       1.4439
    2348       1.4395
    2349       1.4918
    2350       1.4950
    2351       1.4802
    2352       1.5293
    2353       1.5498
    2354       1.4927
    2355       1.4641
    2356       1.3887
    2357       1.3870
    2358       1.4190
    2359       1.4095
    2360       1.4064
    2361       1.3884
    2362       1.4065
    2363       1.3906
    2364       1.4129
    2365       1.3791
    2366       1.4477
    2367       1.4452
    2368       1.5010
    2369       1.4466
    2370       1.4860
    2371       1.4822
    2372       1.3908
    2373       1.3820
    2374       1.3997
    2375       1.4519
    2376       1.4543
    2377       1.5234
    2378       1.5422
    2379       1.5225
    2380       1.4868
    2381       1.5459
    2382       1.5018
    2383       1.4473
    2384       1.4262
    2385       1.3927
    2386       1.3263
    2387       1.3653
    2388       1.3979
    2389       1.3660
    2390       1.3906
    2391       1.4149
    2392       1.5086
    2393       1.4837
    2394       1.4431
    2395       1.4040
    2396       1.3696
    2397       1.3312
    2398       1.3651
    2399       1.3013
    2400       1.3288
    2401       1.3435
    2402       1.3086
    2403       1.3354
    2404       1.3439
    2405       1.3437
    2406       1.3148
    2407       1.3420
    2408       1.3916
    2409       1.3735
    2410       1.3764
    2411       1.4000
    2412       1.4168
    2413       1.3554
    2414       1.2896
    2415       1.3656
    2416       1.3832
    2417       1.3322
    2418       1.3787
    2419       1.3309
    2420       1.3079
    2421       1.2874
    2422       1.3026
    2423       1.3197
    2424       1.3268
    2425       1.3101
    2426       1.2747
    2427       1.3145
    2428       1.3530
    2429       1.3614
    2430       1.3142
    2431       1.2773
    2432       1.2915
    2433       1.2828
    2434       1.2722
    2435       1.4044
    2436       1.4352
    2437       1.4708
    2438       1.3978
    2439       1.3901
    2440       1.4620
    2441       1.4386
    2442       1.4903
    2443       1.4369
    2444       1.4246
    2445       1.3948
    2446       1.4645
    2447       1.4176
    2448       1.4451
    2449       1.4669
    2450       1.4860
    2451       1.4892
    2452       1.4918
    2453       1.5281
    2454       1.5906
    2455       1.6120
    2456       1.5195
    2457       1.5456
    2458       1.4773
    2459       1.3804
    2460       1.3234
    2461       1.2919
    2462       1.3688
    2463       1.3555
    2464       1.3533
    2465       1.3636
    2466       1.3868
    2467       1.3640
    2468       1.4087
    2469       1.3931
    2470       1.3422
    2471       1.3865
    2472       1.3480
    2473       1.3748
    2474       1.4030
    2475       1.4035
    2476       1.4307
    2477       1.4149
    2478       1.4136
    2479       1.4052
    2480       1.3899
    2481       1.3881
    2482       1.3870
    2483       1.4223
    2484       1.3302
    2485       1.3628
    2486       1.3521
    2487       1.3676
    2488       1.4453
    2489       1.3441
    2490       1.3143
    2491       1.3972
    2492       1.3434
    2493       1.3549
    2494       1.3885
    2495       1.3711
    2496       1.4163
    2497       1.3563
    2498       1.3376
    2499       1.3224
    2500       1.3213
    2501       1.3694
    2502       1.3939
    2503       1.4455
    2504       1.4988
    2505       1.4785
    2506       1.4633
    2507       1.4919
    2508       1.4208
    2509       1.4421
    2510       1.4121
    2511       1.4376
    2512       1.4513
    2513       1.3653
    2514       1.3478
    2515       1.3752
    2516       1.3769
    2517       1.3688
    2518       1.3511
    2519       1.3530
    2520       1.4353
    2521       1.4008
    2522       1.3726
    2523       1.4138
    2524       1.3521
    2525       1.3815
    2526       1.3259
    2527       1.3652
    2528       1.4222
    2529       1.4203
    2530       1.3906
    2531       1.3636
    2532       1.3661
    2533       1.3284
    2534       1.3568
    2535       1.3807
    2536       1.3708
    2537       1.3874
    2538       1.4083
    2539       1.4357
    2540       1.4389
    2541       1.4064
    2542       1.4710
    2543       1.4169
    2544       1.4405
    2545       1.4104
    2546       1.4644
    2547       1.4178
    2548       1.4751
    2549       1.4248
    2550       1.4405
    2551       1.3556
    2552       1.4378
    2553       1.4851
    2554       1.4863
    2555       1.3661
    2556       1.3910
    2557       1.3862
    2558       1.3911
    2559       1.3966
    2560       1.4408
    2561       1.4632
    2562       1.4214
    2563       1.4040
    2564       1.4471
    2565       1.4469
    2566       1.4513
    2567       1.4360
    2568       1.4644
    2569       1.4847
    2570       1.4926
    2571       1.4669
    2572       1.4705
    2573       1.4442
    2574       1.4641
    2575       1.5151
    2576       1.4857
    2577       1.4722
    2578       1.4074
    2579       1.4249
    2580       1.4203
    2581       1.3946
    2582       1.4150
    2583       1.3984
    2584       1.4013
    2585       1.3988
    2586       1.4150
    2587       1.4712
    2588       1.4916
    2589       1.5240
    2590       1.5785
    2591       1.4862
    2592       1.4145
    2593       1.4230
    2594       1.3902
    2595       1.4455
    2596       1.3785
    2597       1.4551
    2598       1.4551
    2599       1.4157
    2600       1.4173
    2601       1.4327
    2602       1.4200
    2603       1.4252
    2604       1.3219
    2605       1.3144
    2606       1.3886
    2607       1.4268
    2608       1.4652
    2609       1.3925
    2610       1.4798
    2611       1.5102
    2612       1.4910
    2613       1.5226
    2614       1.5134
    2615       1.5577
    2616       1.5398
    2617       1.5294
    2618       1.6469
    2619       1.6410
    2620       1.5768
    2621       1.5316
    2622       1.5762
    2623       1.4995
    2624       1.4874
    2625       1.4363
    2626       1.4493
    2627       1.4150
    2628       1.4037
    2629       1.3920
    2630       1.4315
    2631       1.3492
    2632       1.3633
    2633       1.4169
    2634       1.4014
    2635       1.4106
    2636       1.4273
    2637       1.3955
    2638       1.4431
    2639       1.3679
    2640       1.3550
    2641       1.3849
    2642       1.3980
    2643       1.4129
    2644       1.3215
    2645       1.3336
    2646       1.3967
    2647       1.3533
    2648       1.5163
    2649       1.4396
    2650       1.4423
    2651       1.4188
    2652       1.4033
    2653       1.4229
    2654       1.4428
    2655       1.4380
    2656       1.4487
    2657       1.4786
    2658       1.4221
    2659       1.4281
    2660       1.5607
    2661       1.5040
    2662       1.5493
    2663       1.5641
    2664       1.5576
    2665       1.5059
    2666       1.5620
    2667       1.5399
    2668       1.5661
    2669       1.5069
    2670       1.5749
    2671       1.5246
    2672       1.5260
    2673       1.5163
    2674       1.5208
    2675       1.5486
    2676       1.5126
    2677       1.4300
    2678       1.3915
    2679       1.4461
    2680       1.4571
    2681       1.5232
    2682       1.5271
    2683       1.4772
    2684       1.4159
    2685       1.4839
    2686       1.4428
    2687       1.4976
    2688       1.5042
    2689       1.4946
    2690       1.3914
    2691       1.4768
    2692       1.4793
    2693       1.4544
    2694       1.4267
    2695       1.4057
    2696       1.3837
    2697       1.4807
    2698       1.4571
    2699       1.4341
    2700       1.5002
    2701       1.4379
    2702       1.3851
    2703       1.3693
    2704       1.3728
    2705       1.4773
    2706       1.4919
    2707       1.4983
    2708       1.4587
    2709       1.4241
    2710       1.4138
    2711       1.3912
    2712       1.3889
    2713       1.4007
    2714       1.4284
    2715       1.4106
    2716       1.3619
    2717       1.3965
    2718       1.3912
    2719       1.4835
    2720       1.4452
    2721       1.3896
    2722       1.5014
    2723       1.4958
    2724       1.4478
    2725       1.4046
    2726       1.4005
    2727       1.3988
    2728       1.4481
    2729       1.4342
    2730       1.3875
    2731       1.3609
    2732       1.3788
    2733       1.4035
    2734       1.3836
    2735       1.4722
    2736       1.4866
    2737       1.4539
    2738       1.4712
    2739       1.4645
    2740       1.4087
    2741       1.4223
    2742       1.4377
    2743       1.4308
    2744       1.3377
    2745       1.3024
    2746       1.3086
    2747       1.2970
    2748       1.2923
    2749       1.3037
    2750       1.3260
    2751       1.3813
    2752       1.3121
    2753       1.2636
    2754       1.3279
    2755       1.3734
    2756       1.3826
    2757       1.4231
    2758       1.4372
    2759       1.4157
    2760       1.3849
    2761       1.3751
    2762       1.3327
    2763       1.3544
    2764       1.3655
    2765       1.3478
    2766       1.3752
    2767       1.3862
    2768       1.3790
    2769       1.3633
    2770       1.3225
    2771       1.3834
    2772       1.3551
    2773       1.4506
    2774       1.4094
    2775       1.4409
    2776       1.3732
    2777       1.3776
    2778       1.4078
    2779       1.3751
    2780       1.3557
    2781       1.4244
    2782       1.3639
    2783       1.4049
    2784       1.4373
    2785       1.4046
    2786       1.4418
    2787       1.3579
    2788       1.3117
    2789       1.2914
    2790       1.3467
    2791       1.3205
    2792       1.3437
    2793       1.2728
    2794       1.2826
    2795       1.3457
    2796       1.3686
    2797       1.3489
    2798       1.3784
    2799       1.4190
    2800       1.3442
    2801       1.4461
    2802       1.3967
    2803       1.3840
    2804       1.3757
    2805       1.3985
    2806       1.4186
    2807       1.4268
    2808       1.3792
    2809       1.3684
    2810       1.4057
    2811       1.3723
    2812       1.3590
    2813       1.3680
    2814       1.3697
    2815       1.3646
    2816       1.3528
    2817       1.3173
    2818       1.3451
    2819       1.3861
    2820       1.3220
    2821       1.3339
    2822       1.3441
    2823       1.4408
    2824       1.3302
    2825       1.3566
    2826       1.3804
    2827       1.4009
    2828       1.4854
    2829       1.4738
    2830       1.4652
    2831       1.4336
    2832       1.3952
    2833       1.3808
    2834       1.3721
    2835       1.2878
    2836       1.2236
    2837       1.3344
    2838       1.3474
    2839       1.4060
    2840       1.4377
    2841       1.3851
    2842       1.3588
    2843       1.3704
    2844       1.4418
    2845       1.5057
    2846       1.4130
    2847       1.4175
    2848       1.4207
    2849       1.4525
    2850       1.4278
    2851       1.5450
    2852       1.4489
    2853       1.4033
    2854       1.3681
    2855       1.3355
    2856       1.3066
    2857       1.3526
    2858       1.3157
    2859       1.4097
    2860       1.4670
    2861       1.4041
    2862       1.4046
    2863       1.4146
    2864       1.4082
    2865       1.4116
    2866       1.3872
    2867       1.4043
    2868       1.4754
    2869       1.4659
    2870       1.4147
    2871       1.3739
    2872       1.3980
    2873       1.4143
    2874       1.4429
    2875       1.4500
    2876       1.3919
    2877       1.4450
    2878       1.4013
    2879       1.4426
    2880       1.4289
    2881       1.4717
    2882       1.5062
    2883       1.4823
    2884       1.5151
    2885       1.5278
    2886       1.4912
    2887       1.5264
    2888       1.4668
    2889       1.4073
    2890       1.3697
    2891       1.3843
    2892       1.4770
    2893       1.4840
    2894       1.5836
    2895       1.4707
    2896       1.5213
    2897       1.5354
    2898       1.5008
    2899       1.4731
    2900       1.4412
    2901       1.4455
    2902       1.4523
    2903       1.5255
    2904       1.5608
    2905       1.4984
    2906       1.5099
    2907       1.4593
    2908       1.4314
    2909       1.3848
    2910       1.4504
    2911       1.4309
    2912       1.4366
    2913       1.4698
    2914       1.4134
    2915       1.3677
    2916       1.4141
    2917       1.5356
    2918       1.4996
    2919       1.4344
    2920       1.4984
    2921       1.4587
    2922       1.4691
    2923       1.4440
    2924       1.4800
    2925       1.4347
    2926       1.4361
    2927       1.4198
    2928       1.3938
    2929       1.3187
    2930       1.4225
    2931       1.3976
    2932       1.4110
    2933       1.3384
    2934       1.3651
    2935       1.4079
    2936       1.4262
    2937       1.3870
    2938       1.5281
    2939       1.5198
    2940       1.4339
    2941       1.4290
    2942       1.4584
    2943       1.4098
    2944       1.4430
    2945       1.4414
    2946       1.4875
    2947       1.4418
    2948       1.3783
    2949       1.3457
    2950       1.3893
    2951       1.3870
    2952       1.4161
    2953       1.4497
    2954       1.4159
    2955       1.3930
    2956       1.4222
    2957       1.3722
    2958       1.3923
    2959       1.3708
    2960       1.4130
    2961       1.4294
    2962       1.4459
    2963       1.4458
    2964       1.4144
    2965       1.4354
    2966       1.3585
    2967       1.3955
    2968       1.3948
    2969       1.4539
    2970       1.4444
    2971       1.3670
    2972       1.3560
    2973       1.3665
    2974       1.3646
    2975       1.3423
    2976       1.4017
    2977       1.4348
    2978       1.4430
    2979       1.4806
    2980       1.3986
    2981       1.5060
    2982       1.5346
    2983       1.4088
    2984       1.4423
    2985       1.4593
    2986       1.4421
    2987       1.4452
    2988       1.4769
    2989       1.4288
    2990       1.4508
    2991       1.4617
    2992       1.3769
    2993       1.4054
    2994       1.3881
    2995       1.4631
    2996       1.4917
    2997       1.4325
    2998       1.4475
    2999       1.5235
    3000       1.4916
    3001       1.5335
    3002       1.4788
    3003       1.5026
    3004       1.4932
    3005       1.4914
    3006       1.5202
    3007       1.4969
    3008       1.4873
    3009       1.4408
    3010       1.4032
    3011       1.4211
    3012       1.4307
    3013       1.4017
    3014       1.3739
    3015       1.3979
    3016       1.3812
    3017       1.3992
    3018       1.3163
    3019       1.3590
    3020       1.3505
    3021       1.3014
    3022       1.2974
    3023       1.3168
    3024       1.2909
    3025       1.3731
    3026       1.4117
    3027       1.3331
    3028       1.3217
    3029       1.2804
    3030       1.3232
    3031       1.3109
    3032       1.3607
    3033       1.3735
    3034       1.3229
    3035       1.3604
    3036       1.3523
    3037       1.3752
    3038       1.3584
    3039       1.3913
    3040       1.4032
    3041       1.3798
    3042       1.3817
    3043       1.3744
    3044       1.3562
    3045       1.3948
    3046       1.4729
    3047       1.3808
    3048       1.4704
    3049       1.4243
    3050       1.3713
    3051       1.4421
    3052       1.4530
    3053       1.4754
    3054       1.5048
    3055       1.4312
    3056       1.4106
    3057       1.4631
    3058       1.4750
    3059       1.4652
    3060       1.4835
    3061       1.4456
    3062       1.4921
    3063       1.4455
    3064       1.4564
    3065       1.5406
    3066       1.4805
    3067       1.4076
    3068       1.4137
    3069       1.4226
    3070       1.4837
    3071       1.4920
    3072       1.4525
    3073       1.5265
    3074       1.5266
    3075       1.4988
    3076       1.4899
    3077       1.4367
    3078       1.4708
    3079       1.4033
    3080       1.4471
    3081       1.4757
    3082       1.4246
    3083       1.4400
    3084       1.4013
    3085       1.4777
    3086       1.4125
    3087       1.4939
    3088       1.3664
    3089       1.4450
    3090       1.4810
    3091       1.4304
    3092       1.4335
    3093       1.4242
    3094       1.4615
    3095       1.4944
    3096       1.4068
    3097       1.4312
    3098       1.4686
    3099       1.4907
    3100       1.5576
    3101       1.4695
    3102       1.4587
    3103       1.3804
    3104       1.4568
    3105       1.4469
    3106       1.5028
    3107       1.4390
    3108       1.4820
    3109       1.5567
    3110       1.5131
    3111       1.5586
    3112       1.4851
    3113       1.4382
    3114       1.4461
    3115       1.4999
    3116       1.5144
    3117       1.5049
    3118       1.5124
    3119       1.4978
    3120       1.4567
    3121       1.4637
    3122       1.5046
    3123       1.4364
    3124       1.4203
    3125       1.4277
