#Frame     RMSD_00001
       1       0.0000
       2       0.6008
       3       0.6556
       4       0.6956
       5       0.7524
       6       0.7584
       7       0.7368
       8       0.7068
       9       0.7318
      10       0.7876
      11       0.7694
      12       0.8056
      13       0.7629
      14       0.7905
      15       0.7543
      16       0.7438
      17       0.7417
      18       0.8193
      19       0.7736
      20       0.7702
      21       0.8041
      22       0.7976
      23       0.8701
      24       0.8805
      25       0.9049
      26       0.9392
      27       0.9154
      28       0.9083
      29       0.9115
      30       0.9369
      31       0.9945
      32       0.9448
      33       0.9662
      34       0.9092
      35       0.9705
      36       0.9130
      37       0.8722
      38       0.9112
      39       0.9497
      40       0.9697
      41       0.9988
      42       1.0577
      43       0.9937
      44       0.9378
      45       1.0647
      46       0.9602
      47       1.0634
      48       1.0271
      49       0.9472
      50       0.9902
      51       1.0412
      52       0.9847
      53       0.9287
      54       0.9588
      55       0.9721
      56       0.9354
      57       0.9078
      58       0.9122
      59       1.0060
      60       0.9745
      61       0.9906
      62       0.9595
      63       1.0779
      64       1.2071
      65       1.1942
      66       1.1583
      67       1.1747
      68       1.1932
      69       1.2293
      70       1.1163
      71       1.0405
      72       1.0435
      73       1.0636
      74       1.0341
      75       1.0669
      76       1.0332
      77       1.0644
      78       1.0594
      79       1.0738
      80       1.1477
      81       1.1633
      82       1.0759
      83       1.0949
      84       1.0685
      85       1.1194
      86       1.1300
      87       1.1253
      88       1.1593
      89       1.1018
      90       1.1286
      91       1.1452
      92       1.1100
      93       1.1096
      94       1.0599
      95       1.0525
      96       0.9840
      97       1.0313
      98       1.0156
      99       0.9724
     100       0.9931
     101       0.9290
     102       0.9245
     103       0.9451
     104       0.9901
     105       0.9448
     106       0.9264
     107       0.9240
     108       1.0480
     109       1.0454
     110       1.0633
     111       1.0288
     112       1.0891
     113       0.9751
     114       0.9459
     115       0.9246
     116       1.0152
     117       0.9370
     118       0.9991
     119       1.0242
     120       1.0876
     121       1.0143
     122       1.0568
     123       1.0667
     124       0.9676
     125       0.9538
     126       0.9664
     127       0.9717
     128       1.0268
     129       1.0044
     130       0.9572
     131       0.8899
     132       0.9385
     133       1.0206
     134       0.9627
     135       0.9085
     136       0.9647
     137       0.9761
     138       0.9237
     139       0.9075
     140       0.9049
     141       0.9961
     142       0.9913
     143       0.9935
     144       1.0655
     145       1.0556
     146       1.0295
     147       1.0753
     148       1.0453
     149       1.0526
     150       1.0454
     151       1.0553
     152       1.0724
     153       1.0388
     154       1.0285
     155       1.0785
     156       0.9743
     157       1.0215
     158       0.9363
     159       0.9654
     160       1.0071
     161       1.0772
     162       1.0937
     163       1.0085
     164       1.0630
     165       1.1275
     166       1.0799
     167       1.1461
     168       1.1597
     169       1.2046
     170       1.1058
     171       1.0150
     172       1.0154
     173       1.0360
     174       1.0258
     175       1.0760
     176       1.0749
     177       1.0488
     178       1.0259
     179       1.0621
     180       1.0364
     181       1.0701
     182       1.0788
     183       1.0782
     184       0.9439
     185       0.9820
     186       0.9872
     187       1.0418
     188       1.0696
     189       1.0623
     190       1.0467
     191       1.0049
     192       1.0325
     193       1.0158
     194       0.9865
     195       1.0265
     196       1.0189
     197       1.0205
     198       0.9929
     199       0.9967
     200       0.9910
     201       1.0208
     202       1.0383
     203       1.0240
     204       1.0543
     205       1.0358
     206       1.0226
     207       1.0141
     208       1.0417
     209       1.0271
     210       0.9399
     211       0.9284
     212       0.9665
     213       1.0018
     214       1.0210
     215       1.1065
     216       1.1275
     217       0.9986
     218       0.9931
     219       1.0223
     220       0.9782
     221       0.8939
     222       0.9580
     223       0.8904
     224       0.8981
     225       0.9829
     226       0.9506
     227       0.9704
     228       1.0004
     229       1.0198
     230       1.0273
     231       1.0294
     232       1.0241
     233       1.0414
     234       0.9535
     235       1.0048
     236       0.9895
     237       0.9829
     238       1.0831
     239       1.0355
     240       1.0302
     241       1.0049
     242       0.9481
     243       0.9961
     244       1.0184
     245       1.0178
     246       1.0201
     247       0.9882
     248       1.0301
     249       1.0897
     250       1.0027
     251       1.1205
     252       1.0573
     253       1.0575
     254       1.0957
     255       1.1169
     256       1.1731
     257       1.1946
     258       1.1134
     259       1.1176
     260       1.1257
     261       1.1651
     262       1.1745
     263       1.1761
     264       1.1702
     265       1.1750
     266       1.2526
     267       1.1442
     268       1.2105
     269       1.2408
     270       1.2586
     271       1.1702
     272       1.1288
     273       1.0890
     274       1.1205
     275       1.0853
     276       1.0901
     277       1.0385
     278       1.0988
     279       1.0998
     280       1.1970
     281       1.0747
     282       1.0437
     283       1.0474
     284       1.0716
     285       1.0671
     286       1.0386
     287       1.0158
     288       1.0566
     289       1.0859
     290       1.0544
     291       1.0412
     292       1.0278
     293       1.0914
     294       1.0616
     295       1.0591
     296       1.0233
     297       1.0584
     298       1.1022
     299       1.1168
     300       1.0242
     301       1.0771
     302       1.0895
     303       1.0246
     304       1.0811
     305       1.0218
     306       1.0116
     307       0.9725
     308       0.9814
     309       1.0454
     310       1.0611
     311       1.0349
     312       1.0283
     313       1.0691
     314       0.9986
     315       1.0701
     316       1.0302
     317       1.0384
     318       0.9464
     319       1.0288
     320       0.9663
     321       1.0271
     322       1.0282
     323       0.9912
     324       1.0015
     325       0.9753
     326       1.0635
     327       1.0238
     328       0.9983
     329       0.9937
     330       1.0054
     331       1.0518
     332       0.9992
     333       1.0421
     334       1.0541
     335       1.0118
     336       0.9984
     337       1.0772
     338       1.0647
     339       1.0780
     340       1.0183
     341       1.0685
     342       1.0088
     343       1.0286
     344       1.0146
     345       1.0215
     346       1.0565
     347       1.0672
     348       1.1261
     349       1.0600
     350       1.0376
     351       1.0392
     352       1.0276
     353       1.0814
     354       1.0619
     355       1.0253
     356       1.1187
     357       1.0761
     358       1.1218
     359       1.0354
     360       1.0501
     361       1.0489
     362       1.0901
     363       1.1097
     364       1.1807
     365       1.0350
     366       1.1656
     367       1.1396
     368       1.2149
     369       1.1752
     370       1.1779
     371       1.1535
     372       1.1621
     373       1.1502
     374       1.2120
     375       1.2794
     376       1.2841
     377       1.2617
     378       1.2165
     379       1.0743
     380       1.1673
     381       1.1180
     382       1.0341
     383       0.9761
     384       1.0139
     385       1.0026
     386       0.9786
     387       0.9723
     388       1.0060
     389       1.0535
     390       1.0842
     391       1.0693
     392       1.0151
     393       1.0225
     394       0.9919
     395       1.0244
     396       1.0643
     397       1.0327
     398       1.1024
     399       1.0219
     400       1.0862
     401       1.1380
     402       1.1573
     403       1.1175
     404       1.0950
     405       1.1414
     406       1.1213
     407       1.0975
     408       1.1708
     409       1.1197
     410       1.0972
     411       1.1110
     412       1.1610
     413       1.1356
     414       1.2120
     415       1.2009
     416       1.1933
     417       1.1506
     418       1.2074
     419       1.2108
     420       1.0914
     421       1.0706
     422       1.0876
     423       1.2258
     424       1.1574
     425       1.1114
     426       1.0964
     427       1.0006
     428       0.9668
     429       1.0020
     430       0.9650
     431       1.0512
     432       1.0919
     433       1.0375
     434       1.0276
     435       0.9818
     436       1.0062
     437       1.1048
     438       1.1178
     439       1.1617
     440       1.1467
     441       1.0276
     442       0.9618
     443       1.0015
     444       1.0240
     445       1.0576
     446       1.0857
     447       1.0483
     448       1.0427
     449       0.9748
     450       0.9982
     451       1.0109
     452       1.0312
     453       0.9833
     454       1.0712
     455       1.1587
     456       1.1719
     457       1.0900
     458       1.0760
     459       1.0818
     460       1.0412
     461       1.0637
     462       1.0417
     463       1.0529
     464       1.0519
     465       1.0108
     466       1.0256
     467       0.9308
     468       0.9324
     469       1.0046
     470       1.0198
     471       1.0628
     472       1.0565
     473       1.1347
     474       1.2522
     475       1.1979
     476       1.1425
     477       1.0966
     478       1.1250
     479       1.0804
     480       1.0618
     481       1.0406
     482       1.0840
     483       1.0096
     484       0.9595
     485       0.9230
     486       0.9491
     487       0.9776
     488       0.9949
     489       1.0102
     490       0.9730
     491       1.0016
     492       0.9741
     493       1.0188
     494       1.1581
     495       1.1532
     496       1.1345
     497       1.1677
     498       1.1509
     499       1.1628
     500       1.1050
     501       1.0752
     502       1.0514
     503       1.0870
     504       1.0715
     505       1.0602
     506       1.1335
     507       1.2022
     508       1.1288
     509       1.1193
     510       1.0977
     511       1.0194
     512       1.0949
     513       1.0553
     514       1.0826
     515       1.0959
     516       1.0798
     517       1.0898
     518       1.0789
     519       1.0555
     520       1.0669
     521       1.0758
     522       1.0396
     523       1.0520
     524       1.0774
     525       1.1382
     526       1.0995
     527       1.0364
     528       1.0543
     529       0.9756
     530       0.9956
     531       0.9858
     532       0.9937
     533       0.9992
     534       1.0629
     535       0.9796
     536       0.9925
     537       1.0670
     538       1.0216
     539       1.0096
     540       0.9990
     541       1.0398
     542       1.1217
     543       1.1612
     544       1.2063
     545       1.1918
     546       1.1235
     547       1.0743
     548       1.0894
     549       1.1011
     550       1.1324
     551       1.1364
     552       1.0098
     553       1.0385
     554       1.1837
     555       1.1043
     556       1.1745
     557       1.1073
     558       1.0920
     559       1.0814
     560       1.1457
     561       1.0859
     562       1.0125
     563       0.9949
     564       0.9850
     565       1.0313
     566       1.0585
     567       1.0350
     568       1.0278
     569       1.1666
     570       1.1352
     571       1.1455
     572       1.2015
     573       1.3190
     574       1.2201
     575       1.1751
     576       1.1912
     577       1.2961
     578       1.2927
     579       1.1652
     580       1.2067
     581       1.1961
     582       1.2043
     583       1.1540
     584       1.0631
     585       1.1054
     586       1.1220
     587       1.1323
     588       1.1461
     589       1.0854
     590       1.0404
     591       1.1365
     592       1.1535
     593       1.1340
     594       1.2155
     595       1.2237
     596       1.2336
     597       1.0874
     598       1.1859
     599       1.1514
     600       1.2607
     601       1.1308
     602       1.1463
     603       1.1374
     604       1.0623
     605       1.0899
     606       1.0537
     607       1.0962
     608       1.0821
     609       1.1380
     610       1.1048
     611       1.0159
     612       1.0238
     613       1.0649
     614       0.9723
     615       1.0124
     616       1.0524
     617       1.0372
     618       1.0375
     619       1.0143
     620       1.0666
     621       1.1074
     622       1.0977
     623       1.1037
     624       1.1077
     625       1.0808
     626       1.1318
     627       1.2542
     628       1.2352
     629       1.1559
     630       1.0762
     631       1.1590
     632       1.1196
     633       1.0491
     634       1.0152
     635       1.0171
     636       0.9959
     637       0.9590
     638       1.0100
     639       1.0506
     640       1.0551
     641       1.0388
     642       1.0091
     643       0.9892
     644       1.0772
     645       1.0655
     646       1.0048
     647       1.0668
     648       1.1231
     649       1.1018
     650       1.1455
     651       1.0797
     652       1.0388
     653       1.0709
     654       1.1285
     655       1.2249
     656       1.0768
     657       1.1247
     658       1.1609
     659       1.1035
     660       1.1078
     661       1.0730
     662       1.0569
     663       1.0741
     664       1.0723
     665       1.1013
     666       1.1577
     667       1.1834
     668       1.0958
     669       1.0856
     670       1.1723
     671       1.0756
     672       1.0551
     673       1.1424
     674       1.2415
     675       1.1786
     676       1.2110
     677       1.1579
     678       1.2068
     679       1.1444
     680       1.1554
     681       1.1234
     682       1.1006
     683       1.1054
     684       1.0731
     685       1.0423
     686       1.0939
     687       1.1516
     688       1.1760
     689       1.2535
     690       1.2603
     691       1.2129
     692       1.2256
     693       1.1736
     694       1.1423
     695       1.0813
     696       1.0440
     697       1.0213
     698       1.0576
     699       1.0224
     700       1.0814
     701       1.0115
     702       1.0066
     703       1.1334
     704       1.1325
     705       1.1322
     706       1.2285
     707       1.1268
     708       1.1930
     709       1.2152
     710       1.2439
     711       1.1698
     712       1.1777
     713       1.2110
     714       1.1506
     715       1.1259
     716       1.1047
     717       1.1220
     718       1.1335
     719       1.0200
     720       1.1026
     721       1.1217
     722       1.1541
     723       1.1630
     724       1.1679
     725       1.1066
     726       1.1681
     727       1.0571
     728       1.0985
     729       1.0601
     730       1.0337
     731       0.9548
     732       0.9107
     733       0.9846
     734       1.0136
     735       0.9564
     736       1.0614
     737       1.0366
     738       0.9555
     739       1.0054
     740       0.9866
     741       1.0271
     742       0.9786
     743       1.0424
     744       1.0358
     745       0.9762
     746       0.9709
     747       1.0465
     748       0.9772
     749       1.0247
     750       0.9927
     751       0.9513
     752       1.0396
     753       1.0296
     754       0.9929
     755       1.0328
     756       1.0163
     757       1.0690
     758       0.9859
     759       0.9810
     760       1.0369
     761       1.0319
     762       0.9907
     763       0.9922
     764       0.9830
     765       1.0421
     766       1.0139
     767       0.9860
     768       0.9649
     769       0.9499
     770       0.9674
     771       0.9541
     772       0.9707
     773       1.0215
     774       0.9881
     775       0.9843
     776       0.9485
     777       1.0032
     778       0.9420
     779       0.9568
     780       0.9394
     781       0.9019
     782       0.9300
     783       0.9852
     784       0.9518
     785       0.9797
     786       1.0371
     787       0.9924
     788       0.9883
     789       0.9971
     790       1.0096
     791       1.0316
     792       1.0025
     793       0.9712
     794       0.9705
     795       1.0119
     796       1.0094
     797       0.9544
     798       1.0389
     799       0.9516
     800       1.0143
     801       1.0095
     802       1.0389
     803       0.9602
     804       1.0221
     805       1.0181
     806       1.0518
     807       1.0272
     808       1.0073
     809       0.9461
     810       0.9574
     811       1.0910
     812       1.0169
     813       0.9716
     814       0.9782
     815       0.9856
     816       1.0798
     817       1.0106
     818       0.9700
     819       0.9968
     820       1.0168
     821       1.0831
     822       1.1077
     823       1.1416
     824       1.1410
     825       1.2266
     826       1.1976
     827       1.0722
     828       1.0786
     829       1.1084
     830       1.2444
     831       1.2639
     832       1.1292
     833       1.1472
     834       1.0972
     835       1.0292
     836       1.0542
     837       1.0508
     838       1.0620
     839       1.0703
     840       1.1146
     841       1.1067
     842       1.0834
     843       1.0758
     844       1.0800
     845       1.1558
     846       1.1515
     847       1.1339
     848       1.1390
     849       1.1871
     850       1.0854
     851       1.1018
     852       1.0936
     853       1.0124
     854       1.0775
     855       1.0982
     856       1.0236
     857       1.1337
     858       1.0804
     859       1.1528
     860       1.1241
     861       1.1446
     862       1.1531
     863       1.0363
     864       1.0711
     865       1.1032
     866       1.1020
     867       1.1660
     868       1.0236
     869       1.0751
     870       1.0275
     871       1.0714
     872       1.1364
     873       1.1030
     874       1.0563
     875       1.0081
     876       1.0359
     877       0.9833
     878       0.9985
     879       1.0080
     880       0.9631
     881       0.9715
     882       0.9989
     883       0.9994
     884       0.9893
     885       0.9973
     886       1.0268
     887       1.0810
     888       1.0427
     889       1.0135
     890       1.0345
     891       1.0327
     892       1.0847
     893       1.0720
     894       1.0889
     895       1.0416
     896       1.0696
     897       1.0921
     898       1.1244
     899       1.0774
     900       1.1031
     901       1.1409
     902       1.2339
     903       1.1940
     904       1.2327
     905       1.2126
     906       1.1700
     907       1.0742
     908       1.0843
     909       1.1360
     910       1.0400
     911       1.0711
     912       1.0241
     913       1.0148
     914       1.1139
     915       1.1426
     916       1.1081
     917       1.1243
     918       1.1395
     919       1.1761
     920       1.0662
     921       1.1155
     922       1.1723
     923       1.1748
     924       1.1214
     925       1.0903
     926       1.1943
     927       1.2453
     928       1.1521
     929       1.0965
     930       1.1247
     931       1.1620
     932       1.1355
     933       1.1772
     934       1.2329
     935       1.2087
     936       1.2848
     937       1.2193
     938       1.2526
     939       1.2772
     940       1.1842
     941       1.2955
     942       1.2059
     943       1.1604
     944       1.2255
     945       1.1519
     946       1.1901
     947       1.2674
     948       1.2535
     949       1.2591
     950       1.1873
     951       1.1674
     952       1.1694
     953       1.1675
     954       1.0701
     955       1.1509
     956       1.1634
     957       1.1446
     958       1.0749
     959       1.0210
     960       1.1046
     961       1.0645
     962       1.0071
     963       1.0255
     964       1.0449
     965       0.9827
     966       0.9839
     967       0.9715
     968       0.9619
     969       0.9853
     970       1.0023
     971       0.9737
     972       0.9304
     973       1.0293
     974       1.0231
     975       1.0926
     976       1.0865
     977       1.0268
     978       1.0483
     979       1.0321
     980       1.0841
     981       1.0251
     982       1.0357
     983       1.0748
     984       1.0459
     985       1.0478
     986       1.0716
     987       1.0652
     988       1.1798
     989       1.0572
     990       1.0941
     991       1.1519
     992       1.1361
     993       1.0662
     994       1.0298
     995       1.0587
     996       1.0618
     997       1.0872
     998       1.0563
     999       1.1017
    1000       0.9931
    1001       1.0136
    1002       0.9818
    1003       1.0119
    1004       0.9856
    1005       1.0657
    1006       0.9992
    1007       1.0105
    1008       0.9484
    1009       0.9736
    1010       1.0109
    1011       1.0832
    1012       1.1255
    1013       1.0917
    1014       1.1217
    1015       1.0997
    1016       1.0683
    1017       1.0712
    1018       0.9748
    1019       0.9568
    1020       1.0384
    1021       1.0333
    1022       0.9903
    1023       1.0604
    1024       1.1043
    1025       1.1342
    1026       1.1887
    1027       1.1349
    1028       1.1873
    1029       1.0942
    1030       1.0468
    1031       1.0458
    1032       1.0463
    1033       1.0644
    1034       1.0579
    1035       1.0708
    1036       1.1175
    1037       1.1508
    1038       1.1904
    1039       1.1266
    1040       1.1333
    1041       1.0703
    1042       1.0624
    1043       1.0410
    1044       1.0013
    1045       1.0388
    1046       1.0398
    1047       1.1379
    1048       1.0666
    1049       1.0658
    1050       1.0550
    1051       1.0089
    1052       1.0570
    1053       1.0583
    1054       1.0348
    1055       1.0630
    1056       1.1195
    1057       1.1033
    1058       1.0709
    1059       1.0542
    1060       1.0694
    1061       1.0996
    1062       0.9890
    1063       1.0377
    1064       1.0145
    1065       1.0145
    1066       1.0198
    1067       1.0676
    1068       0.9979
    1069       1.0363
    1070       1.0740
    1071       1.0498
    1072       1.0667
    1073       1.0596
    1074       0.9930
    1075       0.9819
    1076       0.9898
    1077       1.0694
    1078       1.0475
    1079       1.0439
    1080       1.0145
    1081       1.0973
    1082       1.1268
    1083       1.1316
    1084       1.0931
    1085       1.0995
    1086       1.0462
    1087       1.1296
    1088       1.0763
    1089       1.0318
    1090       1.0416
    1091       1.0537
    1092       1.1544
    1093       1.1163
    1094       1.1437
    1095       1.1044
    1096       1.1863
    1097       1.1496
    1098       1.2469
    1099       1.2100
    1100       1.3504
    1101       1.2917
    1102       1.2251
    1103       1.2204
    1104       1.2439
    1105       1.2151
    1106       1.3011
    1107       1.1984
    1108       1.2084
    1109       1.2442
    1110       1.1264
    1111       1.1309
    1112       1.2332
    1113       1.2191
    1114       1.2500
    1115       1.3182
    1116       1.3514
    1117       1.3108
    1118       1.2483
    1119       1.2526
    1120       1.2327
    1121       1.1976
    1122       1.1578
    1123       1.1730
    1124       1.1822
    1125       1.1804
    1126       1.2026
    1127       1.1940
    1128       1.1750
    1129       1.1843
    1130       1.1592
    1131       1.1683
    1132       1.1858
    1133       1.1598
    1134       1.2160
    1135       1.2102
    1136       1.1886
    1137       1.1992
    1138       1.1849
    1139       1.1751
    1140       1.1785
    1141       1.1209
    1142       1.0920
    1143       1.1348
    1144       1.1231
    1145       1.0889
    1146       1.1163
    1147       1.1311
    1148       1.1630
    1149       1.1324
    1150       1.1261
    1151       1.0697
    1152       1.1522
    1153       1.1290
    1154       1.1422
    1155       1.1348
    1156       1.0531
    1157       1.1034
    1158       1.0769
    1159       1.0680
    1160       1.0605
    1161       1.0573
    1162       1.0765
    1163       0.9869
    1164       0.9904
    1165       1.0329
    1166       1.0373
    1167       1.0649
    1168       1.0499
    1169       0.9964
    1170       0.9835
    1171       1.0056
    1172       1.0191
    1173       1.1261
    1174       0.9949
    1175       1.0473
    1176       1.0683
    1177       1.1137
    1178       1.0713
    1179       1.0221
    1180       1.0223
    1181       1.0419
    1182       1.0734
    1183       1.0945
    1184       1.0813
    1185       1.1052
    1186       1.0991
    1187       1.0620
    1188       1.0796
    1189       1.0725
    1190       1.1426
    1191       1.1669
    1192       1.1063
    1193       1.0657
    1194       1.1324
    1195       1.1540
    1196       1.1162
    1197       1.1458
    1198       1.0764
    1199       1.0714
    1200       1.1254
    1201       1.1654
    1202       1.1567
    1203       1.2526
    1204       1.1864
    1205       1.1561
    1206       1.1687
    1207       1.0734
    1208       1.2043
    1209       1.2242
    1210       1.2605
    1211       1.3253
    1212       1.2517
    1213       1.1492
    1214       1.0682
    1215       1.1950
    1216       1.2374
    1217       1.1755
    1218       1.2074
    1219       1.1832
    1220       1.1148
    1221       1.1607
    1222       1.1742
    1223       1.2321
    1224       1.1577
    1225       1.1474
    1226       1.1249
    1227       1.2278
    1228       1.2148
    1229       1.1930
    1230       1.1533
    1231       1.2670
    1232       1.2323
    1233       1.1918
    1234       1.1667
    1235       1.2564
    1236       1.2124
    1237       1.2655
    1238       1.1542
    1239       1.1538
    1240       1.1586
    1241       1.1792
    1242       1.2156
    1243       1.1934
    1244       1.1525
    1245       1.1512
    1246       1.1210
    1247       1.1965
    1248       1.1861
    1249       1.1881
    1250       1.2044
    1251       1.1862
    1252       1.1930
    1253       1.1910
    1254       1.2750
    1255       1.2238
    1256       1.1934
    1257       1.1256
    1258       1.1187
    1259       1.1943
    1260       1.1840
    1261       1.1674
    1262       1.1998
    1263       1.1283
    1264       1.1492
    1265       1.1324
    1266       1.1297
    1267       1.1657
    1268       1.2264
    1269       1.1844
    1270       1.2006
    1271       1.1899
    1272       1.1757
    1273       1.1826
    1274       1.2419
    1275       1.2915
    1276       1.3931
    1277       1.3546
    1278       1.3391
    1279       1.3100
    1280       1.2872
    1281       1.3002
    1282       1.2558
    1283       1.2045
    1284       1.1993
    1285       1.2340
    1286       1.2724
    1287       1.1910
    1288       1.2257
    1289       1.1759
    1290       1.1228
    1291       1.1611
    1292       1.1424
    1293       1.1748
    1294       1.2067
    1295       1.1533
    1296       1.1802
    1297       1.1853
    1298       1.2252
    1299       1.2517
    1300       1.2441
    1301       1.2623
    1302       1.2792
    1303       1.2212
    1304       1.2188
    1305       1.2538
    1306       1.1532
    1307       1.1514
    1308       1.0978
    1309       1.2143
    1310       1.1892
    1311       1.1883
    1312       1.1838
    1313       1.1642
    1314       1.2031
    1315       1.2063
    1316       1.2099
    1317       1.1574
    1318       1.1612
    1319       1.0877
    1320       1.0862
    1321       1.0376
    1322       1.1251
    1323       1.1943
    1324       1.1879
    1325       1.1826
    1326       1.1870
    1327       1.1799
    1328       1.1165
    1329       1.1384
    1330       1.1749
    1331       1.1343
    1332       1.1842
    1333       1.1205
    1334       1.2114
    1335       1.2937
    1336       1.2770
    1337       1.1695
    1338       1.1897
    1339       1.2065
    1340       1.2573
    1341       1.3495
    1342       1.2578
    1343       1.2418
    1344       1.1524
    1345       1.2119
    1346       1.2519
    1347       1.3628
    1348       1.2257
    1349       1.3141
    1350       1.2621
    1351       1.2004
    1352       1.1254
    1353       1.0958
    1354       1.1463
    1355       1.1803
    1356       1.2457
    1357       1.1982
    1358       1.2231
    1359       1.2109
    1360       1.2783
    1361       1.2723
    1362       1.2344
    1363       1.2026
    1364       1.2355
    1365       1.2762
    1366       1.2660
    1367       1.2822
    1368       1.2569
    1369       1.2871
    1370       1.2465
    1371       1.3090
    1372       1.3105
    1373       1.2915
    1374       1.2286
    1375       1.2785
    1376       1.4001
    1377       1.3374
    1378       1.2776
    1379       1.2952
    1380       1.3212
    1381       1.3542
    1382       1.3422
    1383       1.3647
    1384       1.3346
    1385       1.3325
    1386       1.2901
    1387       1.2810
    1388       1.2581
    1389       1.2995
    1390       1.4014
    1391       1.3777
    1392       1.3962
    1393       1.3339
    1394       1.2615
    1395       1.3295
    1396       1.2409
    1397       1.3173
    1398       1.3467
    1399       1.4212
    1400       1.4009
    1401       1.3959
    1402       1.4193
    1403       1.3622
    1404       1.2757
    1405       1.2115
    1406       1.1667
    1407       1.1998
    1408       1.1747
    1409       1.1521
    1410       1.1265
    1411       1.1650
    1412       1.1837
    1413       1.1481
    1414       1.1842
    1415       1.2258
    1416       1.2319
    1417       1.1778
    1418       1.1955
    1419       1.2478
    1420       1.1937
    1421       1.3130
    1422       1.2533
    1423       1.2531
    1424       1.2387
    1425       1.2249
    1426       1.2436
    1427       1.2750
    1428       1.2691
    1429       1.2523
    1430       1.2253
    1431       1.2798
    1432       1.2905
    1433       1.3085
    1434       1.2827
    1435       1.2152
    1436       1.2261
    1437       1.3004
    1438       1.2286
    1439       1.2440
    1440       1.2371
    1441       1.2817
    1442       1.3230
    1443       1.2665
    1444       1.2639
    1445       1.2572
    1446       1.2364
    1447       1.2952
    1448       1.2799
    1449       1.3231
    1450       1.2810
    1451       1.2722
    1452       1.2787
    1453       1.2508
    1454       1.2943
    1455       1.3387
    1456       1.3519
    1457       1.3593
    1458       1.3132
    1459       1.3755
    1460       1.3223
    1461       1.2918
    1462       1.2129
    1463       1.2287
    1464       1.1935
    1465       1.2864
    1466       1.2495
    1467       1.1782
    1468       1.1805
    1469       1.2014
    1470       1.1687
    1471       1.2342
    1472       1.2636
    1473       1.2537
    1474       1.2621
    1475       1.1718
    1476       1.2419
    1477       1.2562
    1478       1.2259
    1479       1.2904
    1480       1.2850
    1481       1.3017
    1482       1.3232
    1483       1.3283
    1484       1.3325
    1485       1.2481
    1486       1.3251
    1487       1.3072
    1488       1.2581
    1489       1.2920
    1490       1.3285
    1491       1.3470
    1492       1.3031
    1493       1.3487
    1494       1.3456
    1495       1.4022
    1496       1.4450
    1497       1.4621
    1498       1.3038
    1499       1.3257
    1500       1.3673
    1501       1.2904
    1502       1.3479
    1503       1.3364
    1504       1.3523
    1505       1.4605
    1506       1.4480
    1507       1.3761
    1508       1.3653
    1509       1.2908
    1510       1.2266
    1511       1.2872
    1512       1.2157
    1513       1.2136
    1514       1.2407
    1515       1.2504
    1516       1.3046
    1517       1.3006
    1518       1.2183
    1519       1.2218
    1520       1.2915
    1521       1.2435
    1522       1.1665
    1523       1.2153
    1524       1.2853
    1525       1.3399
    1526       1.3029
    1527       1.3250
    1528       1.1945
    1529       1.2489
    1530       1.2056
    1531       1.2654
    1532       1.2696
    1533       1.3684
    1534       1.3998
    1535       1.3252
    1536       1.3129
    1537       1.4024
    1538       1.4083
    1539       1.4025
    1540       1.3928
    1541       1.4019
    1542       1.4003
    1543       1.3470
    1544       1.3189
    1545       1.3230
    1546       1.3999
    1547       1.3915
    1548       1.3300
    1549       1.4480
    1550       1.3652
    1551       1.3380
    1552       1.2847
    1553       1.4080
    1554       1.4385
    1555       1.3882
    1556       1.3839
    1557       1.2838
    1558       1.3323
    1559       1.3121
    1560       1.3056
    1561       1.2522
    1562       1.2871
    1563       1.2675
    1564       1.2769
    1565       1.2370
    1566       1.2013
    1567       1.2111
    1568       1.2599
    1569       1.2364
    1570       1.2554
    1571       1.1801
    1572       1.2768
    1573       1.2545
    1574       1.2935
    1575       1.2046
    1576       1.2348
    1577       1.2585
    1578       1.3311
    1579       1.2487
    1580       1.2268
    1581       1.2904
    1582       1.1850
    1583       1.2283
    1584       1.2118
    1585       1.1214
    1586       1.1331
    1587       1.1342
    1588       1.2084
    1589       1.1623
    1590       1.2578
    1591       1.3019
    1592       1.2735
    1593       1.2433
    1594       1.1954
    1595       1.1895
    1596       1.2435
    1597       1.2569
    1598       1.2430
    1599       1.2473
    1600       1.2737
    1601       1.2723
    1602       1.2319
    1603       1.3243
    1604       1.3080
    1605       1.3486
    1606       1.3014
    1607       1.2892
    1608       1.2915
    1609       1.2503
    1610       1.3776
    1611       1.3613
    1612       1.3605
    1613       1.2863
    1614       1.3024
    1615       1.3833
    1616       1.3457
    1617       1.2821
    1618       1.2860
    1619       1.2272
    1620       1.1578
    1621       1.1394
    1622       1.2494
    1623       1.2502
    1624       1.2363
    1625       1.3100
    1626       1.2666
    1627       1.3302
    1628       1.3229
    1629       1.3622
    1630       1.3951
    1631       1.4178
    1632       1.4158
    1633       1.4146
    1634       1.2868
    1635       1.2585
    1636       1.2763
    1637       1.2447
    1638       1.2052
    1639       1.2855
    1640       1.2811
    1641       1.2858
    1642       1.2297
    1643       1.3495
    1644       1.3675
    1645       1.3501
    1646       1.3152
    1647       1.2285
    1648       1.2582
    1649       1.2569
    1650       1.2853
    1651       1.2596
    1652       1.3176
    1653       1.2939
    1654       1.2911
    1655       1.2646
    1656       1.2536
    1657       1.1985
    1658       1.2725
    1659       1.2561
    1660       1.2134
    1661       1.2349
    1662       1.2091
    1663       1.2063
    1664       1.2932
    1665       1.3156
    1666       1.2243
    1667       1.2556
    1668       1.2487
    1669       1.1877
    1670       1.2664
    1671       1.3021
    1672       1.3328
    1673       1.3437
    1674       1.2927
    1675       1.3099
    1676       1.2694
    1677       1.2636
    1678       1.2317
    1679       1.2340
    1680       1.3236
    1681       1.2846
    1682       1.2119
    1683       1.2147
    1684       1.1770
    1685       1.2201
    1686       1.2121
    1687       1.2846
    1688       1.2851
    1689       1.2982
    1690       1.2594
    1691       1.2362
    1692       1.2424
    1693       1.2837
    1694       1.3354
    1695       1.2990
    1696       1.2466
    1697       1.3124
    1698       1.2491
    1699       1.2680
    1700       1.2939
    1701       1.3110
    1702       1.3018
    1703       1.3557
    1704       1.2909
    1705       1.3653
    1706       1.3406
    1707       1.2633
    1708       1.2671
    1709       1.2953
    1710       1.2558
    1711       1.3264
    1712       1.2751
    1713       1.2576
    1714       1.2472
    1715       1.3918
    1716       1.3111
    1717       1.2668
    1718       1.3093
    1719       1.2522
    1720       1.2879
    1721       1.2643
    1722       1.2706
    1723       1.2192
    1724       1.2314
    1725       1.2086
    1726       1.2450
    1727       1.2219
    1728       1.2563
    1729       1.2703
    1730       1.2694
    1731       1.2870
    1732       1.2764
    1733       1.3764
    1734       1.2831
    1735       1.2574
    1736       1.2793
    1737       1.2471
    1738       1.3080
    1739       1.2415
    1740       1.2976
    1741       1.3337
    1742       1.3307
    1743       1.3476
    1744       1.3967
    1745       1.3884
    1746       1.3349
    1747       1.4288
    1748       1.4659
    1749       1.3984
    1750       1.3246
    1751       1.3601
    1752       1.3400
    1753       1.3390
    1754       1.2527
    1755       1.3356
    1756       1.3406
    1757       1.2869
    1758       1.2890
    1759       1.3021
    1760       1.3561
    1761       1.3456
    1762       1.3244
    1763       1.3943
    1764       1.4289
    1765       1.3718
    1766       1.3149
    1767       1.2581
    1768       1.3389
    1769       1.3603
    1770       1.2919
    1771       1.3504
    1772       1.3539
    1773       1.3362
    1774       1.2300
    1775       1.2652
    1776       1.1837
    1777       1.2836
    1778       1.2185
    1779       1.2427
    1780       1.2235
    1781       1.2873
    1782       1.2115
    1783       1.2640
    1784       1.2610
    1785       1.2480
    1786       1.3301
    1787       1.3119
    1788       1.3030
    1789       1.2797
    1790       1.2025
    1791       1.2064
    1792       1.1980
    1793       1.2249
    1794       1.1538
    1795       1.1244
    1796       1.2231
    1797       1.2517
    1798       1.1756
    1799       1.1807
    1800       1.2329
    1801       1.3005
    1802       1.2551
    1803       1.3834
    1804       1.4181
    1805       1.3429
    1806       1.3995
    1807       1.3846
    1808       1.2530
    1809       1.2764
    1810       1.3144
    1811       1.3441
    1812       1.2905
    1813       1.3218
    1814       1.2489
    1815       1.2671
    1816       1.2901
    1817       1.2837
    1818       1.2674
    1819       1.2483
    1820       1.1807
    1821       1.2170
    1822       1.1455
    1823       1.1865
    1824       1.2006
    1825       1.2232
    1826       1.1869
    1827       1.1420
    1828       1.1943
    1829       1.1647
    1830       1.1645
    1831       1.2454
    1832       1.1522
    1833       1.1480
    1834       1.1833
    1835       1.2159
    1836       1.2531
    1837       1.2450
    1838       1.2739
    1839       1.3081
    1840       1.3716
    1841       1.3650
    1842       1.2630
    1843       1.3058
    1844       1.2505
    1845       1.2700
    1846       1.3354
    1847       1.2464
    1848       1.2776
    1849       1.3190
    1850       1.2679
    1851       1.3677
    1852       1.2776
    1853       1.2687
    1854       1.2936
    1855       1.2509
    1856       1.3070
    1857       1.2872
    1858       1.3064
    1859       1.3231
    1860       1.2872
    1861       1.3618
    1862       1.3210
    1863       1.2805
    1864       1.3143
    1865       1.3416
    1866       1.3635
    1867       1.3409
    1868       1.3029
    1869       1.3163
    1870       1.3081
    1871       1.3362
    1872       1.2599
    1873       1.2438
    1874       1.2674
    1875       1.3246
    1876       1.2942
    1877       1.3930
    1878       1.3244
    1879       1.3671
    1880       1.2979
    1881       1.3255
    1882       1.3655
    1883       1.2994
    1884       1.2741
    1885       1.3270
    1886       1.3845
    1887       1.3748
    1888       1.3402
    1889       1.3976
    1890       1.3869
    1891       1.4097
    1892       1.3485
    1893       1.3081
    1894       1.3826
    1895       1.3286
    1896       1.2931
    1897       1.3426
    1898       1.3259
    1899       1.4127
    1900       1.2985
    1901       1.3198
    1902       1.3139
    1903       1.3064
    1904       1.2551
    1905       1.3091
    1906       1.1906
    1907       1.2496
    1908       1.2528
    1909       1.2410
    1910       1.2376
    1911       1.3094
    1912       1.2870
    1913       1.2878
    1914       1.3046
    1915       1.3386
    1916       1.2484
    1917       1.3248
    1918       1.3578
    1919       1.3486
    1920       1.2468
    1921       1.2328
    1922       1.3162
    1923       1.2964
    1924       1.3871
    1925       1.3410
    1926       1.2975
    1927       1.3372
    1928       1.4125
    1929       1.4568
    1930       1.3660
    1931       1.3132
    1932       1.3577
    1933       1.3032
    1934       1.3863
    1935       1.3014
    1936       1.2818
    1937       1.3076
    1938       1.3212
    1939       1.2764
    1940       1.3701
    1941       1.2842
    1942       1.2445
    1943       1.2742
    1944       1.2867
    1945       1.2813
    1946       1.3356
    1947       1.3031
    1948       1.3722
    1949       1.4170
    1950       1.3026
    1951       1.2744
    1952       1.3058
    1953       1.3436
    1954       1.3035
    1955       1.3658
    1956       1.3150
    1957       1.3202
    1958       1.3244
    1959       1.2797
    1960       1.3229
    1961       1.2381
    1962       1.3103
    1963       1.3142
    1964       1.2652
    1965       1.2508
    1966       1.2601
    1967       1.2525
    1968       1.3343
    1969       1.3645
    1970       1.3710
    1971       1.4117
    1972       1.4714
    1973       1.4776
    1974       1.4440
    1975       1.3714
    1976       1.3196
    1977       1.3293
    1978       1.3718
    1979       1.3941
    1980       1.3565
    1981       1.4094
    1982       1.3013
    1983       1.4822
    1984       1.4238
    1985       1.3245
    1986       1.4072
    1987       1.3573
    1988       1.4076
    1989       1.4204
    1990       1.3295
    1991       1.3635
    1992       1.4819
    1993       1.3653
    1994       1.2983
    1995       1.3480
    1996       1.3438
    1997       1.4448
    1998       1.4127
    1999       1.3376
    2000       1.3171
    2001       1.3654
    2002       1.2845
    2003       1.2424
    2004       1.3574
    2005       1.3476
    2006       1.3402
    2007       1.2907
    2008       1.3295
    2009       1.2545
    2010       1.2689
    2011       1.3438
    2012       1.3016
    2013       1.3287
    2014       1.3469
    2015       1.3686
    2016       1.3009
    2017       1.2906
    2018       1.2936
    2019       1.3548
    2020       1.3215
    2021       1.3572
    2022       1.3301
    2023       1.2757
    2024       1.3192
    2025       1.2827
    2026       1.2420
    2027       1.2013
    2028       1.2846
    2029       1.2731
    2030       1.2588
    2031       1.2684
    2032       1.2390
    2033       1.2752
    2034       1.2136
    2035       1.2880
    2036       1.2951
    2037       1.2993
    2038       1.2772
    2039       1.2331
    2040       1.1672
    2041       1.2647
    2042       1.3128
    2043       1.2470
    2044       1.2325
    2045       1.2922
    2046       1.3281
    2047       1.3671
    2048       1.3409
    2049       1.3583
    2050       1.3281
    2051       1.2950
    2052       1.2676
    2053       1.2498
    2054       1.2873
    2055       1.2932
    2056       1.3319
    2057       1.3223
    2058       1.2474
    2059       1.2284
    2060       1.2861
    2061       1.2759
    2062       1.2749
    2063       1.2567
    2064       1.2166
    2065       1.1945
    2066       1.2430
    2067       1.1816
    2068       1.2090
    2069       1.2788
    2070       1.4084
    2071       1.2758
    2072       1.2697
    2073       1.3167
    2074       1.2039
    2075       1.2734
    2076       1.2799
    2077       1.2007
    2078       1.1920
    2079       1.1705
    2080       1.1704
    2081       1.3093
    2082       1.2196
    2083       1.2919
    2084       1.1876
    2085       1.2156
    2086       1.1957
    2087       1.2418
    2088       1.2654
    2089       1.2369
    2090       1.3082
    2091       1.2335
    2092       1.2784
    2093       1.2332
    2094       1.2422
    2095       1.2290
    2096       1.1976
    2097       1.2228
    2098       1.1933
    2099       1.1840
    2100       1.1376
    2101       1.1905
    2102       1.2370
    2103       1.2893
    2104       1.2161
    2105       1.2252
    2106       1.3238
    2107       1.3101
    2108       1.2499
    2109       1.3024
    2110       1.2436
    2111       1.2894
    2112       1.2428
    2113       1.2770
    2114       1.2811
    2115       1.3270
    2116       1.2814
    2117       1.2253
    2118       1.2554
    2119       1.2962
    2120       1.2612
    2121       1.2608
    2122       1.2898
    2123       1.3151
    2124       1.2967
    2125       1.2778
    2126       1.3014
    2127       1.2580
    2128       1.2782
    2129       1.2243
    2130       1.2210
    2131       1.2341
    2132       1.2270
    2133       1.2577
    2134       1.2221
    2135       1.1820
    2136       1.1628
    2137       1.2193
    2138       1.2359
    2139       1.1961
    2140       1.1893
    2141       1.1681
    2142       1.2692
    2143       1.2977
    2144       1.2627
    2145       1.1948
    2146       1.1890
    2147       1.2098
    2148       1.2827
    2149       1.2070
    2150       1.1829
    2151       1.2544
    2152       1.2944
    2153       1.3187
    2154       1.3104
    2155       1.3032
    2156       1.2313
    2157       1.1887
    2158       1.2505
    2159       1.3565
    2160       1.3003
    2161       1.3560
    2162       1.3281
    2163       1.3167
    2164       1.3413
    2165       1.2733
    2166       1.3130
    2167       1.3446
    2168       1.3607
    2169       1.3329
    2170       1.2997
    2171       1.3083
    2172       1.2818
    2173       1.3189
    2174       1.3468
    2175       1.3583
    2176       1.3789
    2177       1.4153
    2178       1.3791
    2179       1.3786
    2180       1.3620
    2181       1.4144
    2182       1.3272
    2183       1.3664
    2184       1.3572
    2185       1.3678
    2186       1.4545
    2187       1.4177
    2188       1.4416
    2189       1.4475
    2190       1.4071
    2191       1.3652
    2192       1.2692
    2193       1.2801
    2194       1.3429
    2195       1.4343
    2196       1.3915
    2197       1.2839
    2198       1.2886
    2199       1.3129
    2200       1.1923
    2201       1.2404
    2202       1.2507
    2203       1.3134
    2204       1.3725
    2205       1.4027
    2206       1.3624
    2207       1.3476
    2208       1.3687
    2209       1.4002
    2210       1.4427
    2211       1.4320
    2212       1.4413
    2213       1.4206
    2214       1.4622
    2215       1.5225
    2216       1.4307
    2217       1.4936
    2218       1.4833
    2219       1.5584
    2220       1.5101
    2221       1.4989
    2222       1.4677
    2223       1.4852
    2224       1.4900
    2225       1.5065
    2226       1.4053
    2227       1.3280
    2228       1.4367
    2229       1.4381
    2230       1.2560
    2231       1.3635
    2232       1.3503
    2233       1.3945
    2234       1.3437
    2235       1.3326
    2236       1.3256
    2237       1.3635
    2238       1.2933
    2239       1.3278
    2240       1.2407
    2241       1.3015
    2242       1.2925
    2243       1.2526
    2244       1.2571
    2245       1.2975
    2246       1.2149
    2247       1.2052
    2248       1.2056
    2249       1.1681
    2250       1.1931
    2251       1.1929
    2252       1.2078
    2253       1.1827
    2254       1.2607
    2255       1.2307
    2256       1.2223
    2257       1.2083
    2258       1.2114
    2259       1.2131
    2260       1.2610
    2261       1.2743
    2262       1.2845
    2263       1.3488
    2264       1.2932
    2265       1.2571
    2266       1.3277
    2267       1.2880
    2268       1.2885
    2269       1.1933
    2270       1.2227
    2271       1.2766
    2272       1.3277
    2273       1.3466
    2274       1.2733
    2275       1.2232
    2276       1.2733
    2277       1.2898
    2278       1.2883
    2279       1.3158
    2280       1.2890
    2281       1.3259
    2282       1.3284
    2283       1.3474
    2284       1.3352
    2285       1.3027
    2286       1.3764
    2287       1.3709
    2288       1.2818
    2289       1.2403
    2290       1.3147
    2291       1.3534
    2292       1.4256
    2293       1.4391
    2294       1.4357
    2295       1.3477
    2296       1.3961
    2297       1.4154
    2298       1.4719
    2299       1.4592
    2300       1.4406
    2301       1.4165
    2302       1.4164
    2303       1.4050
    2304       1.3450
    2305       1.3506
    2306       1.3941
    2307       1.3595
    2308       1.3191
    2309       1.3342
    2310       1.3786
    2311       1.3700
    2312       1.3067
    2313       1.3438
    2314       1.2721
    2315       1.1982
    2316       1.2177
    2317       1.1768
    2318       1.2478
    2319       1.2153
    2320       1.2081
    2321       1.1944
    2322       1.1389
    2323       1.2543
    2324       1.1923
    2325       1.2180
    2326       1.2051
    2327       1.2172
    2328       1.2138
    2329       1.2384
    2330       1.2565
    2331       1.2113
    2332       1.2534
    2333       1.2540
    2334       1.2721
    2335       1.2792
    2336       1.2966
    2337       1.3422
    2338       1.2909
    2339       1.3743
    2340       1.3583
    2341       1.4014
    2342       1.3681
    2343       1.3751
    2344       1.3506
    2345       1.3568
    2346       1.3600
    2347       1.2393
    2348       1.3388
    2349       1.2231
    2350       1.2684
    2351       1.2619
    2352       1.3654
    2353       1.4073
    2354       1.4218
    2355       1.4649
    2356       1.3854
    2357       1.4418
    2358       1.3715
    2359       1.3300
    2360       1.3924
    2361       1.3988
    2362       1.3884
    2363       1.3184
    2364       1.3153
    2365       1.3348
    2366       1.3280
    2367       1.4146
    2368       1.4500
    2369       1.4043
    2370       1.3578
    2371       1.3598
    2372       1.3871
    2373       1.4525
    2374       1.4613
    2375       1.4602
    2376       1.5949
    2377       1.5743
    2378       1.4889
    2379       1.3145
    2380       1.3568
    2381       1.2933
    2382       1.3072
    2383       1.3133
    2384       1.3198
    2385       1.3468
    2386       1.4023
    2387       1.3944
    2388       1.4145
    2389       1.3807
    2390       1.3309
    2391       1.4041
    2392       1.3878
    2393       1.4097
    2394       1.4845
    2395       1.4477
    2396       1.4643
    2397       1.5893
    2398       1.5187
    2399       1.4908
    2400       1.5026
    2401       1.4814
    2402       1.3463
    2403       1.4210
    2404       1.4660
    2405       1.4340
    2406       1.4634
    2407       1.3914
    2408       1.4151
    2409       1.4505
    2410       1.3680
    2411       1.4306
    2412       1.4846
    2413       1.5221
    2414       1.5267
    2415       1.4836
    2416       1.3945
    2417       1.4470
    2418       1.4839
    2419       1.4793
    2420       1.3974
    2421       1.4742
    2422       1.4363
    2423       1.4270
    2424       1.4355
    2425       1.3905
    2426       1.3453
    2427       1.3761
    2428       1.3290
    2429       1.3143
    2430       1.3086
    2431       1.4035
    2432       1.4260
    2433       1.3173
    2434       1.2934
    2435       1.2658
    2436       1.3496
    2437       1.2664
    2438       1.3145
    2439       1.2776
    2440       1.2679
    2441       1.1626
    2442       1.2259
    2443       1.2645
    2444       1.2567
    2445       1.3381
    2446       1.3649
    2447       1.2850
    2448       1.2724
    2449       1.3036
    2450       1.3136
    2451       1.4032
    2452       1.3687
    2453       1.3314
    2454       1.3288
    2455       1.2939
    2456       1.2477
    2457       1.1997
    2458       1.1966
    2459       1.1736
    2460       1.1745
    2461       1.1910
    2462       1.2205
    2463       1.2403
    2464       1.2900
    2465       1.2650
    2466       1.2264
    2467       1.2896
    2468       1.2759
    2469       1.2909
    2470       1.2923
    2471       1.3713
    2472       1.3644
    2473       1.2206
    2474       1.2702
    2475       1.3033
    2476       1.2900
    2477       1.3277
    2478       1.3032
    2479       1.3871
    2480       1.3774
    2481       1.3783
    2482       1.4171
    2483       1.3559
    2484       1.3727
    2485       1.4496
    2486       1.3945
    2487       1.4467
    2488       1.4598
    2489       1.5699
    2490       1.5023
    2491       1.5729
    2492       1.5788
    2493       1.5929
    2494       1.4658
    2495       1.5212
    2496       1.5102
    2497       1.4545
    2498       1.3811
    2499       1.4411
    2500       1.2883
    2501       1.3060
    2502       1.2929
    2503       1.2583
    2504       1.2986
    2505       1.3195
    2506       1.2698
    2507       1.3731
    2508       1.3623
    2509       1.4393
    2510       1.4555
    2511       1.5038
    2512       1.5074
    2513       1.4929
    2514       1.4485
    2515       1.4888
    2516       1.4594
    2517       1.4362
    2518       1.3464
    2519       1.3955
    2520       1.3501
    2521       1.3526
    2522       1.4441
    2523       1.3294
    2524       1.3091
    2525       1.3262
    2526       1.2516
    2527       1.3129
    2528       1.3688
    2529       1.3466
    2530       1.4394
    2531       1.4510
    2532       1.4128
    2533       1.4313
    2534       1.4624
    2535       1.4059
    2536       1.3085
    2537       1.3743
    2538       1.3295
    2539       1.3475
    2540       1.3892
    2541       1.3979
    2542       1.4263
    2543       1.3589
    2544       1.4234
    2545       1.4202
    2546       1.4497
    2547       1.4274
    2548       1.4491
    2549       1.4571
    2550       1.3780
    2551       1.3614
    2552       1.2549
    2553       1.3082
    2554       1.3177
    2555       1.4194
    2556       1.5006
    2557       1.4689
    2558       1.5199
    2559       1.3684
    2560       1.3829
    2561       1.4043
    2562       1.3837
    2563       1.3012
    2564       1.3885
    2565       1.2831
    2566       1.4043
    2567       1.5038
    2568       1.5758
    2569       1.5756
    2570       1.6915
    2571       1.5759
    2572       1.5561
    2573       1.6100
    2574       1.4821
    2575       1.5592
    2576       1.5053
    2577       1.4738
    2578       1.4799
    2579       1.4292
    2580       1.5169
    2581       1.4611
    2582       1.5282
    2583       1.4654
    2584       1.3689
    2585       1.3761
    2586       1.3677
    2587       1.3930
    2588       1.3788
    2589       1.3970
    2590       1.3650
    2591       1.5148
    2592       1.4587
    2593       1.4272
    2594       1.4476
    2595       1.4642
    2596       1.3872
    2597       1.3744
    2598       1.3375
    2599       1.3875
    2600       1.4236
    2601       1.3845
    2602       1.4188
    2603       1.4231
    2604       1.3581
    2605       1.4937
    2606       1.4963
    2607       1.4641
    2608       1.5381
    2609       1.4993
    2610       1.5037
    2611       1.3755
    2612       1.3828
    2613       1.3326
    2614       1.3705
    2615       1.3782
    2616       1.4002
    2617       1.4489
    2618       1.4837
    2619       1.6038
    2620       1.5215
    2621       1.5903
    2622       1.5518
    2623       1.5677
    2624       1.5799
    2625       1.5131
    2626       1.3676
    2627       1.3318
    2628       1.2209
    2629       1.3764
    2630       1.3815
    2631       1.3821
    2632       1.3545
    2633       1.2989
    2634       1.3018
    2635       1.3207
    2636       1.3382
    2637       1.2995
    2638       1.3628
    2639       1.3697
    2640       1.3247
    2641       1.2950
    2642       1.3409
    2643       1.3587
    2644       1.3214
    2645       1.3158
    2646       1.2654
    2647       1.3299
    2648       1.2710
    2649       1.2429
    2650       1.2800
    2651       1.2372
    2652       1.2780
    2653       1.2196
    2654       1.2805
    2655       1.4020
    2656       1.4037
    2657       1.4546
    2658       1.4283
    2659       1.4567
    2660       1.4240
    2661       1.4624
    2662       1.4757
    2663       1.4765
    2664       1.5527
    2665       1.4754
    2666       1.4442
    2667       1.5094
    2668       1.5436
    2669       1.5490
    2670       1.4601
    2671       1.3412
    2672       1.3855
    2673       1.3061
    2674       1.3736
    2675       1.3310
    2676       1.2614
    2677       1.3009
    2678       1.2872
    2679       1.2770
    2680       1.2396
    2681       1.3035
    2682       1.3135
    2683       1.2796
    2684       1.3304
    2685       1.2916
    2686       1.2915
    2687       1.2555
    2688       1.2214
    2689       1.2486
    2690       1.2451
    2691       1.2746
    2692       1.2726
    2693       1.2445
    2694       1.2649
    2695       1.3089
    2696       1.2282
    2697       1.2452
    2698       1.2438
    2699       1.2733
    2700       1.3592
    2701       1.2560
    2702       1.3048
    2703       1.2851
    2704       1.2285
    2705       1.2621
    2706       1.2286
    2707       1.2165
    2708       1.2437
    2709       1.2572
    2710       1.2124
    2711       1.2428
    2712       1.1688
    2713       1.1978
    2714       1.2154
    2715       1.2330
    2716       1.2518
    2717       1.3149
    2718       1.3108
    2719       1.2316
    2720       1.1571
    2721       1.2167
    2722       1.2558
    2723       1.2185
    2724       1.2128
    2725       1.2798
    2726       1.3064
    2727       1.2651
    2728       1.2562
    2729       1.2340
    2730       1.3112
    2731       1.2754
    2732       1.2635
    2733       1.2451
    2734       1.2167
    2735       1.1734
    2736       1.1976
    2737       1.2668
    2738       1.2715
    2739       1.1913
    2740       1.3036
    2741       1.2042
    2742       1.2427
    2743       1.2681
    2744       1.3019
    2745       1.3007
    2746       1.2708
    2747       1.3072
    2748       1.2924
    2749       1.3469
    2750       1.3421
    2751       1.3658
    2752       1.3466
    2753       1.3302
    2754       1.3258
    2755       1.2492
    2756       1.3201
    2757       1.2868
    2758       1.2853
    2759       1.3090
    2760       1.2605
    2761       1.2817
    2762       1.3045
    2763       1.3085
    2764       1.3397
    2765       1.3491
    2766       1.3317
    2767       1.3005
    2768       1.3303
    2769       1.3121
    2770       1.2591
    2771       1.2720
    2772       1.3406
    2773       1.2609
    2774       1.3097
    2775       1.2920
    2776       1.3126
    2777       1.2735
    2778       1.3493
    2779       1.3684
    2780       1.3413
    2781       1.2856
    2782       1.2826
    2783       1.1873
    2784       1.1593
    2785       1.2579
    2786       1.2769
    2787       1.3038
    2788       1.2489
    2789       1.2396
    2790       1.2739
    2791       1.3309
    2792       1.3348
    2793       1.2341
    2794       1.2299
    2795       1.3266
    2796       1.3053
    2797       1.2750
    2798       1.2558
    2799       1.2567
    2800       1.2366
    2801       1.3001
    2802       1.1912
    2803       1.2180
    2804       1.2747
    2805       1.2909
    2806       1.2961
    2807       1.2676
    2808       1.2378
    2809       1.3254
    2810       1.3055
    2811       1.3603
    2812       1.3466
    2813       1.4245
    2814       1.3829
    2815       1.4504
    2816       1.3998
    2817       1.3733
    2818       1.3405
    2819       1.3964
    2820       1.3904
    2821       1.4254
    2822       1.4410
    2823       1.4109
    2824       1.4199
    2825       1.3996
    2826       1.3967
    2827       1.4199
    2828       1.4719
    2829       1.4692
    2830       1.4211
    2831       1.4102
    2832       1.4155
    2833       1.4239
    2834       1.4535
    2835       1.3711
    2836       1.3666
    2837       1.3936
    2838       1.4097
    2839       1.3877
    2840       1.3495
    2841       1.3332
    2842       1.3758
    2843       1.3804
    2844       1.4181
    2845       1.3494
    2846       1.4364
    2847       1.4119
    2848       1.4954
    2849       1.4044
    2850       1.4088
    2851       1.4759
    2852       1.3783
    2853       1.3316
    2854       1.4250
    2855       1.4567
    2856       1.3217
    2857       1.3791
    2858       1.4221
    2859       1.3670
    2860       1.3807
    2861       1.3853
    2862       1.4034
    2863       1.4205
    2864       1.3888
    2865       1.2987
    2866       1.3697
    2867       1.3369
    2868       1.3318
    2869       1.2934
    2870       1.3480
    2871       1.3689
    2872       1.3327
    2873       1.3406
    2874       1.3401
    2875       1.4180
    2876       1.3257
    2877       1.4178
    2878       1.4225
    2879       1.4080
    2880       1.3290
    2881       1.3739
    2882       1.3957
    2883       1.3323
    2884       1.3222
    2885       1.4522
    2886       1.3666
    2887       1.4303
    2888       1.5090
    2889       1.3732
    2890       1.3945
    2891       1.4152
    2892       1.4335
    2893       1.4723
    2894       1.4694
    2895       1.4531
    2896       1.4320
    2897       1.4664
    2898       1.5121
    2899       1.4852
    2900       1.4650
    2901       1.4161
    2902       1.3842
    2903       1.4079
    2904       1.4745
    2905       1.4880
    2906       1.4639
    2907       1.4414
    2908       1.4134
    2909       1.4734
    2910       1.3855
    2911       1.5366
    2912       1.4126
    2913       1.4725
    2914       1.4705
    2915       1.3788
    2916       1.3430
    2917       1.4126
    2918       1.3857
    2919       1.3723
    2920       1.3495
    2921       1.4444
    2922       1.3361
    2923       1.3978
    2924       1.3602
    2925       1.4059
    2926       1.3959
    2927       1.3993
    2928       1.3167
    2929       1.3464
    2930       1.3467
    2931       1.4121
    2932       1.3842
    2933       1.3814
    2934       1.4119
    2935       1.3550
    2936       1.4433
    2937       1.4524
    2938       1.3310
    2939       1.3496
    2940       1.4522
    2941       1.4127
    2942       1.4984
    2943       1.5005
    2944       1.5196
    2945       1.5015
    2946       1.4891
    2947       1.5151
    2948       1.5407
    2949       1.4826
    2950       1.5157
    2951       1.5027
    2952       1.4610
    2953       1.4120
    2954       1.5295
    2955       1.3592
    2956       1.3682
    2957       1.4071
    2958       1.4048
    2959       1.4018
    2960       1.4298
    2961       1.3324
    2962       1.3926
    2963       1.4383
    2964       1.3536
    2965       1.4280
    2966       1.3749
    2967       1.3845
    2968       1.3348
    2969       1.3498
    2970       1.3310
    2971       1.2969
    2972       1.3475
    2973       1.3889
    2974       1.3421
    2975       1.3413
    2976       1.2514
    2977       1.3353
    2978       1.3662
    2979       1.3316
    2980       1.3882
    2981       1.3193
    2982       1.3505
    2983       1.4047
    2984       1.3907
    2985       1.3658
    2986       1.3458
    2987       1.3246
    2988       1.4105
    2989       1.3603
    2990       1.3296
    2991       1.3715
    2992       1.4285
    2993       1.4384
    2994       1.4700
    2995       1.3989
    2996       1.4015
    2997       1.3578
    2998       1.3727
    2999       1.3797
    3000       1.3860
    3001       1.4405
    3002       1.4744
    3003       1.4290
    3004       1.4933
    3005       1.4449
    3006       1.4113
    3007       1.4283
    3008       1.4504
    3009       1.4554
    3010       1.4054
    3011       1.3803
    3012       1.4240
    3013       1.4327
    3014       1.4492
    3015       1.5214
    3016       1.4184
    3017       1.4025
    3018       1.3083
    3019       1.3371
    3020       1.3725
    3021       1.3744
    3022       1.3600
    3023       1.3173
    3024       1.3741
    3025       1.4090
    3026       1.3857
    3027       1.4534
    3028       1.4045
    3029       1.4594
    3030       1.4362
    3031       1.4072
    3032       1.3645
    3033       1.4206
    3034       1.4525
    3035       1.5142
    3036       1.4966
    3037       1.4919
    3038       1.5247
    3039       1.4716
    3040       1.5189
    3041       1.5155
    3042       1.4457
    3043       1.4508
    3044       1.5079
    3045       1.5365
    3046       1.4707
    3047       1.4836
    3048       1.4761
    3049       1.3979
    3050       1.3743
    3051       1.3301
    3052       1.3383
    3053       1.3335
    3054       1.3285
    3055       1.3255
    3056       1.3058
    3057       1.3503
    3058       1.3433
    3059       1.3284
    3060       1.3174
    3061       1.2560
    3062       1.4028
    3063       1.4179
    3064       1.3591
    3065       1.3907
    3066       1.3502
    3067       1.3841
    3068       1.4512
    3069       1.4822
    3070       1.4331
    3071       1.3971
    3072       1.3857
    3073       1.3812
    3074       1.3857
    3075       1.3839
    3076       1.4325
    3077       1.3883
    3078       1.4111
    3079       1.5272
    3080       1.4493
    3081       1.4251
    3082       1.4288
    3083       1.3803
    3084       1.4132
    3085       1.3083
    3086       1.4129
    3087       1.3106
    3088       1.3019
    3089       1.3205
    3090       1.2953
    3091       1.3269
    3092       1.2623
    3093       1.3591
    3094       1.3650
    3095       1.3156
    3096       1.3396
    3097       1.3625
    3098       1.2911
    3099       1.2978
    3100       1.3888
    3101       1.3691
    3102       1.3359
    3103       1.3249
    3104       1.4059
    3105       1.3663
    3106       1.3435
    3107       1.3672
    3108       1.4164
    3109       1.4426
    3110       1.4698
    3111       1.4656
    3112       1.4009
    3113       1.3379
    3114       1.4100
    3115       1.4004
    3116       1.4324
    3117       1.4396
    3118       1.4360
    3119       1.3959
    3120       1.3885
    3121       1.3952
    3122       1.3660
    3123       1.3893
    3124       1.4205
    3125       1.4377
