#Frame     RMSD_00001
       1       0.0000
       2       0.6146
       3       0.6800
       4       0.7164
       5       0.7127
       6       0.6719
       7       0.7604
       8       0.7295
       9       0.7063
      10       0.7795
      11       0.8122
      12       0.8278
      13       0.8904
      14       0.9442
      15       0.8724
      16       0.8291
      17       0.8411
      18       0.8704
      19       0.8946
      20       0.9438
      21       0.9209
      22       0.9339
      23       0.9690
      24       0.9821
      25       0.9523
      26       1.0697
      27       1.0564
      28       1.0468
      29       1.0334
      30       1.1311
      31       1.2090
      32       1.0497
      33       1.0893
      34       1.0992
      35       1.1467
      36       1.2827
      37       1.2563
      38       1.3601
      39       1.3703
      40       1.3115
      41       1.2632
      42       1.2592
      43       1.1788
      44       1.1224
      45       1.1549
      46       1.1907
      47       1.1854
      48       1.1390
      49       1.1068
      50       1.2202
      51       1.1719
      52       1.3076
      53       1.2891
      54       1.3011
      55       1.3202
      56       1.2981
      57       1.2404
      58       1.1320
      59       1.0769
      60       1.0997
      61       1.0842
      62       1.0634
      63       1.0186
      64       1.0147
      65       1.0401
      66       0.9177
      67       0.9564
      68       0.9594
      69       0.9570
      70       0.9331
      71       0.8730
      72       0.8891
      73       0.9038
      74       0.9906
      75       0.9666
      76       1.0305
      77       1.0763
      78       1.1361
      79       1.1937
      80       1.2873
      81       1.2420
      82       1.2844
      83       1.2246
      84       1.2229
      85       1.2849
      86       1.4117
      87       1.4122
      88       1.3493
      89       1.3547
      90       1.3488
      91       1.3957
      92       1.4567
      93       1.3081
      94       1.3426
      95       1.2518
      96       1.2691
      97       1.2651
      98       1.1279
      99       1.1140
     100       1.1477
     101       1.0762
     102       1.1158
     103       1.0970
     104       1.1160
     105       1.2020
     106       1.2696
     107       1.1319
     108       1.1470
     109       1.0941
     110       1.0747
     111       1.1536
     112       1.2485
     113       1.2705
     114       1.2365
     115       1.1717
     116       1.1409
     117       1.1238
     118       1.1523
     119       1.0989
     120       1.1051
     121       1.0565
     122       1.0666
     123       1.1349
     124       1.1244
     125       1.0702
     126       1.1744
     127       1.1977
     128       1.2986
     129       1.2322
     130       1.2474
     131       1.1940
     132       1.1766
     133       1.1832
     134       1.2049
     135       1.2171
     136       1.2574
     137       1.2483
     138       1.2424
     139       1.2244
     140       1.2268
     141       1.3023
     142       1.2171
     143       1.1699
     144       1.1586
     145       1.1514
     146       1.1734
     147       1.0999
     148       1.1127
     149       1.2248
     150       1.1984
     151       1.2078
     152       1.2555
     153       1.2120
     154       1.1833
     155       1.1194
     156       1.2446
     157       1.2218
     158       1.1005
     159       1.0689
     160       1.1387
     161       1.2255
     162       1.2962
     163       1.2469
     164       1.1858
     165       1.1973
     166       1.1936
     167       1.1812
     168       1.2054
     169       1.2440
     170       1.1801
     171       1.1934
     172       1.2142
     173       1.1968
     174       1.2374
     175       1.1831
     176       1.1503
     177       1.1784
     178       1.2377
     179       1.1810
     180       1.1424
     181       1.1689
     182       1.0980
     183       1.1512
     184       1.1155
     185       1.0600
     186       1.0711
     187       1.1416
     188       1.1417
     189       1.1934
     190       1.1755
     191       1.1605
     192       1.1618
     193       1.1483
     194       1.1553
     195       1.0826
     196       1.0709
     197       1.1221
     198       1.2020
     199       1.0877
     200       1.2332
     201       1.2683
     202       1.1694
     203       1.1635
     204       1.1992
     205       1.2347
     206       1.2412
     207       1.3197
     208       1.2210
     209       1.1051
     210       1.1732
     211       1.2343
     212       1.1888
     213       1.2311
     214       1.1782
     215       1.1512
     216       1.1857
     217       1.1308
     218       1.1796
     219       1.2051
     220       1.1711
     221       1.2251
     222       1.2267
     223       1.1799
     224       1.1704
     225       1.2267
     226       1.2397
     227       1.1852
     228       1.2271
     229       1.1560
     230       1.1704
     231       1.1655
     232       1.2496
     233       1.3112
     234       1.2223
     235       1.2411
     236       1.2233
     237       1.1888
     238       1.2154
     239       1.1823
     240       1.1853
     241       1.1015
     242       1.2155
     243       1.1690
     244       1.1014
     245       1.1854
     246       1.1282
     247       1.0878
     248       1.1616
     249       1.1940
     250       1.1453
     251       1.1687
     252       1.2084
     253       1.2474
     254       1.2271
     255       1.1917
     256       1.1481
     257       1.1813
     258       1.1807
     259       1.2045
     260       1.2800
     261       1.2403
     262       1.1508
     263       1.2198
     264       1.2268
     265       1.1205
     266       1.1227
     267       1.1361
     268       1.2245
     269       1.3041
     270       1.1886
     271       1.1599
     272       1.1111
     273       1.2134
     274       1.1187
     275       1.1213
     276       1.1149
     277       1.0959
     278       1.2145
     279       1.3174
     280       1.3143
     281       1.2786
     282       1.2608
     283       1.2193
     284       1.1596
     285       1.1744
     286       1.1122
     287       1.1171
     288       1.1448
     289       1.1616
     290       1.1486
     291       1.1423
     292       1.1695
     293       1.2105
     294       1.1501
     295       1.2669
     296       1.1857
     297       1.1279
     298       1.1264
     299       1.1421
     300       1.1482
     301       1.1894
     302       1.1660
     303       1.1585
     304       1.0453
     305       1.1276
     306       1.0556
     307       1.0816
     308       1.1598
     309       1.1210
     310       1.1324
     311       1.1450
     312       1.1442
     313       1.1363
     314       1.1025
     315       1.1237
     316       1.1893
     317       1.2443
     318       1.1022
     319       1.1644
     320       1.1618
     321       1.2254
     322       1.2130
     323       1.1393
     324       1.1547
     325       1.1427
     326       1.1807
     327       1.2501
     328       1.1565
     329       1.1959
     330       1.2085
     331       1.1898
     332       1.2189
     333       1.2272
     334       1.1589
     335       1.1854
     336       1.1719
     337       1.2184
     338       1.1378
     339       1.1046
     340       1.1408
     341       1.1144
     342       1.1347
     343       1.1448
     344       1.2348
     345       1.2273
     346       1.1973
     347       1.2051
     348       1.2382
     349       1.1902
     350       1.2466
     351       1.2478
     352       1.3364
     353       1.2938
     354       1.2778
     355       1.2349
     356       1.2835
     357       1.2659
     358       1.2380
     359       1.2907
     360       1.1878
     361       1.2028
     362       1.2228
     363       1.2096
     364       1.1904
     365       1.2263
     366       1.1443
     367       1.0901
     368       1.1243
     369       1.1779
     370       1.1822
     371       1.1705
     372       1.1801
     373       1.1529
     374       1.1046
     375       1.1399
     376       1.1837
     377       1.2042
     378       1.2319
     379       1.1971
     380       1.1481
     381       1.1665
     382       1.1648
     383       1.1414
     384       1.1368
     385       1.1276
     386       1.1512
     387       1.1701
     388       1.2600
     389       1.2357
     390       1.3020
     391       1.2520
     392       1.2055
     393       1.2149
     394       1.2348
     395       1.3003
     396       1.3333
     397       1.3962
     398       1.3318
     399       1.2346
     400       1.2502
     401       1.2906
     402       1.2770
     403       1.2568
     404       1.1656
     405       1.2289
     406       1.1701
     407       1.2833
     408       1.2740
     409       1.2448
     410       1.2505
     411       1.3240
     412       1.3072
     413       1.3303
     414       1.2913
     415       1.2770
     416       1.2379
     417       1.1828
     418       1.1537
     419       1.2180
     420       1.1676
     421       1.2154
     422       1.1745
     423       1.2021
     424       1.2238
     425       1.1980
     426       1.1870
     427       1.2093
     428       1.2185
     429       1.2718
     430       1.2417
     431       1.2353
     432       1.2616
     433       1.2710
     434       1.2759
     435       1.2079
     436       1.2448
     437       1.2869
     438       1.3144
     439       1.2313
     440       1.2143
     441       1.2355
     442       1.2970
     443       1.2882
     444       1.3905
     445       1.3980
     446       1.3081
     447       1.3019
     448       1.3291
     449       1.3890
     450       1.3984
     451       1.4071
     452       1.4088
     453       1.4364
     454       1.3617
     455       1.4309
     456       1.3461
     457       1.3532
     458       1.3659
     459       1.3834
     460       1.2684
     461       1.2498
     462       1.1946
     463       1.2799
     464       1.2596
     465       1.2160
     466       1.2090
     467       1.2424
     468       1.2267
     469       1.2065
     470       1.2843
     471       1.2813
     472       1.3262
     473       1.3628
     474       1.2507
     475       1.2768
     476       1.2587
     477       1.2395
     478       1.2587
     479       1.2544
     480       1.3164
     481       1.3187
     482       1.3021
     483       1.2953
     484       1.3275
     485       1.2865
     486       1.2905
     487       1.2562
     488       1.2926
     489       1.2884
     490       1.3841
     491       1.3468
     492       1.3477
     493       1.3336
     494       1.3150
     495       1.2132
     496       1.2720
     497       1.2631
     498       1.3293
     499       1.3311
     500       1.3711
     501       1.2870
     502       1.3093
     503       1.2817
     504       1.4310
     505       1.3895
     506       1.4546
     507       1.3977
     508       1.4808
     509       1.4354
     510       1.4863
     511       1.5388
     512       1.5093
     513       1.5123
     514       1.4126
     515       1.3894
     516       1.3918
     517       1.3616
     518       1.3200
     519       1.4160
     520       1.4051
     521       1.3161
     522       1.3809
     523       1.3391
     524       1.3457
     525       1.3819
     526       1.3792
     527       1.4076
     528       1.3875
     529       1.4177
     530       1.3454
     531       1.3207
     532       1.2667
     533       1.3190
     534       1.2821
     535       1.3558
     536       1.3262
     537       1.3132
     538       1.3497
     539       1.2782
     540       1.2580
     541       1.3340
     542       1.3711
     543       1.3047
     544       1.3961
     545       1.4246
     546       1.4151
     547       1.4998
     548       1.4284
     549       1.4211
     550       1.3149
     551       1.3117
     552       1.3026
     553       1.3383
     554       1.2239
     555       1.2737
     556       1.1523
     557       1.1998
     558       1.1941
     559       1.1795
     560       1.1718
     561       1.1744
     562       1.2223
     563       1.2195
     564       1.2708
     565       1.2324
     566       1.2378
     567       1.2125
     568       1.2051
     569       1.1946
     570       1.2014
     571       1.2516
     572       1.1824
     573       1.3258
     574       1.2553
     575       1.3405
     576       1.2704
     577       1.3088
     578       1.3341
     579       1.3187
     580       1.3006
     581       1.3464
     582       1.2753
     583       1.2627
     584       1.2416
     585       1.2374
     586       1.2790
     587       1.2586
     588       1.2284
     589       1.2555
     590       1.2768
     591       1.3523
     592       1.3760
     593       1.3570
     594       1.3804
     595       1.3263
     596       1.3879
     597       1.3788
     598       1.4486
     599       1.4564
     600       1.4248
     601       1.4204
     602       1.4044
     603       1.4743
     604       1.4151
     605       1.4098
     606       1.3620
     607       1.4093
     608       1.4222
     609       1.4354
     610       1.3854
     611       1.2935
     612       1.3386
     613       1.3711
     614       1.3013
     615       1.3536
     616       1.3788
     617       1.3885
     618       1.2864
     619       1.2712
     620       1.2873
     621       1.2574
     622       1.2552
     623       1.3106
     624       1.3683
     625       1.4181
     626       1.2527
     627       1.2758
     628       1.2326
     629       1.2618
     630       1.2963
     631       1.3657
     632       1.2742
     633       1.3308
     634       1.2968
     635       1.3710
     636       1.3764
     637       1.4513
     638       1.3304
     639       1.3841
     640       1.3975
     641       1.4243
     642       1.4406
     643       1.3527
     644       1.3279
     645       1.3774
     646       1.3859
     647       1.2615
     648       1.2904
     649       1.2627
     650       1.3359
     651       1.2452
     652       1.2962
     653       1.2444
     654       1.3234
     655       1.3770
     656       1.3875
     657       1.4232
     658       1.4364
     659       1.3725
     660       1.3656
     661       1.4283
     662       1.3970
     663       1.3513
     664       1.3731
     665       1.3092
     666       1.2775
     667       1.2145
     668       1.1507
     669       1.2424
     670       1.2894
     671       1.2689
     672       1.2701
     673       1.2671
     674       1.3051
     675       1.2370
     676       1.2334
     677       1.2043
     678       1.2761
     679       1.2049
     680       1.2406
     681       1.3318
     682       1.3132
     683       1.1773
     684       1.2558
     685       1.2377
     686       1.2622
     687       1.2927
     688       1.4011
     689       1.4323
     690       1.3767
     691       1.4557
     692       1.3862
     693       1.3830
     694       1.3390
     695       1.3949
     696       1.4256
     697       1.2780
     698       1.3915
     699       1.4666
     700       1.3570
     701       1.4923
     702       1.2861
     703       1.2904
     704       1.2579
     705       1.2697
     706       1.3246
     707       1.2763
     708       1.3204
     709       1.2671
     710       1.2559
     711       1.2964
     712       1.2645
     713       1.2511
     714       1.2901
     715       1.3050
     716       1.2582
     717       1.2397
     718       1.2490
     719       1.2422
     720       1.2722
     721       1.2882
     722       1.2558
     723       1.2722
     724       1.2641
     725       1.4011
     726       1.2787
     727       1.2684
     728       1.2734
     729       1.2734
     730       1.2489
     731       1.2106
     732       1.2361
     733       1.2835
     734       1.3513
     735       1.2912
     736       1.3758
     737       1.3654
     738       1.4282
     739       1.4210
     740       1.4556
     741       1.4496
     742       1.4405
     743       1.3108
     744       1.3651
     745       1.3652
     746       1.3661
     747       1.3985
     748       1.4239
     749       1.4279
     750       1.3717
     751       1.3705
     752       1.4350
     753       1.3495
     754       1.2552
     755       1.2121
     756       1.2520
     757       1.2319
     758       1.2083
     759       1.1720
     760       1.2007
     761       1.1852
     762       1.2500
     763       1.2160
     764       1.2254
     765       1.2626
     766       1.2996
     767       1.2926
     768       1.2858
     769       1.2031
     770       1.2373
     771       1.1827
     772       1.1925
     773       1.2572
     774       1.2146
     775       1.2481
     776       1.2862
     777       1.2923
     778       1.2781
     779       1.2303
     780       1.2292
     781       1.1850
     782       1.1888
     783       1.1676
     784       1.2735
     785       1.3278
     786       1.4165
     787       1.3761
     788       1.3576
     789       1.2976
     790       1.3199
     791       1.3792
     792       1.4299
     793       1.4947
     794       1.4348
     795       1.5016
     796       1.3690
     797       1.3745
     798       1.4657
     799       1.4790
     800       1.4134
     801       1.4377
     802       1.5650
     803       1.5342
     804       1.5476
     805       1.5291
     806       1.4827
     807       1.6230
     808       1.6156
     809       1.6116
     810       1.6533
     811       1.5292
     812       1.5253
     813       1.5225
     814       1.5824
     815       1.4610
     816       1.5251
     817       1.4575
     818       1.3845
     819       1.3983
     820       1.3396
     821       1.2838
     822       1.3012
     823       1.3110
     824       1.3027
     825       1.3021
     826       1.3454
     827       1.2987
     828       1.2945
     829       1.4645
     830       1.3491
     831       1.3364
     832       1.3151
     833       1.3391
     834       1.3355
     835       1.3239
     836       1.3376
     837       1.3396
     838       1.3034
     839       1.3009
     840       1.2165
     841       1.1963
     842       1.2746
     843       1.3303
     844       1.3504
     845       1.3076
     846       1.3979
     847       1.3530
     848       1.3824
     849       1.4405
     850       1.4090
     851       1.4892
     852       1.4217
     853       1.4021
     854       1.3959
     855       1.3585
     856       1.3627
     857       1.3735
     858       1.2882
     859       1.3654
     860       1.3258
     861       1.3339
     862       1.2997
     863       1.3116
     864       1.3913
     865       1.3953
     866       1.4073
     867       1.3688
     868       1.3240
     869       1.3855
     870       1.4581
     871       1.4435
     872       1.4370
     873       1.5424
     874       1.5654
     875       1.5121
     876       1.4249
     877       1.3642
     878       1.4785
     879       1.4347
     880       1.4393
     881       1.4236
     882       1.4008
     883       1.4114
     884       1.4526
     885       1.3748
     886       1.3358
     887       1.2961
     888       1.3838
     889       1.3879
     890       1.5152
     891       1.4716
     892       1.5414
     893       1.5243
     894       1.3990
     895       1.4114
     896       1.3987
     897       1.4551
     898       1.3776
     899       1.3584
     900       1.3737
     901       1.2766
     902       1.3277
     903       1.3470
     904       1.3807
     905       1.2998
     906       1.3695
     907       1.3512
     908       1.2382
     909       1.2816
     910       1.3863
     911       1.2554
     912       1.2430
     913       1.3136
     914       1.4064
     915       1.2965
     916       1.2964
     917       1.3080
     918       1.3198
     919       1.3267
     920       1.3744
     921       1.2794
     922       1.1765
     923       1.1765
     924       1.1882
     925       1.2804
     926       1.2599
     927       1.2773
     928       1.3097
     929       1.4055
     930       1.2957
     931       1.3842
     932       1.2927
     933       1.2453
     934       1.2286
     935       1.2393
     936       1.2421
     937       1.2668
     938       1.3433
     939       1.3757
     940       1.3449
     941       1.2768
     942       1.3278
     943       1.3229
     944       1.2984
     945       1.3127
     946       1.2680
     947       1.3165
     948       1.3101
     949       1.3208
     950       1.2831
     951       1.2973
     952       1.3334
     953       1.3719
     954       1.4136
     955       1.4341
     956       1.3190
     957       1.3318
     958       1.3519
     959       1.3002
     960       1.2885
     961       1.2935
     962       1.3365
     963       1.2815
     964       1.3021
     965       1.3273
     966       1.3469
     967       1.3298
     968       1.3180
     969       1.3006
     970       1.3278
     971       1.2787
     972       1.3449
     973       1.2689
     974       1.3637
     975       1.3295
     976       1.3920
     977       1.3327
     978       1.4107
     979       1.3566
     980       1.3821
     981       1.3658
     982       1.3213
     983       1.3706
     984       1.3983
     985       1.3339
     986       1.3009
     987       1.3362
     988       1.3603
     989       1.3845
     990       1.4136
     991       1.3780
     992       1.4283
     993       1.3991
     994       1.3236
     995       1.3155
     996       1.4002
     997       1.3671
     998       1.4140
     999       1.4162
    1000       1.4108
    1001       1.3485
    1002       1.3473
    1003       1.4586
    1004       1.5148
    1005       1.5090
    1006       1.4625
    1007       1.3955
    1008       1.5500
    1009       1.5515
    1010       1.5394
    1011       1.5152
    1012       1.5071
    1013       1.4580
    1014       1.3619
    1015       1.3965
    1016       1.3652
    1017       1.3652
    1018       1.4248
    1019       1.4460
    1020       1.4727
    1021       1.3698
    1022       1.3245
    1023       1.3665
    1024       1.3804
    1025       1.3357
    1026       1.2315
    1027       1.3240
    1028       1.3008
    1029       1.2488
    1030       1.2396
    1031       1.2714
    1032       1.2962
    1033       1.3088
    1034       1.2583
    1035       1.3058
    1036       1.3554
    1037       1.3485
    1038       1.3149
    1039       1.3437
    1040       1.4029
    1041       1.4107
    1042       1.4460
    1043       1.4826
    1044       1.4086
    1045       1.2999
    1046       1.2376
    1047       1.2606
    1048       1.3067
    1049       1.2906
    1050       1.3673
    1051       1.3141
    1052       1.3153
    1053       1.3138
    1054       1.3546
    1055       1.3651
    1056       1.3643
    1057       1.3195
    1058       1.3257
    1059       1.3763
    1060       1.2667
    1061       1.2269
    1062       1.3082
    1063       1.3426
    1064       1.2691
    1065       1.3143
    1066       1.3240
    1067       1.3666
    1068       1.4163
    1069       1.4217
    1070       1.5590
    1071       1.4726
    1072       1.5283
    1073       1.3700
    1074       1.3729
    1075       1.3937
    1076       1.3101
    1077       1.2487
    1078       1.2556
    1079       1.2929
    1080       1.3106
    1081       1.2448
    1082       1.2611
    1083       1.2657
    1084       1.3323
    1085       1.3406
    1086       1.2764
    1087       1.3580
    1088       1.4014
    1089       1.2970
    1090       1.3382
    1091       1.3636
    1092       1.3477
    1093       1.2733
    1094       1.3377
    1095       1.3931
    1096       1.3486
    1097       1.2959
    1098       1.2875
    1099       1.3189
    1100       1.3394
    1101       1.3342
    1102       1.2441
    1103       1.2946
    1104       1.3434
    1105       1.3778
    1106       1.4587
    1107       1.3908
    1108       1.4162
    1109       1.3837
    1110       1.4718
    1111       1.4660
    1112       1.5151
    1113       1.4425
    1114       1.4622
    1115       1.4168
    1116       1.4506
    1117       1.3898
    1118       1.4174
    1119       1.3863
    1120       1.3758
    1121       1.3068
    1122       1.2539
    1123       1.2236
    1124       1.3248
    1125       1.3801
    1126       1.3995
    1127       1.3873
    1128       1.2664
    1129       1.2960
    1130       1.3186
    1131       1.3750
    1132       1.2948
    1133       1.3071
    1134       1.3085
    1135       1.2832
    1136       1.2718
    1137       1.2956
    1138       1.3508
    1139       1.3175
    1140       1.4142
    1141       1.3720
    1142       1.4267
    1143       1.4271
    1144       1.4062
    1145       1.3939
    1146       1.4389
    1147       1.4190
    1148       1.4901
    1149       1.4797
    1150       1.4207
    1151       1.4295
    1152       1.4668
    1153       1.5774
    1154       1.4813
    1155       1.4802
    1156       1.5384
    1157       1.4840
    1158       1.5612
    1159       1.5167
    1160       1.5664
    1161       1.5713
    1162       1.5092
    1163       1.5341
    1164       1.5488
    1165       1.4246
    1166       1.5051
    1167       1.4901
    1168       1.4692
    1169       1.4575
    1170       1.3953
    1171       1.4279
    1172       1.2996
    1173       1.3157
    1174       1.3579
    1175       1.3830
    1176       1.3791
    1177       1.3463
    1178       1.3897
    1179       1.3982
    1180       1.4451
    1181       1.4516
    1182       1.4592
    1183       1.4852
    1184       1.5527
    1185       1.5724
    1186       1.6249
    1187       1.6841
    1188       1.5614
    1189       1.6516
    1190       1.5618
    1191       1.5073
    1192       1.5299
    1193       1.5515
    1194       1.4353
    1195       1.4698
    1196       1.4403
    1197       1.3511
    1198       1.4051
    1199       1.3538
    1200       1.3904
    1201       1.3958
    1202       1.4780
    1203       1.4461
    1204       1.4442
    1205       1.5140
    1206       1.4926
    1207       1.5047
    1208       1.4271
    1209       1.4318
    1210       1.3122
    1211       1.2028
    1212       1.2382
    1213       1.1394
    1214       1.2219
    1215       1.2370
    1216       1.1772
    1217       1.1786
    1218       1.1794
    1219       1.2444
    1220       1.2524
    1221       1.2485
    1222       1.3655
    1223       1.3407
    1224       1.3041
    1225       1.3451
    1226       1.2467
    1227       1.2701
    1228       1.3044
    1229       1.3306
    1230       1.3242
    1231       1.2808
    1232       1.2585
    1233       1.1734
    1234       1.2285
    1235       1.2077
    1236       1.2857
    1237       1.2073
    1238       1.2694
    1239       1.2315
    1240       1.3335
    1241       1.2918
    1242       1.2703
    1243       1.2556
    1244       1.2576
    1245       1.2346
    1246       1.1929
    1247       1.2332
    1248       1.2551
    1249       1.2726
    1250       1.3115
    1251       1.2698
    1252       1.3248
    1253       1.2799
    1254       1.3001
    1255       1.3100
    1256       1.2547
    1257       1.2417
    1258       1.2575
    1259       1.2800
    1260       1.2708
    1261       1.2440
    1262       1.2838
    1263       1.2443
    1264       1.2763
    1265       1.3545
    1266       1.3243
    1267       1.3450
    1268       1.3549
    1269       1.3225
    1270       1.3191
    1271       1.4405
    1272       1.3889
    1273       1.3497
    1274       1.3428
    1275       1.3648
    1276       1.3649
    1277       1.4094
    1278       1.2966
    1279       1.3179
    1280       1.3424
    1281       1.3915
    1282       1.4277
    1283       1.4066
    1284       1.4709
    1285       1.5562
    1286       1.5053
    1287       1.4204
    1288       1.4489
    1289       1.3807
    1290       1.4520
    1291       1.3777
    1292       1.4085
    1293       1.3284
    1294       1.3643
    1295       1.4285
    1296       1.3923
    1297       1.4865
    1298       1.4566
    1299       1.3671
    1300       1.3309
    1301       1.3348
    1302       1.3053
    1303       1.2128
    1304       1.2761
    1305       1.2675
    1306       1.2694
    1307       1.3573
    1308       1.3819
    1309       1.3451
    1310       1.3777
    1311       1.3041
    1312       1.2439
    1313       1.2822
    1314       1.3230
    1315       1.3560
    1316       1.3584
    1317       1.2963
    1318       1.3700
    1319       1.3756
    1320       1.3755
    1321       1.3819
    1322       1.2558
    1323       1.3072
    1324       1.3651
    1325       1.3963
    1326       1.3142
    1327       1.3293
    1328       1.3708
    1329       1.3136
    1330       1.3724
    1331       1.4663
    1332       1.3521
    1333       1.4394
    1334       1.4054
    1335       1.4787
    1336       1.4710
    1337       1.5273
    1338       1.5548
    1339       1.5869
    1340       1.5232
    1341       1.6185
    1342       1.6147
    1343       1.5933
    1344       1.6428
    1345       1.6056
    1346       1.6594
    1347       1.7500
    1348       1.7347
    1349       1.7600
    1350       1.7561
    1351       1.6312
    1352       1.6788
    1353       1.7220
    1354       1.6147
    1355       1.6314
    1356       1.6588
    1357       1.5807
    1358       1.5331
    1359       1.5035
    1360       1.5494
    1361       1.5544
    1362       1.5045
    1363       1.6021
    1364       1.5395
    1365       1.5755
    1366       1.6181
    1367       1.5721
    1368       1.4497
    1369       1.4389
    1370       1.4663
    1371       1.4943
    1372       1.4178
    1373       1.4559
    1374       1.4985
    1375       1.4082
    1376       1.4542
    1377       1.5316
    1378       1.4231
    1379       1.3763
    1380       1.3849
    1381       1.3666
    1382       1.4014
    1383       1.3713
    1384       1.4059
    1385       1.3239
    1386       1.3725
    1387       1.4147
    1388       1.5073
    1389       1.4183
    1390       1.3822
    1391       1.3557
    1392       1.3436
    1393       1.3492
    1394       1.3570
    1395       1.3643
    1396       1.3304
    1397       1.4121
    1398       1.4132
    1399       1.4147
    1400       1.3422
    1401       1.3089
    1402       1.3186
    1403       1.3040
    1404       1.2762
    1405       1.3400
    1406       1.3399
    1407       1.4259
    1408       1.4962
    1409       1.4959
    1410       1.4512
    1411       1.4704
    1412       1.4643
    1413       1.4590
    1414       1.4653
    1415       1.4415
    1416       1.5175
    1417       1.4138
    1418       1.3753
    1419       1.3511
    1420       1.3078
    1421       1.4070
    1422       1.3706
    1423       1.3245
    1424       1.3392
    1425       1.3719
    1426       1.4009
    1427       1.3897
    1428       1.3849
    1429       1.4313
    1430       1.4747
    1431       1.4793
    1432       1.3976
    1433       1.4045
    1434       1.3204
    1435       1.3713
    1436       1.3491
    1437       1.3150
    1438       1.3072
    1439       1.4443
    1440       1.3737
    1441       1.3728
    1442       1.3597
    1443       1.3211
    1444       1.3468
    1445       1.4142
    1446       1.3821
    1447       1.4614
    1448       1.3918
    1449       1.3545
    1450       1.4157
    1451       1.3861
    1452       1.3843
    1453       1.3441
    1454       1.3304
    1455       1.3343
    1456       1.3565
    1457       1.3934
    1458       1.4202
    1459       1.4872
    1460       1.4862
    1461       1.4299
    1462       1.4682
    1463       1.4417
    1464       1.4216
    1465       1.4345
    1466       1.5059
    1467       1.5032
    1468       1.4263
    1469       1.4318
    1470       1.4526
    1471       1.4515
    1472       1.4756
    1473       1.4909
    1474       1.4897
    1475       1.4476
    1476       1.4317
    1477       1.4193
    1478       1.4828
    1479       1.4303
    1480       1.4051
    1481       1.3309
    1482       1.3860
    1483       1.3226
    1484       1.3130
    1485       1.4113
    1486       1.4188
    1487       1.4764
    1488       1.3881
    1489       1.3296
    1490       1.3498
    1491       1.3826
    1492       1.4319
    1493       1.4751
    1494       1.4622
    1495       1.4945
    1496       1.4980
    1497       1.4467
    1498       1.4032
    1499       1.3661
    1500       1.4222
    1501       1.4586
    1502       1.5319
    1503       1.5382
    1504       1.6729
    1505       1.5687
    1506       1.4890
    1507       1.5197
    1508       1.5912
    1509       1.5571
    1510       1.5613
    1511       1.4932
    1512       1.4377
    1513       1.5265
    1514       1.5024
    1515       1.4646
    1516       1.4232
    1517       1.3453
    1518       1.3730
    1519       1.4428
    1520       1.3658
    1521       1.3989
    1522       1.4378
    1523       1.3764
    1524       1.3412
    1525       1.2976
    1526       1.3143
    1527       1.4176
    1528       1.4352
    1529       1.3218
    1530       1.3232
    1531       1.3816
    1532       1.4610
    1533       1.3524
    1534       1.3779
    1535       1.2881
    1536       1.3425
    1537       1.3895
    1538       1.4326
    1539       1.4095
    1540       1.4213
    1541       1.4437
    1542       1.4480
    1543       1.4656
    1544       1.4409
    1545       1.4539
    1546       1.4617
    1547       1.4578
    1548       1.4274
    1549       1.4302
    1550       1.3613
    1551       1.3557
    1552       1.4166
    1553       1.3812
    1554       1.4086
    1555       1.2988
    1556       1.4014
    1557       1.3533
    1558       1.3273
    1559       1.3391
    1560       1.3223
    1561       1.3472
    1562       1.3325
    1563       1.3544
    1564       1.3548
    1565       1.3205
    1566       1.3646
    1567       1.2364
    1568       1.3018
    1569       1.4050
    1570       1.3673
    1571       1.3546
    1572       1.3080
    1573       1.2959
    1574       1.3239
    1575       1.3092
    1576       1.3667
    1577       1.2933
    1578       1.3390
    1579       1.2734
    1580       1.3015
    1581       1.2565
    1582       1.2852
    1583       1.2894
    1584       1.2666
    1585       1.2904
    1586       1.3337
    1587       1.3310
    1588       1.3547
    1589       1.3072
    1590       1.2723
    1591       1.2973
    1592       1.3280
    1593       1.3127
    1594       1.2920
    1595       1.2573
    1596       1.2270
    1597       1.1996
    1598       1.1611
    1599       1.2388
    1600       1.2450
    1601       1.2375
    1602       1.2628
    1603       1.3687
    1604       1.3289
    1605       1.3453
    1606       1.3805
    1607       1.4462
    1608       1.5014
    1609       1.5221
    1610       1.4811
    1611       1.3535
    1612       1.3938
    1613       1.3874
    1614       1.3917
    1615       1.3753
    1616       1.3479
    1617       1.3599
    1618       1.3504
    1619       1.2458
    1620       1.2604
    1621       1.1700
    1622       1.2674
    1623       1.3710
    1624       1.3181
    1625       1.2943
    1626       1.2756
    1627       1.2180
    1628       1.2404
    1629       1.2882
    1630       1.3132
    1631       1.3075
    1632       1.2706
    1633       1.3481
    1634       1.3231
    1635       1.3208
    1636       1.2849
    1637       1.1726
    1638       1.2322
    1639       1.2284
    1640       1.2079
    1641       1.2719
    1642       1.2796
    1643       1.3080
    1644       1.2616
    1645       1.2928
    1646       1.1910
    1647       1.1829
    1648       1.2194
    1649       1.2485
    1650       1.2679
    1651       1.2209
    1652       1.2901
    1653       1.2220
    1654       1.2575
    1655       1.2488
    1656       1.3297
    1657       1.2005
    1658       1.1917
    1659       1.2197
    1660       1.1828
    1661       1.2136
    1662       1.2394
    1663       1.2291
    1664       1.1931
    1665       1.1891
    1666       1.3160
    1667       1.3284
    1668       1.2468
    1669       1.3109
    1670       1.3013
    1671       1.2601
    1672       1.3221
    1673       1.3231
    1674       1.3374
    1675       1.3173
    1676       1.3398
    1677       1.3413
    1678       1.3435
    1679       1.3588
    1680       1.3486
    1681       1.3235
    1682       1.3176
    1683       1.3122
    1684       1.2778
    1685       1.2872
    1686       1.3053
    1687       1.2663
    1688       1.2819
    1689       1.3580
    1690       1.2818
    1691       1.3294
    1692       1.2498
    1693       1.2571
    1694       1.3101
    1695       1.2900
    1696       1.3545
    1697       1.3758
    1698       1.3813
    1699       1.3029
    1700       1.2602
    1701       1.2812
    1702       1.2729
    1703       1.2880
    1704       1.3011
    1705       1.2723
    1706       1.2902
    1707       1.2452
    1708       1.3168
    1709       1.3892
    1710       1.2724
    1711       1.3399
    1712       1.3040
    1713       1.2558
    1714       1.3365
    1715       1.2794
    1716       1.2995
    1717       1.3070
    1718       1.2712
    1719       1.3175
    1720       1.3221
    1721       1.3129
    1722       1.3024
    1723       1.3128
    1724       1.3459
    1725       1.2845
    1726       1.2916
    1727       1.2805
    1728       1.3010
    1729       1.3500
    1730       1.3532
    1731       1.4040
    1732       1.4423
    1733       1.5092
    1734       1.4096
    1735       1.4298
    1736       1.3328
    1737       1.3359
    1738       1.3426
    1739       1.4006
    1740       1.2846
    1741       1.3178
    1742       1.3568
    1743       1.3346
    1744       1.3759
    1745       1.4214
    1746       1.4020
    1747       1.3847
    1748       1.3926
    1749       1.3893
    1750       1.3650
    1751       1.3763
    1752       1.3874
    1753       1.3783
    1754       1.3602
    1755       1.3095
    1756       1.3296
    1757       1.2995
    1758       1.3283
    1759       1.3855
    1760       1.4153
    1761       1.4100
    1762       1.3373
    1763       1.4646
    1764       1.4435
    1765       1.2774
    1766       1.3511
    1767       1.3879
    1768       1.3884
    1769       1.3472
    1770       1.3114
    1771       1.2863
    1772       1.3123
    1773       1.2672
    1774       1.3212
    1775       1.3534
    1776       1.3351
    1777       1.3111
    1778       1.4844
    1779       1.3588
    1780       1.3299
    1781       1.4055
    1782       1.4017
    1783       1.4021
    1784       1.4196
    1785       1.5028
    1786       1.4923
    1787       1.5594
    1788       1.4799
    1789       1.4380
    1790       1.4880
    1791       1.5611
    1792       1.5592
    1793       1.4144
    1794       1.5169
    1795       1.5103
    1796       1.4572
    1797       1.4442
    1798       1.4735
    1799       1.5576
    1800       1.4442
    1801       1.4880
    1802       1.4243
    1803       1.4105
    1804       1.3828
    1805       1.3920
    1806       1.3691
    1807       1.3935
    1808       1.3551
    1809       1.3702
    1810       1.3020
    1811       1.2800
    1812       1.1909
    1813       1.3481
    1814       1.2947
    1815       1.3124
    1816       1.2946
    1817       1.3031
    1818       1.3154
    1819       1.2581
    1820       1.3478
    1821       1.3947
    1822       1.4439
    1823       1.3755
    1824       1.3899
    1825       1.3183
    1826       1.2398
    1827       1.3555
    1828       1.3697
    1829       1.3791
    1830       1.3089
    1831       1.4134
    1832       1.4372
    1833       1.4013
    1834       1.4017
    1835       1.4205
    1836       1.4110
    1837       1.4237
    1838       1.3441
    1839       1.3827
    1840       1.4240
    1841       1.4234
    1842       1.4548
    1843       1.3800
    1844       1.3165
    1845       1.3830
    1846       1.3767
    1847       1.4871
    1848       1.4635
    1849       1.4741
    1850       1.4281
    1851       1.4075
    1852       1.4058
    1853       1.4463
    1854       1.5234
    1855       1.4310
    1856       1.3990
    1857       1.3618
    1858       1.3951
    1859       1.4375
    1860       1.4129
    1861       1.3818
    1862       1.3795
    1863       1.4143
    1864       1.3702
    1865       1.3982
    1866       1.3681
    1867       1.3971
    1868       1.3754
    1869       1.3893
    1870       1.4902
    1871       1.3826
    1872       1.5524
    1873       1.4393
    1874       1.3953
    1875       1.3668
    1876       1.4111
    1877       1.4344
    1878       1.5185
    1879       1.4551
    1880       1.4194
    1881       1.4558
    1882       1.5046
    1883       1.6083
    1884       1.5515
    1885       1.5419
    1886       1.5411
    1887       1.5057
    1888       1.4464
    1889       1.4780
    1890       1.4927
    1891       1.4505
    1892       1.4034
    1893       1.4671
    1894       1.4756
    1895       1.4584
    1896       1.4502
    1897       1.4655
    1898       1.4721
    1899       1.5088
    1900       1.4757
    1901       1.5516
    1902       1.5456
    1903       1.5186
    1904       1.5244
    1905       1.5022
    1906       1.4567
    1907       1.4795
    1908       1.4840
    1909       1.5546
    1910       1.6242
    1911       1.5512
    1912       1.5814
    1913       1.6209
    1914       1.6562
    1915       1.6187
    1916       1.5900
    1917       1.5596
    1918       1.5127
    1919       1.5092
    1920       1.4863
    1921       1.4661
    1922       1.4595
    1923       1.4817
    1924       1.4571
    1925       1.4192
    1926       1.4661
    1927       1.5604
    1928       1.4656
    1929       1.4047
    1930       1.4323
    1931       1.3603
    1932       1.3743
    1933       1.4530
    1934       1.3466
    1935       1.3900
    1936       1.4154
    1937       1.3134
    1938       1.3308
    1939       1.3705
    1940       1.3862
    1941       1.3578
    1942       1.3047
    1943       1.3269
    1944       1.3477
    1945       1.3652
    1946       1.3063
    1947       1.2655
    1948       1.3806
    1949       1.3447
    1950       1.3365
    1951       1.4570
    1952       1.4553
    1953       1.3669
    1954       1.3621
    1955       1.4501
    1956       1.4766
    1957       1.4019
    1958       1.3702
    1959       1.3102
    1960       1.3440
    1961       1.3532
    1962       1.3189
    1963       1.3403
    1964       1.3000
    1965       1.3226
    1966       1.2863
    1967       1.3186
    1968       1.3242
    1969       1.4089
    1970       1.3681
    1971       1.3559
    1972       1.4373
    1973       1.4122
    1974       1.4000
    1975       1.4250
    1976       1.4547
    1977       1.4161
    1978       1.3868
    1979       1.2957
    1980       1.3751
    1981       1.4213
    1982       1.5040
    1983       1.4746
    1984       1.4773
    1985       1.4575
    1986       1.5829
    1987       1.5535
    1988       1.5427
    1989       1.5302
    1990       1.5169
    1991       1.4755
    1992       1.4171
    1993       1.3769
    1994       1.3983
    1995       1.4027
    1996       1.4211
    1997       1.4439
    1998       1.4731
    1999       1.4064
    2000       1.4836
    2001       1.4330
    2002       1.4826
    2003       1.4324
    2004       1.3964
    2005       1.3928
    2006       1.4217
    2007       1.3775
    2008       1.4088
    2009       1.3989
    2010       1.4652
    2011       1.5240
    2012       1.5119
    2013       1.4762
    2014       1.4773
    2015       1.4507
    2016       1.4344
    2017       1.4633
    2018       1.4954
    2019       1.4430
    2020       1.4540
    2021       1.5391
    2022       1.6817
    2023       1.5038
    2024       1.4527
    2025       1.4574
    2026       1.4693
    2027       1.4294
    2028       1.4329
    2029       1.5075
    2030       1.5143
    2031       1.4746
    2032       1.4494
    2033       1.4133
    2034       1.3595
    2035       1.4240
    2036       1.4066
    2037       1.4006
    2038       1.3306
    2039       1.3392
    2040       1.3892
    2041       1.3800
    2042       1.3141
    2043       1.3802
    2044       1.3605
    2045       1.4486
    2046       1.4366
    2047       1.4278
    2048       1.4822
    2049       1.3485
    2050       1.3304
    2051       1.3749
    2052       1.4223
    2053       1.3730
    2054       1.3621
    2055       1.3241
    2056       1.3512
    2057       1.3836
    2058       1.4794
    2059       1.4816
    2060       1.4607
    2061       1.4215
    2062       1.4330
    2063       1.4659
    2064       1.3295
    2065       1.3975
    2066       1.3981
    2067       1.3611
    2068       1.3860
    2069       1.4382
    2070       1.3464
    2071       1.4038
    2072       1.4823
    2073       1.4760
    2074       1.4464
    2075       1.3579
    2076       1.3455
    2077       1.3828
    2078       1.4181
    2079       1.3785
    2080       1.3711
    2081       1.3832
    2082       1.4527
    2083       1.4382
    2084       1.3655
    2085       1.4920
    2086       1.5109
    2087       1.4770
    2088       1.4715
    2089       1.5098
    2090       1.5084
    2091       1.4375
    2092       1.4707
    2093       1.5096
    2094       1.4875
    2095       1.5003
    2096       1.4809
    2097       1.4834
    2098       1.5477
    2099       1.6161
    2100       1.5867
    2101       1.6097
    2102       1.6181
    2103       1.5980
    2104       1.4596
    2105       1.4553
    2106       1.4559
    2107       1.4899
    2108       1.4510
    2109       1.4413
    2110       1.5414
    2111       1.4802
    2112       1.4317
    2113       1.5150
    2114       1.4525
    2115       1.4752
    2116       1.4362
    2117       1.4642
    2118       1.5508
    2119       1.4766
    2120       1.4750
    2121       1.5258
    2122       1.5244
    2123       1.4705
    2124       1.5102
    2125       1.4804
    2126       1.5465
    2127       1.6246
    2128       1.5785
    2129       1.5388
    2130       1.7011
    2131       1.6093
    2132       1.5724
    2133       1.4787
    2134       1.4893
    2135       1.4680
    2136       1.4940
    2137       1.4148
    2138       1.4028
    2139       1.2709
    2140       1.1995
    2141       1.3326
    2142       1.3436
    2143       1.2830
    2144       1.3932
    2145       1.4032
    2146       1.4596
    2147       1.4505
    2148       1.4651
    2149       1.4711
    2150       1.3424
    2151       1.3850
    2152       1.3407
    2153       1.3873
    2154       1.3067
    2155       1.3647
    2156       1.3628
    2157       1.3214
    2158       1.2923
    2159       1.3236
    2160       1.3024
    2161       1.3307
    2162       1.2958
    2163       1.3218
    2164       1.2971
    2165       1.1977
    2166       1.2297
    2167       1.3045
    2168       1.2840
    2169       1.3569
    2170       1.3692
    2171       1.2837
    2172       1.3942
    2173       1.3461
    2174       1.4267
    2175       1.4249
    2176       1.4179
    2177       1.4047
    2178       1.4965
    2179       1.5333
    2180       1.5568
    2181       1.5442
    2182       1.5089
    2183       1.4316
    2184       1.4783
    2185       1.3766
    2186       1.3533
    2187       1.4562
    2188       1.3754
    2189       1.3415
    2190       1.3477
    2191       1.4047
    2192       1.3472
    2193       1.3846
    2194       1.4200
    2195       1.4851
    2196       1.5151
    2197       1.4547
    2198       1.5379
    2199       1.4334
    2200       1.4409
    2201       1.4835
    2202       1.4637
    2203       1.3925
    2204       1.4088
    2205       1.4307
    2206       1.3899
    2207       1.3780
    2208       1.3726
    2209       1.4271
    2210       1.4557
    2211       1.4894
    2212       1.4797
    2213       1.4674
    2214       1.4731
    2215       1.5348
    2216       1.5537
    2217       1.5399
    2218       1.6063
    2219       1.5473
    2220       1.5373
    2221       1.5604
    2222       1.5803
    2223       1.5988
    2224       1.5851
    2225       1.5569
    2226       1.4964
    2227       1.5567
    2228       1.5176
    2229       1.5827
    2230       1.5774
    2231       1.5486
    2232       1.5728
    2233       1.4365
    2234       1.5159
    2235       1.4254
    2236       1.5028
    2237       1.5165
    2238       1.4402
    2239       1.4815
    2240       1.4386
    2241       1.4446
    2242       1.3528
    2243       1.4156
    2244       1.4434
    2245       1.4405
    2246       1.4393
    2247       1.4418
    2248       1.4210
    2249       1.3755
    2250       1.4264
    2251       1.4629
    2252       1.4225
    2253       1.4402
    2254       1.4395
    2255       1.4318
    2256       1.4609
    2257       1.3840
    2258       1.4179
    2259       1.4079
    2260       1.4632
    2261       1.4032
    2262       1.5020
    2263       1.4665
    2264       1.5114
    2265       1.4869
    2266       1.4450
    2267       1.4344
    2268       1.4925
    2269       1.5408
    2270       1.4630
    2271       1.4262
    2272       1.4692
    2273       1.4289
    2274       1.4227
    2275       1.4752
    2276       1.4881
    2277       1.4213
    2278       1.3830
    2279       1.4034
    2280       1.3931
    2281       1.4088
    2282       1.3957
    2283       1.4222
    2284       1.4038
    2285       1.4122
    2286       1.3746
    2287       1.3915
    2288       1.4678
    2289       1.5042
    2290       1.5215
    2291       1.4618
    2292       1.4543
    2293       1.4563
    2294       1.4551
    2295       1.4464
    2296       1.4311
    2297       1.3923
    2298       1.3204
    2299       1.3874
    2300       1.3462
    2301       1.3282
    2302       1.3202
    2303       1.3121
    2304       1.3936
    2305       1.3337
    2306       1.4336
    2307       1.3625
    2308       1.4703
    2309       1.4063
    2310       1.4691
    2311       1.4003
    2312       1.4109
    2313       1.4375
    2314       1.4126
    2315       1.4622
    2316       1.4523
    2317       1.4101
    2318       1.4429
    2319       1.5134
    2320       1.5114
    2321       1.4260
    2322       1.5318
    2323       1.5494
    2324       1.4788
    2325       1.4151
    2326       1.4139
    2327       1.4830
    2328       1.5240
    2329       1.4685
    2330       1.4785
    2331       1.4595
    2332       1.4002
    2333       1.4074
    2334       1.3874
    2335       1.4284
    2336       1.4108
    2337       1.4272
    2338       1.3601
    2339       1.3915
    2340       1.3669
    2341       1.3578
    2342       1.3096
    2343       1.3612
    2344       1.2867
    2345       1.3533
    2346       1.3664
    2347       1.3525
    2348       1.3789
    2349       1.3489
    2350       1.4438
    2351       1.4554
    2352       1.4159
    2353       1.4330
    2354       1.4581
    2355       1.5039
    2356       1.4934
    2357       1.4107
    2358       1.4487
    2359       1.3909
    2360       1.4549
    2361       1.5082
    2362       1.4530
    2363       1.4033
    2364       1.3500
    2365       1.4644
    2366       1.5590
    2367       1.5326
    2368       1.5052
    2369       1.4739
    2370       1.4793
    2371       1.4978
    2372       1.4012
    2373       1.4176
    2374       1.4309
    2375       1.4507
    2376       1.4406
    2377       1.4308
    2378       1.3655
    2379       1.4258
    2380       1.3551
    2381       1.3817
    2382       1.3663
    2383       1.3939
    2384       1.3697
    2385       1.3933
    2386       1.3194
    2387       1.3808
    2388       1.3502
    2389       1.4010
    2390       1.5942
    2391       1.5497
    2392       1.4829
    2393       1.4858
    2394       1.4076
    2395       1.3684
    2396       1.4179
    2397       1.3244
    2398       1.3334
    2399       1.3322
    2400       1.3475
    2401       1.3931
    2402       1.2514
    2403       1.2552
    2404       1.2636
    2405       1.2918
    2406       1.2757
    2407       1.2756
    2408       1.3031
    2409       1.3587
    2410       1.3547
    2411       1.3362
    2412       1.2963
    2413       1.3715
    2414       1.3125
    2415       1.3350
    2416       1.3614
    2417       1.3573
    2418       1.3032
    2419       1.3010
    2420       1.3305
    2421       1.4011
    2422       1.3494
    2423       1.3325
    2424       1.3895
    2425       1.2573
    2426       1.2793
    2427       1.2463
    2428       1.2866
    2429       1.2702
    2430       1.3015
    2431       1.2877
    2432       1.3069
    2433       1.3289
    2434       1.3796
    2435       1.3678
    2436       1.4454
    2437       1.4298
    2438       1.3656
    2439       1.3206
    2440       1.4118
    2441       1.3696
    2442       1.3739
    2443       1.3317
    2444       1.3593
    2445       1.3782
    2446       1.4756
    2447       1.4840
    2448       1.4450
    2449       1.4307
    2450       1.4557
    2451       1.4634
    2452       1.4150
    2453       1.4447
    2454       1.4057
    2455       1.4390
    2456       1.4037
    2457       1.3524
    2458       1.2935
    2459       1.3609
    2460       1.3907
    2461       1.4222
    2462       1.4182
    2463       1.3949
    2464       1.4456
    2465       1.4718
    2466       1.4538
    2467       1.4441
    2468       1.3827
    2469       1.3860
    2470       1.3957
    2471       1.3850
    2472       1.4339
    2473       1.4188
    2474       1.4870
    2475       1.4495
    2476       1.3944
    2477       1.4336
    2478       1.4296
    2479       1.4276
    2480       1.4358
    2481       1.3699
    2482       1.3436
    2483       1.3319
    2484       1.2934
    2485       1.3899
    2486       1.3226
    2487       1.4568
    2488       1.4151
    2489       1.3898
    2490       1.4299
    2491       1.3728
    2492       1.3998
    2493       1.3163
    2494       1.3629
    2495       1.3999
    2496       1.3523
    2497       1.3391
    2498       1.3048
    2499       1.3458
    2500       1.3714
    2501       1.3448
    2502       1.3564
    2503       1.3887
    2504       1.3719
    2505       1.3921
    2506       1.4130
    2507       1.3546
    2508       1.3047
    2509       1.3118
    2510       1.3958
    2511       1.4154
    2512       1.3977
    2513       1.3336
    2514       1.2935
    2515       1.3635
    2516       1.3241
    2517       1.2851
    2518       1.3554
    2519       1.3810
    2520       1.3315
    2521       1.3905
    2522       1.3647
    2523       1.3729
    2524       1.3987
    2525       1.3315
    2526       1.3784
    2527       1.3924
    2528       1.3579
    2529       1.4680
    2530       1.4354
    2531       1.3335
    2532       1.3923
    2533       1.3233
    2534       1.2885
    2535       1.2397
    2536       1.3209
    2537       1.3162
    2538       1.3804
    2539       1.3471
    2540       1.3633
    2541       1.3189
    2542       1.3982
    2543       1.4376
    2544       1.3696
    2545       1.3579
    2546       1.4470
    2547       1.4705
    2548       1.4653
    2549       1.4514
    2550       1.3801
    2551       1.3936
    2552       1.3785
    2553       1.3772
    2554       1.3756
    2555       1.4258
    2556       1.3436
    2557       1.4174
    2558       1.3483
    2559       1.3349
    2560       1.3239
    2561       1.3625
    2562       1.3673
    2563       1.4475
    2564       1.5091
    2565       1.4905
    2566       1.4339
    2567       1.3603
    2568       1.4536
    2569       1.4340
    2570       1.4163
    2571       1.3778
    2572       1.3831
    2573       1.3536
    2574       1.3407
    2575       1.4783
    2576       1.4494
    2577       1.4014
    2578       1.4297
    2579       1.3445
    2580       1.4423
    2581       1.4041
    2582       1.4749
    2583       1.4125
    2584       1.3876
    2585       1.4129
    2586       1.3736
    2587       1.3597
    2588       1.3537
    2589       1.3948
    2590       1.3937
    2591       1.3685
    2592       1.3560
    2593       1.3389
    2594       1.3743
    2595       1.3621
    2596       1.3335
    2597       1.2872
    2598       1.3268
    2599       1.3454
    2600       1.3598
    2601       1.3240
    2602       1.3828
    2603       1.3948
    2604       1.4627
    2605       1.5393
    2606       1.5395
    2607       1.5993
    2608       1.6709
    2609       1.5710
    2610       1.6400
    2611       1.6149
    2612       1.7525
    2613       1.6778
    2614       1.6772
    2615       1.6503
    2616       1.5090
    2617       1.5613
    2618       1.5419
    2619       1.5275
    2620       1.5322
    2621       1.6261
    2622       1.6205
    2623       1.4954
    2624       1.4478
    2625       1.4805
    2626       1.4220
    2627       1.4759
    2628       1.5264
    2629       1.4792
    2630       1.2931
    2631       1.2877
    2632       1.2999
    2633       1.3974
    2634       1.3608
    2635       1.3717
    2636       1.4696
    2637       1.3953
    2638       1.4713
    2639       1.4240
    2640       1.3402
    2641       1.4293
    2642       1.4288
    2643       1.3765
    2644       1.3185
    2645       1.2781
    2646       1.2776
    2647       1.3460
    2648       1.3861
    2649       1.5000
    2650       1.4437
    2651       1.4632
    2652       1.4792
    2653       1.5299
    2654       1.4480
    2655       1.3619
    2656       1.3058
    2657       1.3867
    2658       1.3568
    2659       1.4012
    2660       1.3572
    2661       1.3154
    2662       1.2796
    2663       1.2309
    2664       1.3337
    2665       1.3876
    2666       1.3130
    2667       1.3394
    2668       1.3254
    2669       1.2574
    2670       1.2891
    2671       1.2345
    2672       1.2907
    2673       1.3245
    2674       1.3710
    2675       1.3620
    2676       1.4198
    2677       1.4852
    2678       1.4586
    2679       1.3970
    2680       1.4566
    2681       1.4536
    2682       1.4200
    2683       1.3862
    2684       1.4643
    2685       1.3799
    2686       1.4002
    2687       1.4194
    2688       1.4025
    2689       1.3346
    2690       1.3768
    2691       1.4068
    2692       1.4584
    2693       1.4648
    2694       1.3544
    2695       1.3792
    2696       1.3567
    2697       1.4204
    2698       1.5232
    2699       1.5744
    2700       1.5795
    2701       1.4120
    2702       1.4722
    2703       1.4823
    2704       1.4817
    2705       1.4376
    2706       1.5481
    2707       1.5155
    2708       1.5339
    2709       1.5780
    2710       1.6455
    2711       1.5920
    2712       1.6201
    2713       1.6125
    2714       1.6323
    2715       1.4681
    2716       1.5178
    2717       1.5243
    2718       1.5130
    2719       1.4794
    2720       1.4873
    2721       1.4559
    2722       1.4456
    2723       1.4979
    2724       1.4254
    2725       1.4972
    2726       1.3967
    2727       1.4602
    2728       1.3780
    2729       1.3600
    2730       1.4750
    2731       1.5639
    2732       1.5622
    2733       1.5805
    2734       1.5207
    2735       1.5335
    2736       1.5782
    2737       1.5491
    2738       1.5812
    2739       1.6376
    2740       1.6273
    2741       1.4959
    2742       1.4293
    2743       1.4707
    2744       1.5009
    2745       1.4901
    2746       1.3935
    2747       1.4258
    2748       1.4345
    2749       1.4543
    2750       1.5313
    2751       1.5622
    2752       1.6031
    2753       1.5629
    2754       1.4958
    2755       1.4296
    2756       1.4113
    2757       1.4182
    2758       1.3763
    2759       1.3778
    2760       1.3341
    2761       1.3149
    2762       1.4009
    2763       1.3968
    2764       1.3642
    2765       1.2752
    2766       1.3539
    2767       1.3902
    2768       1.3796
    2769       1.4675
    2770       1.4523
    2771       1.4625
    2772       1.4001
    2773       1.4127
    2774       1.3596
    2775       1.3326
    2776       1.3684
    2777       1.4835
    2778       1.4039
    2779       1.4164
    2780       1.3945
    2781       1.2968
    2782       1.2276
    2783       1.3053
    2784       1.3134
    2785       1.2636
    2786       1.2914
    2787       1.2643
    2788       1.3362
    2789       1.3142
    2790       1.2381
    2791       1.2466
    2792       1.1601
    2793       1.2396
    2794       1.2696
    2795       1.3049
    2796       1.3072
    2797       1.3154
    2798       1.3291
    2799       1.2973
    2800       1.3202
    2801       1.3364
    2802       1.3022
    2803       1.3679
    2804       1.3505
    2805       1.4354
    2806       1.4165
    2807       1.4383
    2808       1.4415
    2809       1.4971
    2810       1.4378
    2811       1.4265
    2812       1.4014
    2813       1.4440
    2814       1.5159
    2815       1.4101
    2816       1.3302
    2817       1.3644
    2818       1.3918
    2819       1.4023
    2820       1.4401
    2821       1.4116
    2822       1.3803
    2823       1.3912
    2824       1.4488
    2825       1.4122
    2826       1.4633
    2827       1.4417
    2828       1.4676
    2829       1.4643
    2830       1.3879
    2831       1.4435
    2832       1.4465
    2833       1.5357
    2834       1.4377
    2835       1.4503
    2836       1.4195
    2837       1.3709
    2838       1.3626
    2839       1.5612
    2840       1.5750
    2841       1.5108
    2842       1.5711
    2843       1.5980
    2844       1.5664
    2845       1.6004
    2846       1.5195
    2847       1.5347
    2848       1.4846
    2849       1.4886
    2850       1.4622
    2851       1.5774
    2852       1.5045
    2853       1.4181
    2854       1.4354
    2855       1.4387
    2856       1.3913
    2857       1.4910
    2858       1.4443
    2859       1.4860
    2860       1.5306
    2861       1.5513
    2862       1.5175
    2863       1.4600
    2864       1.4487
    2865       1.5037
    2866       1.4521
    2867       1.4188
    2868       1.3740
    2869       1.4102
    2870       1.4437
    2871       1.5011
    2872       1.3953
    2873       1.3444
    2874       1.4231
    2875       1.4609
    2876       1.4942
    2877       1.5238
    2878       1.6954
    2879       1.6941
    2880       1.6172
    2881       1.6354
    2882       1.5696
    2883       1.5109
    2884       1.5341
    2885       1.4552
    2886       1.4601
    2887       1.4186
    2888       1.4632
    2889       1.5525
    2890       1.5598
    2891       1.5683
    2892       1.5600
    2893       1.4398
    2894       1.4635
    2895       1.4514
    2896       1.4341
    2897       1.5397
    2898       1.4698
    2899       1.4568
    2900       1.4432
    2901       1.3824
    2902       1.3375
    2903       1.3789
    2904       1.4273
    2905       1.3434
    2906       1.4182
    2907       1.5089
    2908       1.4062
    2909       1.4097
    2910       1.3058
    2911       1.2915
    2912       1.2435
    2913       1.2740
    2914       1.3307
    2915       1.4405
    2916       1.3812
    2917       1.4240
    2918       1.4180
    2919       1.3903
    2920       1.4798
    2921       1.4998
    2922       1.5037
    2923       1.4407
    2924       1.4815
    2925       1.4412
    2926       1.4020
    2927       1.3594
    2928       1.3444
    2929       1.2796
    2930       1.2523
    2931       1.2541
    2932       1.2374
    2933       1.2813
    2934       1.2748
    2935       1.3322
    2936       1.2925
    2937       1.3369
    2938       1.3812
    2939       1.3895
    2940       1.3858
    2941       1.4271
    2942       1.3432
    2943       1.3163
    2944       1.4155
    2945       1.4057
    2946       1.4109
    2947       1.4456
    2948       1.4821
    2949       1.4712
    2950       1.4287
    2951       1.4011
    2952       1.4027
    2953       1.3845
    2954       1.3970
    2955       1.4039
    2956       1.4272
    2957       1.3870
    2958       1.3330
    2959       1.3219
    2960       1.3267
    2961       1.3469
    2962       1.4274
    2963       1.4612
    2964       1.3714
    2965       1.3257
    2966       1.3590
    2967       1.3821
    2968       1.3815
    2969       1.3688
    2970       1.3391
    2971       1.3171
    2972       1.3506
    2973       1.3917
    2974       1.3428
    2975       1.3923
    2976       1.3950
    2977       1.4035
    2978       1.3536
    2979       1.4737
    2980       1.4472
    2981       1.5215
    2982       1.4882
    2983       1.4791
    2984       1.4186
    2985       1.3658
    2986       1.4279
    2987       1.4891
    2988       1.5523
    2989       1.4206
    2990       1.4255
    2991       1.5156
    2992       1.4360
    2993       1.4441
    2994       1.3485
    2995       1.3626
    2996       1.3635
    2997       1.3762
    2998       1.3420
    2999       1.3216
    3000       1.3532
    3001       1.4029
    3002       1.3611
    3003       1.4004
    3004       1.4482
    3005       1.3896
    3006       1.4297
    3007       1.4054
    3008       1.4296
    3009       1.3711
    3010       1.3766
    3011       1.3962
    3012       1.4151
    3013       1.4797
    3014       1.4761
    3015       1.4232
    3016       1.4073
    3017       1.2967
    3018       1.3000
    3019       1.3360
    3020       1.2901
    3021       1.3216
    3022       1.3029
    3023       1.3499
    3024       1.3917
    3025       1.3598
    3026       1.3335
    3027       1.3056
    3028       1.3287
    3029       1.3045
    3030       1.2929
    3031       1.3207
    3032       1.4023
    3033       1.4711
    3034       1.4705
    3035       1.4335
    3036       1.4151
    3037       1.4111
    3038       1.4437
    3039       1.4334
    3040       1.3328
    3041       1.3193
    3042       1.2532
    3043       1.2875
    3044       1.3475
    3045       1.3894
    3046       1.3829
    3047       1.3538
    3048       1.4255
    3049       1.3468
    3050       1.3620
    3051       1.2908
    3052       1.2959
    3053       1.3344
    3054       1.3077
    3055       1.3791
    3056       1.4127
    3057       1.3928
    3058       1.4122
    3059       1.3582
    3060       1.4667
    3061       1.3546
    3062       1.3758
    3063       1.5165
    3064       1.4386
    3065       1.4579
    3066       1.5169
    3067       1.5464
    3068       1.5310
    3069       1.5025
    3070       1.5302
    3071       1.5621
    3072       1.5781
    3073       1.4981
    3074       1.3627
    3075       1.3865
    3076       1.3528
    3077       1.4253
    3078       1.4821
    3079       1.4441
    3080       1.4661
    3081       1.4219
    3082       1.4254
    3083       1.5512
    3084       1.4684
    3085       1.4483
    3086       1.5179
    3087       1.4581
    3088       1.4980
    3089       1.5295
    3090       1.4549
    3091       1.4016
    3092       1.4552
    3093       1.5018
    3094       1.5689
    3095       1.6132
    3096       1.5975
    3097       1.5864
    3098       1.6174
    3099       1.5831
    3100       1.5386
    3101       1.6161
    3102       1.5221
    3103       1.5362
    3104       1.5615
    3105       1.5451
    3106       1.5097
    3107       1.4028
    3108       1.3870
    3109       1.4678
    3110       1.4238
    3111       1.4246
    3112       1.3920
    3113       1.3051
    3114       1.3570
    3115       1.2952
    3116       1.3958
    3117       1.3319
    3118       1.4079
    3119       1.5057
    3120       1.4890
    3121       1.4745
    3122       1.5099
    3123       1.3950
    3124       1.4455
    3125       1.4466
