#Frame     RMSD_00001
       1       0.0000
       2       0.6106
       3       0.7109
       4       0.7046
       5       0.7281
       6       0.7844
       7       0.8980
       8       0.9399
       9       0.9188
      10       0.9102
      11       0.9192
      12       0.8620
      13       0.8068
      14       0.9294
      15       0.9400
      16       0.9664
      17       0.8939
      18       0.8539
      19       0.9435
      20       0.8996
      21       0.9123
      22       0.9965
      23       0.9044
      24       0.9372
      25       0.8964
      26       0.8579
      27       0.7977
      28       0.7946
      29       0.8016
      30       0.8238
      31       0.8227
      32       0.8288
      33       0.8501
      34       0.8586
      35       0.8176
      36       0.8958
      37       0.8557
      38       0.8273
      39       0.9019
      40       0.8265
      41       0.8981
      42       0.9154
      43       0.8890
      44       0.8707
      45       0.9016
      46       0.9204
      47       0.9271
      48       0.8583
      49       0.8917
      50       0.9463
      51       0.8944
      52       0.8677
      53       0.9925
      54       0.9120
      55       0.9450
      56       0.9247
      57       0.8863
      58       0.9154
      59       0.9592
      60       0.9173
      61       0.8556
      62       0.8943
      63       0.8994
      64       0.9041
      65       0.8607
      66       0.8813
      67       0.9643
      68       0.9558
      69       0.9118
      70       0.9142
      71       0.9630
      72       0.9724
      73       1.0043
      74       1.0468
      75       1.0436
      76       1.0612
      77       1.0575
      78       1.0822
      79       1.0930
      80       1.0985
      81       1.0741
      82       0.9538
      83       1.0897
      84       1.0361
      85       1.0983
      86       1.0470
      87       1.0232
      88       1.0730
      89       1.1207
      90       1.0288
      91       0.9190
      92       0.9916
      93       0.9757
      94       1.0619
      95       1.0239
      96       0.9333
      97       0.9324
      98       0.9203
      99       0.8740
     100       0.9454
     101       1.0380
     102       0.9787
     103       0.9821
     104       0.9168
     105       1.0006
     106       0.9893
     107       1.0806
     108       1.0437
     109       1.0436
     110       1.1074
     111       1.0310
     112       1.0085
     113       0.9891
     114       0.9962
     115       1.0908
     116       1.0768
     117       1.1054
     118       1.0309
     119       0.9554
     120       1.0462
     121       0.9239
     122       0.9896
     123       1.0105
     124       1.0260
     125       0.9779
     126       0.9895
     127       1.0207
     128       1.0249
     129       1.0975
     130       1.0638
     131       1.0504
     132       1.0477
     133       1.0337
     134       0.9887
     135       1.0255
     136       1.1029
     137       1.1142
     138       1.0735
     139       1.0972
     140       1.1579
     141       1.1676
     142       1.1274
     143       1.1673
     144       1.0684
     145       1.0684
     146       1.1161
     147       0.9999
     148       1.1450
     149       1.2082
     150       1.1785
     151       1.1352
     152       1.1367
     153       1.1857
     154       1.1557
     155       1.0469
     156       1.1220
     157       1.0705
     158       1.0317
     159       1.0312
     160       1.0508
     161       1.0019
     162       1.0493
     163       1.0535
     164       1.1416
     165       1.0300
     166       1.0909
     167       1.1317
     168       1.1091
     169       0.9964
     170       1.0108
     171       1.0128
     172       1.0001
     173       1.0425
     174       1.0055
     175       1.0172
     176       1.0438
     177       1.0812
     178       1.0313
     179       1.0822
     180       1.0191
     181       0.9835
     182       1.0572
     183       1.0118
     184       0.9898
     185       1.0192
     186       0.9928
     187       0.9742
     188       1.0953
     189       1.1149
     190       1.1409
     191       1.1324
     192       1.1777
     193       1.1222
     194       1.1729
     195       1.1329
     196       1.1770
     197       1.2699
     198       1.3501
     199       1.2542
     200       1.3226
     201       1.2564
     202       1.2904
     203       1.2967
     204       1.1545
     205       1.2203
     206       1.1789
     207       1.1854
     208       1.1823
     209       1.2374
     210       1.1684
     211       1.2135
     212       1.1496
     213       1.0999
     214       1.0845
     215       1.1836
     216       1.1276
     217       1.1475
     218       1.2011
     219       1.1570
     220       1.1541
     221       1.1742
     222       1.1157
     223       1.0515
     224       1.1079
     225       1.1014
     226       1.1191
     227       1.0847
     228       1.1710
     229       1.1344
     230       1.1484
     231       1.1133
     232       1.1738
     233       1.1225
     234       1.0405
     235       1.0530
     236       1.0454
     237       0.9973
     238       1.0620
     239       1.0514
     240       1.0592
     241       1.0642
     242       1.1068
     243       1.1863
     244       1.1603
     245       1.1273
     246       1.0986
     247       1.0950
     248       1.2128
     249       1.1471
     250       1.1257
     251       1.1913
     252       1.1430
     253       1.1429
     254       1.0408
     255       1.0738
     256       1.1126
     257       1.1056
     258       1.0871
     259       1.0496
     260       1.0981
     261       1.1101
     262       1.1562
     263       1.0964
     264       1.0228
     265       0.9892
     266       1.0350
     267       1.1001
     268       1.0576
     269       1.0229
     270       0.9652
     271       0.9691
     272       0.9238
     273       0.9235
     274       0.8834
     275       0.9287
     276       0.9410
     277       0.9415
     278       1.0375
     279       1.1261
     280       1.0152
     281       1.0742
     282       1.0572
     283       1.0624
     284       1.1831
     285       1.2251
     286       1.1804
     287       1.1384
     288       1.0802
     289       1.1221
     290       1.0946
     291       1.0673
     292       1.0909
     293       1.1607
     294       1.1652
     295       1.1208
     296       1.1514
     297       1.0620
     298       1.1728
     299       1.1896
     300       1.0952
     301       1.0961
     302       1.0666
     303       1.0689
     304       1.0575
     305       1.1238
     306       1.1157
     307       1.0325
     308       1.0946
     309       1.0732
     310       1.1316
     311       1.1024
     312       1.0615
     313       1.1480
     314       1.1479
     315       1.1357
     316       1.1248
     317       1.0942
     318       1.0684
     319       1.0409
     320       1.0334
     321       0.9928
     322       1.0451
     323       0.9524
     324       0.9739
     325       0.9635
     326       1.0141
     327       0.9619
     328       0.9800
     329       0.9585
     330       0.9773
     331       0.9588
     332       1.0370
     333       1.0167
     334       1.0554
     335       1.1358
     336       1.1563
     337       1.0802
     338       1.0918
     339       1.0791
     340       1.1230
     341       1.1557
     342       1.1140
     343       1.1201
     344       1.2184
     345       1.1723
     346       1.1768
     347       1.1565
     348       1.1013
     349       1.0506
     350       1.0982
     351       1.0891
     352       1.1575
     353       1.1486
     354       1.0888
     355       1.0253
     356       1.1333
     357       1.1762
     358       1.1582
     359       1.2333
     360       1.2460
     361       1.3739
     362       1.4318
     363       1.3838
     364       1.3675
     365       1.3793
     366       1.4360
     367       1.3608
     368       1.4069
     369       1.3123
     370       1.3105
     371       1.2862
     372       1.2897
     373       1.2761
     374       1.1996
     375       1.1838
     376       1.0444
     377       0.9805
     378       1.0066
     379       1.0715
     380       1.0826
     381       1.1614
     382       1.1801
     383       1.2449
     384       1.2046
     385       1.2262
     386       1.1736
     387       1.1109
     388       1.1468
     389       1.0807
     390       1.0442
     391       1.0762
     392       1.0290
     393       1.0213
     394       1.1092
     395       1.0031
     396       1.0245
     397       1.0666
     398       1.0936
     399       1.1542
     400       1.1614
     401       1.1684
     402       1.1037
     403       1.2492
     404       1.0963
     405       1.1121
     406       1.1161
     407       1.1466
     408       1.1110
     409       1.0111
     410       1.1265
     411       1.1010
     412       1.0808
     413       1.1195
     414       1.1070
     415       1.1895
     416       1.1479
     417       1.2055
     418       1.1139
     419       1.1147
     420       1.0980
     421       1.0265
     422       1.0145
     423       0.9617
     424       1.0423
     425       1.0377
     426       1.1009
     427       1.0904
     428       1.0912
     429       1.0901
     430       1.0697
     431       1.0025
     432       0.9270
     433       0.9667
     434       1.0228
     435       1.0140
     436       1.0456
     437       0.9973
     438       1.0286
     439       1.0332
     440       1.0613
     441       1.0708
     442       1.0118
     443       0.9951
     444       1.0105
     445       0.9883
     446       1.0176
     447       1.0261
     448       0.9865
     449       1.0913
     450       1.0508
     451       1.0075
     452       1.0199
     453       1.0004
     454       1.0812
     455       1.0559
     456       1.1154
     457       1.1527
     458       1.1584
     459       1.1312
     460       1.2194
     461       1.1395
     462       1.1726
     463       1.1096
     464       1.1217
     465       1.1774
     466       1.1441
     467       1.0384
     468       1.0544
     469       0.9827
     470       0.9782
     471       1.0084
     472       1.0748
     473       1.0874
     474       1.0328
     475       1.0238
     476       1.0642
     477       1.0611
     478       1.0530
     479       1.1164
     480       1.0617
     481       1.0929
     482       1.0536
     483       1.0759
     484       1.0330
     485       1.0382
     486       1.0508
     487       1.0214
     488       1.0865
     489       1.0563
     490       1.1163
     491       1.0767
     492       1.0775
     493       1.1303
     494       1.1143
     495       1.1350
     496       1.1570
     497       1.1001
     498       1.0740
     499       1.0848
     500       1.0489
     501       1.0208
     502       1.0152
     503       1.0889
     504       1.0930
     505       1.1439
     506       1.0945
     507       1.1220
     508       1.2246
     509       1.1665
     510       1.2133
     511       1.1746
     512       1.0952
     513       1.0778
     514       1.0634
     515       1.1835
     516       1.1559
     517       1.1809
     518       1.1507
     519       1.2329
     520       1.0913
     521       1.0848
     522       1.0678
     523       1.1333
     524       1.1317
     525       1.1299
     526       1.0990
     527       1.0482
     528       1.0807
     529       1.1429
     530       1.1113
     531       1.1695
     532       1.1531
     533       1.1538
     534       1.1518
     535       1.0666
     536       1.1219
     537       1.1320
     538       1.1412
     539       1.0954
     540       1.1237
     541       1.1358
     542       1.1213
     543       0.9800
     544       1.0181
     545       1.0250
     546       1.0325
     547       1.0283
     548       0.9654
     549       0.9680
     550       1.0074
     551       1.0255
     552       1.0022
     553       1.0064
     554       0.9943
     555       1.0142
     556       0.9850
     557       1.0749
     558       1.0441
     559       1.1042
     560       1.0425
     561       1.0160
     562       1.0389
     563       1.0267
     564       1.0518
     565       1.0669
     566       1.0228
     567       0.9606
     568       0.9979
     569       1.0128
     570       0.9738
     571       1.0346
     572       0.9515
     573       0.9960
     574       1.0603
     575       0.9893
     576       0.9759
     577       1.0015
     578       0.9967
     579       1.0077
     580       0.9736
     581       0.9694
     582       0.9979
     583       0.9152
     584       0.8919
     585       0.9389
     586       1.0241
     587       0.9694
     588       0.9893
     589       1.0435
     590       0.9749
     591       0.9811
     592       0.9757
     593       0.9731
     594       1.0083
     595       1.0175
     596       1.0286
     597       1.0598
     598       1.1062
     599       1.0891
     600       1.0096
     601       0.9669
     602       1.0102
     603       1.0218
     604       1.0357
     605       1.0279
     606       0.9951
     607       0.9339
     608       0.9530
     609       0.9502
     610       1.0121
     611       0.9926
     612       1.0275
     613       1.0708
     614       1.0689
     615       1.1072
     616       1.0624
     617       1.0347
     618       0.9956
     619       0.9910
     620       0.9351
     621       1.0004
     622       1.0536
     623       1.0597
     624       1.0183
     625       1.0290
     626       0.9618
     627       0.9746
     628       0.9976
     629       1.0386
     630       1.0379
     631       1.0458
     632       1.0490
     633       1.0877
     634       1.1749
     635       1.0818
     636       1.1156
     637       1.1287
     638       1.0931
     639       1.1061
     640       1.1731
     641       1.0968
     642       1.0620
     643       1.0271
     644       1.0750
     645       1.0770
     646       1.0900
     647       1.0284
     648       1.0127
     649       1.0073
     650       1.0904
     651       1.0256
     652       1.0740
     653       1.0686
     654       1.0085
     655       0.9694
     656       1.0260
     657       1.0278
     658       0.9841
     659       0.9591
     660       0.9768
     661       0.9879
     662       0.9287
     663       0.9092
     664       0.9361
     665       0.9287
     666       0.9993
     667       0.9554
     668       0.9909
     669       1.0032
     670       1.0028
     671       1.0370
     672       1.0940
     673       1.0230
     674       1.0388
     675       0.9738
     676       1.0008
     677       1.0265
     678       1.1367
     679       1.1287
     680       1.0495
     681       0.9686
     682       0.9264
     683       0.9893
     684       1.0260
     685       1.0516
     686       0.9941
     687       0.9538
     688       1.0530
     689       1.0915
     690       1.0095
     691       1.0451
     692       1.1341
     693       1.0973
     694       1.1506
     695       1.1692
     696       1.0727
     697       1.0737
     698       1.0747
     699       1.0437
     700       1.0764
     701       1.0342
     702       1.0716
     703       1.0752
     704       1.0706
     705       1.0772
     706       1.0453
     707       1.0657
     708       1.0808
     709       1.0874
     710       1.1343
     711       1.0892
     712       1.1196
     713       1.0822
     714       1.1656
     715       1.1533
     716       1.0890
     717       1.0520
     718       1.0694
     719       1.1155
     720       1.0737
     721       1.1152
     722       1.0880
     723       1.0882
     724       1.1755
     725       1.1435
     726       1.2005
     727       1.1143
     728       1.1607
     729       1.1276
     730       1.0589
     731       1.0692
     732       1.0808
     733       1.1433
     734       1.1210
     735       1.1341
     736       1.1170
     737       1.0767
     738       1.0898
     739       1.1025
     740       1.0940
     741       1.0876
     742       1.1079
     743       1.1355
     744       1.1101
     745       1.1803
     746       1.1557
     747       1.0957
     748       1.0598
     749       1.0811
     750       1.0924
     751       1.0858
     752       1.0343
     753       1.0738
     754       1.0724
     755       1.1657
     756       1.1914
     757       1.0948
     758       1.0985
     759       1.0528
     760       1.1379
     761       1.1084
     762       1.1668
     763       1.2211
     764       1.2335
     765       1.1587
     766       1.2206
     767       1.1478
     768       1.1422
     769       1.1515
     770       1.0686
     771       1.0881
     772       1.1325
     773       1.1388
     774       1.1374
     775       1.1115
     776       1.1188
     777       1.1655
     778       1.2018
     779       1.1856
     780       1.2060
     781       1.1802
     782       1.2168
     783       1.1251
     784       1.0671
     785       1.0451
     786       1.1087
     787       1.1445
     788       1.1616
     789       1.1954
     790       1.2081
     791       1.1749
     792       1.2227
     793       1.1725
     794       1.1798
     795       1.1412
     796       1.1251
     797       1.1732
     798       1.1949
     799       1.2928
     800       1.2771
     801       1.1621
     802       1.1805
     803       1.1631
     804       1.1694
     805       1.2544
     806       1.2582
     807       1.2269
     808       1.1918
     809       1.2441
     810       1.2349
     811       1.1643
     812       1.1682
     813       1.2196
     814       1.2068
     815       1.2020
     816       1.1299
     817       1.1516
     818       1.1474
     819       1.1810
     820       1.1991
     821       1.1747
     822       1.1122
     823       1.0858
     824       1.0340
     825       1.0313
     826       1.1173
     827       1.1311
     828       1.0883
     829       1.0475
     830       1.0592
     831       1.1172
     832       1.1316
     833       1.1600
     834       1.2112
     835       1.0855
     836       1.1001
     837       1.1088
     838       1.1416
     839       1.0889
     840       1.0857
     841       1.0903
     842       1.1309
     843       1.0318
     844       1.0762
     845       1.1808
     846       1.0573
     847       1.1564
     848       1.1259
     849       1.0800
     850       1.0968
     851       1.1566
     852       1.2333
     853       1.1777
     854       1.1439
     855       1.0912
     856       1.1984
     857       1.1848
     858       1.1969
     859       1.1650
     860       1.2170
     861       1.1520
     862       1.2239
     863       1.1603
     864       1.2084
     865       1.2082
     866       1.1743
     867       1.0606
     868       1.0583
     869       1.0390
     870       1.0372
     871       1.0329
     872       1.1001
     873       1.0152
     874       0.9733
     875       0.9618
     876       0.9980
     877       1.0463
     878       1.0242
     879       1.0388
     880       1.0598
     881       1.0206
     882       1.0346
     883       1.0068
     884       1.0238
     885       1.0082
     886       1.0036
     887       0.9722
     888       0.9302
     889       0.9759
     890       1.0663
     891       1.1360
     892       1.0437
     893       1.0515
     894       1.0887
     895       1.1086
     896       1.0848
     897       1.0680
     898       0.9998
     899       1.0792
     900       1.1215
     901       1.1328
     902       1.0386
     903       1.0203
     904       1.0174
     905       0.9998
     906       1.0538
     907       1.0749
     908       1.0895
     909       1.1111
     910       1.1897
     911       1.1259
     912       1.0740
     913       1.0160
     914       1.0110
     915       1.0142
     916       1.0070
     917       0.9658
     918       1.0546
     919       1.0836
     920       1.0893
     921       1.0649
     922       1.0829
     923       1.1122
     924       1.0832
     925       1.1531
     926       1.2069
     927       1.2303
     928       1.2411
     929       1.1906
     930       1.2264
     931       1.1975
     932       1.1830
     933       1.1272
     934       1.1370
     935       1.1098
     936       1.0761
     937       1.0236
     938       1.1272
     939       1.1529
     940       1.1612
     941       1.2415
     942       1.2202
     943       1.1157
     944       1.1777
     945       1.2279
     946       1.1875
     947       1.2351
     948       1.1892
     949       1.1145
     950       1.1632
     951       1.1962
     952       1.2148
     953       1.1469
     954       1.2033
     955       1.1774
     956       1.2416
     957       1.1574
     958       1.2292
     959       1.1644
     960       1.2364
     961       1.3319
     962       1.3284
     963       1.3002
     964       1.3325
     965       1.2773
     966       1.2720
     967       1.1932
     968       1.1930
     969       1.2097
     970       1.2413
     971       1.2732
     972       1.2367
     973       1.2595
     974       1.1745
     975       1.1138
     976       1.1597
     977       1.1418
     978       1.1517
     979       1.1764
     980       1.1378
     981       1.2134
     982       1.1723
     983       1.2000
     984       1.1549
     985       1.1077
     986       1.0976
     987       1.0412
     988       1.1091
     989       1.1350
     990       1.1676
     991       1.1676
     992       1.2128
     993       1.1175
     994       1.1168
     995       1.1263
     996       1.1297
     997       1.1613
     998       1.1242
     999       1.1249
    1000       1.1014
    1001       1.0545
    1002       1.1024
    1003       1.1055
    1004       1.0340
    1005       1.0100
    1006       1.0782
    1007       1.1254
    1008       1.0835
    1009       1.0664
    1010       1.0622
    1011       1.0234
    1012       1.0328
    1013       1.0559
    1014       1.0511
    1015       1.0445
    1016       1.0602
    1017       1.0528
    1018       1.0098
    1019       1.0274
    1020       1.0320
    1021       1.0533
    1022       1.0610
    1023       1.0558
    1024       0.9991
    1025       1.0421
    1026       1.1147
    1027       1.1728
    1028       1.1916
    1029       1.1554
    1030       1.1350
    1031       1.1467
    1032       1.1358
    1033       1.0620
    1034       1.0908
    1035       1.0859
    1036       1.1146
    1037       1.1446
    1038       1.1837
    1039       1.1035
    1040       1.0866
    1041       1.0513
    1042       1.0225
    1043       1.0791
    1044       1.0927
    1045       1.1129
    1046       1.0668
    1047       1.0362
    1048       1.1302
    1049       1.0997
    1050       1.0473
    1051       1.0996
    1052       1.0206
    1053       1.0194
    1054       1.0032
    1055       1.0380
    1056       1.0579
    1057       1.0965
    1058       1.0008
    1059       1.0405
    1060       1.0414
    1061       1.0460
    1062       0.9943
    1063       0.9959
    1064       0.9987
    1065       0.9854
    1066       1.0425
    1067       1.0642
    1068       0.9788
    1069       1.0182
    1070       0.9766
    1071       1.0293
    1072       1.0151
    1073       0.9655
    1074       0.9867
    1075       1.0043
    1076       0.9355
    1077       0.9673
    1078       0.9323
    1079       0.9056
    1080       0.9083
    1081       1.0308
    1082       0.9701
    1083       1.0491
    1084       1.0496
    1085       0.9683
    1086       1.0477
    1087       0.9963
    1088       0.9580
    1089       0.9970
    1090       0.9757
    1091       1.0426
    1092       1.0712
    1093       1.0252
    1094       1.0747
    1095       1.0733
    1096       1.1443
    1097       1.1765
    1098       1.0298
    1099       1.0188
    1100       1.0506
    1101       1.0566
    1102       1.0836
    1103       1.0354
    1104       1.0637
    1105       1.0308
    1106       1.0197
    1107       1.0067
    1108       0.9504
    1109       1.0469
    1110       0.9913
    1111       0.9605
    1112       1.0331
    1113       1.0274
    1114       1.0331
    1115       1.0283
    1116       1.0293
    1117       1.0456
    1118       1.0892
    1119       1.0521
    1120       1.0612
    1121       1.0972
    1122       1.0235
    1123       0.9767
    1124       1.0516
    1125       1.0221
    1126       1.0278
    1127       1.0928
    1128       1.0708
    1129       1.0710
    1130       1.0667
    1131       1.0648
    1132       1.0469
    1133       1.1283
    1134       1.1443
    1135       1.0566
    1136       0.9729
    1137       0.9557
    1138       1.0311
    1139       1.0846
    1140       1.0537
    1141       1.1682
    1142       1.1323
    1143       1.0427
    1144       1.0974
    1145       1.1130
    1146       1.1379
    1147       1.1221
    1148       1.1212
    1149       1.1186
    1150       1.0924
    1151       1.1846
    1152       1.1608
    1153       1.1875
    1154       1.0996
    1155       1.0816
    1156       1.0734
    1157       1.0485
    1158       1.0448
    1159       1.1537
    1160       1.0667
    1161       1.0679
    1162       1.0792
    1163       1.1238
    1164       1.0675
    1165       1.0865
    1166       1.1035
    1167       1.1041
    1168       1.1137
    1169       1.1387
    1170       1.1069
    1171       1.0959
    1172       1.0801
    1173       1.0534
    1174       1.0404
    1175       1.0470
    1176       1.0925
    1177       1.1007
    1178       1.1321
    1179       1.1186
    1180       1.0811
    1181       1.1734
    1182       1.1726
    1183       1.0913
    1184       1.0247
    1185       0.9714
    1186       0.9962
    1187       0.9840
    1188       0.9998
    1189       1.0397
    1190       0.9981
    1191       1.0068
    1192       1.0670
    1193       1.0074
    1194       1.0256
    1195       1.0582
    1196       1.0811
    1197       1.0416
    1198       1.0184
    1199       1.0385
    1200       1.0989
    1201       1.0817
    1202       1.1311
    1203       1.0783
    1204       1.1249
    1205       1.0885
    1206       1.0852
    1207       1.1865
    1208       1.1775
    1209       1.1047
    1210       1.0733
    1211       1.1593
    1212       1.1013
    1213       1.0059
    1214       1.0524
    1215       1.0016
    1216       1.0783
    1217       1.0424
    1218       0.9495
    1219       1.0243
    1220       1.0450
    1221       1.0009
    1222       0.9885
    1223       1.0149
    1224       1.0584
    1225       1.0392
    1226       1.1029
    1227       1.1133
    1228       1.0947
    1229       1.1398
    1230       1.1697
    1231       1.2177
    1232       1.1734
    1233       1.1359
    1234       1.0522
    1235       1.0901
    1236       1.0877
    1237       1.1141
    1238       1.0514
    1239       1.0155
    1240       1.0379
    1241       1.0629
    1242       1.0362
    1243       1.0620
    1244       1.0840
    1245       1.1382
    1246       1.0571
    1247       1.0488
    1248       1.0805
    1249       1.1256
    1250       1.1093
    1251       1.1481
    1252       1.1981
    1253       1.1334
    1254       1.1589
    1255       1.1810
    1256       1.1246
    1257       1.1728
    1258       1.1440
    1259       1.0745
    1260       1.0403
    1261       0.9928
    1262       1.0174
    1263       1.0649
    1264       1.1208
    1265       1.0768
    1266       1.1039
    1267       1.0634
    1268       1.1632
    1269       1.0879
    1270       1.0874
    1271       1.0776
    1272       1.0945
    1273       1.1271
    1274       1.0282
    1275       1.0748
    1276       1.0062
    1277       0.9576
    1278       1.0038
    1279       1.0033
    1280       1.0131
    1281       1.0350
    1282       1.0305
    1283       1.1146
    1284       1.0856
    1285       1.0193
    1286       1.0359
    1287       1.0009
    1288       0.9886
    1289       1.0119
    1290       1.0108
    1291       1.0404
    1292       0.9775
    1293       1.0963
    1294       1.1010
    1295       1.0732
    1296       1.0223
    1297       1.0527
    1298       1.1496
    1299       1.1125
    1300       1.0637
    1301       1.0833
    1302       1.1471
    1303       1.1808
    1304       1.1875
    1305       1.1563
    1306       1.1888
    1307       1.2363
    1308       1.1521
    1309       1.2078
    1310       1.1426
    1311       1.1284
    1312       1.0332
    1313       1.0927
    1314       1.1749
    1315       1.1119
    1316       1.1218
    1317       1.1743
    1318       1.1372
    1319       1.1400
    1320       1.1069
    1321       1.0629
    1322       1.0925
    1323       1.0569
    1324       1.0828
    1325       1.0354
    1326       1.0480
    1327       1.0501
    1328       1.0621
    1329       1.0525
    1330       1.0727
    1331       1.0794
    1332       1.1986
    1333       1.2036
    1334       1.2012
    1335       1.1241
    1336       1.1462
    1337       1.0696
    1338       0.9654
    1339       0.9731
    1340       0.9015
    1341       0.9615
    1342       1.0206
    1343       0.9556
    1344       0.9867
    1345       0.9201
    1346       0.9267
    1347       0.9640
    1348       0.9815
    1349       1.0226
    1350       1.0581
    1351       0.9899
    1352       1.0372
    1353       1.0201
    1354       1.0627
    1355       1.0732
    1356       1.0801
    1357       1.0707
    1358       1.0512
    1359       1.1506
    1360       1.1458
    1361       1.1143
    1362       1.0981
    1363       1.1559
    1364       1.1269
    1365       1.0245
    1366       1.0704
    1367       1.0835
    1368       1.0967
    1369       1.0819
    1370       1.1392
    1371       1.2001
    1372       1.1412
    1373       1.1738
    1374       1.2023
    1375       1.2286
    1376       1.2095
    1377       1.1606
    1378       1.1392
    1379       1.1630
    1380       1.1979
    1381       1.2657
    1382       1.2449
    1383       1.1446
    1384       1.0910
    1385       1.0905
    1386       1.0949
    1387       1.0841
    1388       1.1105
    1389       1.1211
    1390       1.1797
    1391       1.1310
    1392       1.1187
    1393       1.1013
    1394       1.0439
    1395       1.0815
    1396       1.0040
    1397       1.0438
    1398       1.0943
    1399       1.0319
    1400       1.0213
    1401       0.9708
    1402       1.0112
    1403       1.0559
    1404       0.9738
    1405       1.0079
    1406       0.9710
    1407       1.0228
    1408       0.9931
    1409       1.0030
    1410       1.0042
    1411       1.0772
    1412       1.0412
    1413       1.0228
    1414       1.0883
    1415       1.0316
    1416       0.9288
    1417       1.0021
    1418       1.0791
    1419       1.0626
    1420       1.0252
    1421       1.1072
    1422       1.0440
    1423       1.1019
    1424       1.0573
    1425       1.0659
    1426       1.0637
    1427       0.9823
    1428       1.0126
    1429       1.0626
    1430       1.1123
    1431       1.1359
    1432       1.0929
    1433       1.0823
    1434       1.0552
    1435       1.1260
    1436       1.0670
    1437       1.0535
    1438       1.0798
    1439       1.0633
    1440       0.9902
    1441       0.9863
    1442       1.0815
    1443       1.0179
    1444       1.0410
    1445       1.0581
    1446       1.0912
    1447       1.0513
    1448       1.0191
    1449       1.1389
    1450       1.1217
    1451       1.1004
    1452       1.0393
    1453       1.0967
    1454       1.0157
    1455       1.1082
    1456       1.0401
    1457       1.0390
    1458       1.1006
    1459       1.1181
    1460       1.1925
    1461       1.1706
    1462       1.1518
    1463       1.0746
    1464       1.0253
    1465       1.1574
    1466       1.1200
    1467       1.1107
    1468       1.0694
    1469       1.1196
    1470       1.1026
    1471       1.1377
    1472       1.1820
    1473       1.0333
    1474       1.0980
    1475       1.1135
    1476       1.0732
    1477       1.0957
    1478       1.0437
    1479       1.0181
    1480       1.0897
    1481       1.0468
    1482       1.0554
    1483       1.1123
    1484       1.1481
    1485       1.1037
    1486       1.0951
    1487       1.0179
    1488       1.0078
    1489       1.0359
    1490       1.1067
    1491       1.0755
    1492       1.1120
    1493       1.2010
    1494       1.2275
    1495       1.2629
    1496       1.2422
    1497       1.1645
    1498       1.0842
    1499       1.0131
    1500       0.9554
    1501       1.0285
    1502       1.0093
    1503       0.9864
    1504       1.0269
    1505       1.0033
    1506       1.0545
    1507       0.9826
    1508       0.9725
    1509       0.9780
    1510       1.0246
    1511       1.1065
    1512       1.0967
    1513       1.1280
    1514       1.1233
    1515       1.0866
    1516       1.1349
    1517       1.1169
    1518       1.1248
    1519       1.0821
    1520       1.0359
    1521       1.1393
    1522       1.1297
    1523       1.1891
    1524       1.1681
    1525       1.0842
    1526       1.1223
    1527       1.1569
    1528       1.1323
    1529       1.1248
    1530       1.1566
    1531       1.1294
    1532       1.1031
    1533       1.0939
    1534       1.0976
    1535       1.0918
    1536       1.1531
    1537       1.0974
    1538       1.0966
    1539       1.0561
    1540       1.0530
    1541       1.0664
    1542       1.1502
    1543       1.0534
    1544       1.1641
    1545       1.1528
    1546       1.1475
    1547       1.1578
    1548       1.1374
    1549       1.0839
    1550       1.0634
    1551       1.1138
    1552       1.0921
    1553       1.1527
    1554       1.1543
    1555       1.1318
    1556       1.1055
    1557       1.1059
    1558       1.0997
    1559       1.1339
    1560       1.1648
    1561       1.1224
    1562       1.1341
    1563       1.0927
    1564       1.0963
    1565       1.1306
    1566       1.1293
    1567       1.1955
    1568       1.0985
    1569       1.1779
    1570       1.2149
    1571       1.1561
    1572       1.1014
    1573       1.0661
    1574       1.0337
    1575       1.1499
    1576       1.0834
    1577       1.1365
    1578       1.0343
    1579       1.0831
    1580       1.1127
    1581       1.1624
    1582       1.1736
    1583       1.1027
    1584       1.0735
    1585       1.0799
    1586       1.0462
    1587       1.1173
    1588       1.0598
    1589       1.1183
    1590       1.1719
    1591       1.1785
    1592       1.1006
    1593       1.1469
    1594       1.2145
    1595       1.2024
    1596       1.1589
    1597       1.2225
    1598       1.1865
    1599       1.1176
    1600       1.1358
    1601       1.1475
    1602       1.1086
    1603       1.1694
    1604       1.2372
    1605       1.2026
    1606       1.1735
    1607       1.2071
    1608       1.1970
    1609       1.2340
    1610       1.2234
    1611       1.2240
    1612       1.1203
    1613       1.0691
    1614       1.0917
    1615       1.1018
    1616       1.1189
    1617       1.0423
    1618       1.0755
    1619       1.1646
    1620       1.1064
    1621       1.1124
    1622       1.0878
    1623       1.0851
    1624       1.0383
    1625       1.0378
    1626       1.0980
    1627       1.1483
    1628       1.1250
    1629       1.1005
    1630       1.1055
    1631       1.1155
    1632       1.1010
    1633       1.0910
    1634       1.0545
    1635       1.0710
    1636       1.0569
    1637       1.0117
    1638       1.0327
    1639       1.0680
    1640       1.1172
    1641       1.0984
    1642       1.1394
    1643       1.1647
    1644       1.1006
    1645       1.0654
    1646       1.0400
    1647       1.0377
    1648       1.0290
    1649       1.0255
    1650       1.0962
    1651       1.1326
    1652       1.1826
    1653       1.2475
    1654       1.1605
    1655       1.1402
    1656       1.0826
    1657       1.1290
    1658       1.0663
    1659       1.0961
    1660       1.0580
    1661       1.1714
    1662       1.1526
    1663       1.1656
    1664       1.2081
    1665       1.1713
    1666       1.1163
    1667       1.1096
    1668       1.0665
    1669       1.0017
    1670       1.0789
    1671       1.1049
    1672       1.0175
    1673       1.0607
    1674       1.0329
    1675       1.0451
    1676       1.0797
    1677       1.1254
    1678       1.1757
    1679       1.1298
    1680       1.1614
    1681       1.1770
    1682       1.0575
    1683       1.0999
    1684       1.1269
    1685       1.0908
    1686       1.1111
    1687       1.1271
    1688       1.0663
    1689       1.1889
    1690       1.1165
    1691       1.1129
    1692       1.1892
    1693       1.2097
    1694       1.1989
    1695       1.1837
    1696       1.1999
    1697       1.1590
    1698       1.1741
    1699       1.1664
    1700       1.2026
    1701       1.2005
    1702       1.1796
    1703       1.1541
    1704       1.1865
    1705       1.2087
    1706       1.2940
    1707       1.2495
    1708       1.2066
    1709       1.1363
    1710       1.1000
    1711       1.2183
    1712       1.1511
    1713       1.1266
    1714       1.1847
    1715       1.1668
    1716       1.1377
    1717       1.0898
    1718       1.0867
    1719       1.0970
    1720       1.1145
    1721       1.1252
    1722       1.1084
    1723       1.1208
    1724       1.1106
    1725       1.1165
    1726       1.1027
    1727       1.0737
    1728       1.0591
    1729       1.0510
    1730       1.0948
    1731       1.0604
    1732       1.1355
    1733       1.0686
    1734       1.0921
    1735       1.0818
    1736       1.0342
    1737       1.0291
    1738       1.0562
    1739       1.0336
    1740       1.0160
    1741       1.0354
    1742       1.0112
    1743       1.0303
    1744       1.0905
    1745       1.0932
    1746       1.0714
    1747       1.1592
    1748       1.1965
    1749       1.0976
    1750       1.0938
    1751       1.1460
    1752       1.1772
    1753       1.1418
    1754       1.1475
    1755       1.1231
    1756       1.0767
    1757       1.0788
    1758       1.1614
    1759       1.1345
    1760       1.1114
    1761       1.1205
    1762       1.0821
    1763       0.9967
    1764       1.1060
    1765       1.1095
    1766       1.0826
    1767       1.0728
    1768       1.0313
    1769       1.1288
    1770       1.0855
    1771       1.1159
    1772       1.1750
    1773       1.1670
    1774       1.1773
    1775       1.2539
    1776       1.1988
    1777       1.2160
    1778       1.1429
    1779       1.1120
    1780       1.1319
    1781       1.1389
    1782       1.1585
    1783       1.2158
    1784       1.1597
    1785       1.1019
    1786       1.1630
    1787       1.1616
    1788       1.1843
    1789       1.1455
    1790       1.0970
    1791       1.1424
    1792       1.0776
    1793       1.0567
    1794       1.0643
    1795       1.0732
    1796       1.0344
    1797       1.0384
    1798       1.0014
    1799       1.0553
    1800       1.0115
    1801       1.0155
    1802       1.0618
    1803       0.9773
    1804       1.0453
    1805       0.9848
    1806       0.9962
    1807       1.0011
    1808       1.0487
    1809       1.0405
    1810       1.1201
    1811       1.0774
    1812       1.0956
    1813       1.0753
    1814       1.1184
    1815       1.0923
    1816       1.1061
    1817       1.0693
    1818       1.1036
    1819       1.0403
    1820       0.9894
    1821       1.0030
    1822       1.0594
    1823       1.1297
    1824       1.0553
    1825       1.0292
    1826       1.0652
    1827       1.0114
    1828       1.1097
    1829       1.0930
    1830       1.1188
    1831       1.0425
    1832       1.0758
    1833       1.0999
    1834       1.0148
    1835       0.9998
    1836       1.0699
    1837       1.0387
    1838       1.0287
    1839       1.0020
    1840       1.0469
    1841       1.0887
    1842       1.0530
    1843       1.0564
    1844       1.0667
    1845       1.0499
    1846       1.0639
    1847       1.0157
    1848       1.0305
    1849       1.0150
    1850       1.0511
    1851       1.0167
    1852       1.0101
    1853       1.0318
    1854       1.0506
    1855       1.0900
    1856       1.0583
    1857       1.0818
    1858       1.0464
    1859       1.0883
    1860       1.0307
    1861       1.0551
    1862       0.9849
    1863       0.9967
    1864       1.0314
    1865       1.0432
    1866       1.0533
    1867       1.0370
    1868       1.0696
    1869       1.1574
    1870       1.2740
    1871       1.2999
    1872       1.3204
    1873       1.2141
    1874       1.0491
    1875       1.0757
    1876       1.0773
    1877       1.0978
    1878       1.1267
    1879       1.1313
    1880       1.0544
    1881       1.0882
    1882       1.0925
    1883       1.2019
    1884       1.1215
    1885       1.1827
    1886       1.1932
    1887       1.1784
    1888       1.1632
    1889       1.1589
    1890       1.1329
    1891       1.1307
    1892       1.1034
    1893       1.0766
    1894       1.1003
    1895       1.0186
    1896       1.0323
    1897       1.0607
    1898       1.0150
    1899       1.0269
    1900       0.9891
    1901       0.9984
    1902       1.0213
    1903       1.0916
    1904       1.0668
    1905       1.0853
    1906       1.0405
    1907       1.1400
    1908       1.1365
    1909       1.1740
    1910       1.1516
    1911       1.1167
    1912       1.0814
    1913       1.1391
    1914       1.1063
    1915       1.0345
    1916       0.9686
    1917       1.0241
    1918       1.1526
    1919       1.1195
    1920       1.1567
    1921       1.0814
    1922       1.0543
    1923       1.0445
    1924       1.0491
    1925       1.0273
    1926       1.0751
    1927       1.0575
    1928       1.1244
    1929       1.0901
    1930       1.1251
    1931       1.0789
    1932       1.0605
    1933       1.1434
    1934       1.0900
    1935       1.1491
    1936       1.1400
    1937       1.0921
    1938       1.0709
    1939       1.1792
    1940       1.1537
    1941       1.1326
    1942       1.1472
    1943       1.1763
    1944       1.1182
    1945       1.1437
    1946       1.1562
    1947       1.2491
    1948       1.1885
    1949       1.2591
    1950       1.2314
    1951       1.2166
    1952       1.2010
    1953       1.1198
    1954       1.0974
    1955       1.1264
    1956       1.1108
    1957       1.0830
    1958       1.1212
    1959       1.0477
    1960       1.1332
    1961       1.1225
    1962       1.1246
    1963       1.2430
    1964       1.1779
    1965       1.0957
    1966       1.0797
    1967       1.1449
    1968       1.1730
    1969       1.1863
    1970       1.2119
    1971       1.1754
    1972       1.2016
    1973       1.1644
    1974       1.1279
    1975       1.1785
    1976       1.1987
    1977       1.2351
    1978       1.2470
    1979       1.3530
    1980       1.3042
    1981       1.3317
    1982       1.2624
    1983       1.2218
    1984       1.2359
    1985       1.2914
    1986       1.3032
    1987       1.2502
    1988       1.2998
    1989       1.2716
    1990       1.3241
    1991       1.3049
    1992       1.3555
    1993       1.2736
    1994       1.2477
    1995       1.2273
    1996       1.2745
    1997       1.2644
    1998       1.2503
    1999       1.2428
    2000       1.2732
    2001       1.2227
    2002       1.2256
    2003       1.2359
    2004       1.2003
    2005       1.0897
    2006       1.1547
    2007       1.1195
    2008       1.2000
    2009       1.2251
    2010       1.2560
    2011       1.2554
    2012       1.1714
    2013       1.1346
    2014       1.1894
    2015       1.1435
    2016       1.1456
    2017       1.1324
    2018       1.0709
    2019       1.1584
    2020       1.1159
    2021       1.1758
    2022       1.0940
    2023       1.1084
    2024       1.1210
    2025       1.1193
    2026       1.1224
    2027       1.1619
    2028       1.1402
    2029       1.1529
    2030       1.1629
    2031       1.1183
    2032       1.1402
    2033       1.1560
    2034       1.1517
    2035       1.1635
    2036       1.1446
    2037       1.1758
    2038       1.1705
    2039       1.2446
    2040       1.1877
    2041       1.1743
    2042       1.2056
    2043       1.2276
    2044       1.2358
    2045       1.2870
    2046       1.2403
    2047       1.1677
    2048       1.1393
    2049       1.1575
    2050       1.1766
    2051       1.1899
    2052       1.1870
    2053       1.2052
    2054       1.1988
    2055       1.2235
    2056       1.2188
    2057       1.1863
    2058       1.2122
    2059       1.1581
    2060       1.1843
    2061       1.2773
    2062       1.2354
    2063       1.2272
    2064       1.2621
    2065       1.2732
    2066       1.3331
    2067       1.2457
    2068       1.2231
    2069       1.2314
    2070       1.2235
    2071       1.1957
    2072       1.1794
    2073       1.2140
    2074       1.2665
    2075       1.2323
    2076       1.2418
    2077       1.2822
    2078       1.3507
    2079       1.3270
    2080       1.2982
    2081       1.2770
    2082       1.2269
    2083       1.2430
    2084       1.2987
    2085       1.3364
    2086       1.3247
    2087       1.2990
    2088       1.2632
    2089       1.3056
    2090       1.2981
    2091       1.2540
    2092       1.2248
    2093       1.2708
    2094       1.3421
    2095       1.4129
    2096       1.3601
    2097       1.4834
    2098       1.3842
    2099       1.3093
    2100       1.3312
    2101       1.3720
    2102       1.2843
    2103       1.2757
    2104       1.2792
    2105       1.2274
    2106       1.2293
    2107       1.2256
    2108       1.2071
    2109       1.1979
    2110       1.2191
    2111       1.2259
    2112       1.3030
    2113       1.2214
    2114       1.2575
    2115       1.2719
    2116       1.2375
    2117       1.2215
    2118       1.1823
    2119       1.1701
    2120       1.1449
    2121       1.1750
    2122       1.1266
    2123       1.1097
    2124       1.1214
    2125       1.1599
    2126       1.2019
    2127       1.1724
    2128       1.2272
    2129       1.2865
    2130       1.2373
    2131       1.2485
    2132       1.2641
    2133       1.2283
    2134       1.2722
    2135       1.2909
    2136       1.3094
    2137       1.2778
    2138       1.3588
    2139       1.3034
    2140       1.2827
    2141       1.2566
    2142       1.1886
    2143       1.1454
    2144       1.1195
    2145       1.2138
    2146       1.2553
    2147       1.2811
    2148       1.3788
    2149       1.4856
    2150       1.3859
    2151       1.3035
    2152       1.3307
    2153       1.3762
    2154       1.3072
    2155       1.2903
    2156       1.2679
    2157       1.2457
    2158       1.3235
    2159       1.2700
    2160       1.2229
    2161       1.3064
    2162       1.2079
    2163       1.2227
    2164       1.1328
    2165       1.1266
    2166       1.1548
    2167       1.2389
    2168       1.2451
    2169       1.1338
    2170       1.1995
    2171       1.2364
    2172       1.2636
    2173       1.2214
    2174       1.2363
    2175       1.2912
    2176       1.3381
    2177       1.3357
    2178       1.2690
    2179       1.2509
    2180       1.2239
    2181       1.2116
    2182       1.2093
    2183       1.1735
    2184       1.1149
    2185       1.1922
    2186       1.1274
    2187       1.1376
    2188       1.1452
    2189       1.1595
    2190       1.2303
    2191       1.2083
    2192       1.2354
    2193       1.2735
    2194       1.2033
    2195       1.2260
    2196       1.2618
    2197       1.2965
    2198       1.3040
    2199       1.2827
    2200       1.3262
    2201       1.3053
    2202       1.2901
    2203       1.3759
    2204       1.2760
    2205       1.2947
    2206       1.2503
    2207       1.2311
    2208       1.1607
    2209       1.2202
    2210       1.2412
    2211       1.2576
    2212       1.2669
    2213       1.2216
    2214       1.2739
    2215       1.2756
    2216       1.3704
    2217       1.3652
    2218       1.3337
    2219       1.3334
    2220       1.2726
    2221       1.3123
    2222       1.2651
    2223       1.2832
    2224       1.3092
    2225       1.2807
    2226       1.2341
    2227       1.2629
    2228       1.3404
    2229       1.2645
    2230       1.2031
    2231       1.2187
    2232       1.1968
    2233       1.2302
    2234       1.2634
    2235       1.2649
    2236       1.2218
    2237       1.1954
    2238       1.1688
    2239       1.2057
    2240       1.2008
    2241       1.2548
    2242       1.2208
    2243       1.2760
    2244       1.2468
    2245       1.2829
    2246       1.2277
    2247       1.2143
    2248       1.1956
    2249       1.2117
    2250       1.2111
    2251       1.2624
    2252       1.3535
    2253       1.3185
    2254       1.3257
    2255       1.3182
    2256       1.4046
    2257       1.4078
    2258       1.3707
    2259       1.2681
    2260       1.3060
    2261       1.2546
    2262       1.3674
    2263       1.3107
    2264       1.3314
    2265       1.2865
    2266       1.3207
    2267       1.3068
    2268       1.2832
    2269       1.3093
    2270       1.3427
    2271       1.3400
    2272       1.2915
    2273       1.2150
    2274       1.2276
    2275       1.2581
    2276       1.1848
    2277       1.2193
    2278       1.2303
    2279       1.2239
    2280       1.1924
    2281       1.1360
    2282       1.1414
    2283       1.2066
    2284       1.2019
    2285       1.2372
    2286       1.2011
    2287       1.2087
    2288       1.2916
    2289       1.2751
    2290       1.2855
    2291       1.1962
    2292       1.1952
    2293       1.1400
    2294       1.1141
    2295       1.1221
    2296       1.2158
    2297       1.1595
    2298       1.1828
    2299       1.1983
    2300       1.1886
    2301       1.1286
    2302       1.1882
    2303       1.2029
    2304       1.1371
    2305       1.1855
    2306       1.1481
    2307       1.1035
    2308       1.1301
    2309       1.1609
    2310       1.1821
    2311       1.1074
    2312       1.0999
    2313       1.1153
    2314       1.1760
    2315       1.2242
    2316       1.2528
    2317       1.1504
    2318       1.2071
    2319       1.1398
    2320       1.1769
    2321       1.1268
    2322       1.1699
    2323       1.2170
    2324       1.1941
    2325       1.0967
    2326       1.1518
    2327       1.2005
    2328       1.1456
    2329       1.0995
    2330       1.1121
    2331       1.2132
    2332       1.2503
    2333       1.2383
    2334       1.0915
    2335       1.0429
    2336       1.1306
    2337       1.0776
    2338       1.0891
    2339       1.1753
    2340       1.1139
    2341       1.0813
    2342       1.1501
    2343       1.1153
    2344       1.1166
    2345       1.1953
    2346       1.2259
    2347       1.1879
    2348       1.2070
    2349       1.1797
    2350       1.2221
    2351       1.2157
    2352       1.2937
    2353       1.3123
    2354       1.2591
    2355       1.2733
    2356       1.2461
    2357       1.2494
    2358       1.3207
    2359       1.2644
    2360       1.2309
    2361       1.2810
    2362       1.2780
    2363       1.2840
    2364       1.2601
    2365       1.3245
    2366       1.2072
    2367       1.1824
    2368       1.2168
    2369       1.2530
    2370       1.2046
    2371       1.2205
    2372       1.2034
    2373       1.2150
    2374       1.2110
    2375       1.2182
    2376       1.3053
    2377       1.2607
    2378       1.2408
    2379       1.3166
    2380       1.2942
    2381       1.2870
    2382       1.3604
    2383       1.2814
    2384       1.2953
    2385       1.2261
    2386       1.2134
    2387       1.2865
    2388       1.2748
    2389       1.3047
    2390       1.2814
    2391       1.3331
    2392       1.3257
    2393       1.3221
    2394       1.3322
    2395       1.2396
    2396       1.2952
    2397       1.2280
    2398       1.2688
    2399       1.2225
    2400       1.2188
    2401       1.2346
    2402       1.2211
    2403       1.1626
    2404       1.1807
    2405       1.2320
    2406       1.2896
    2407       1.2811
    2408       1.2460
    2409       1.1706
    2410       1.1345
    2411       1.2695
    2412       1.2573
    2413       1.2089
    2414       1.1712
    2415       1.1945
    2416       1.2127
    2417       1.1321
    2418       1.1347
    2419       1.1415
    2420       1.0599
    2421       1.1653
    2422       1.1933
    2423       1.2693
    2424       1.1949
    2425       1.2738
    2426       1.1960
    2427       1.2414
    2428       1.1992
    2429       1.1966
    2430       1.1930
    2431       1.2946
    2432       1.3429
    2433       1.2819
    2434       1.3187
    2435       1.2447
    2436       1.2368
    2437       1.1757
    2438       1.1774
    2439       1.2539
    2440       1.2751
    2441       1.2479
    2442       1.1919
    2443       1.2064
    2444       1.2208
    2445       1.1549
    2446       1.1659
    2447       1.0664
    2448       1.1024
    2449       1.0980
    2450       1.1044
    2451       1.1598
    2452       1.1887
    2453       1.2638
    2454       1.2162
    2455       1.3344
    2456       1.2745
    2457       1.3023
    2458       1.2856
    2459       1.2872
    2460       1.2669
    2461       1.3056
    2462       1.3148
    2463       1.2560
    2464       1.2679
    2465       1.2238
    2466       1.1975
    2467       1.1977
    2468       1.1603
    2469       1.1424
    2470       1.2197
    2471       1.1896
    2472       1.1420
    2473       1.1002
    2474       1.0655
    2475       1.0952
    2476       1.1809
    2477       1.1122
    2478       1.1663
    2479       1.1964
    2480       1.2524
    2481       1.2086
    2482       1.1762
    2483       1.2059
    2484       1.2230
    2485       1.2787
    2486       1.2684
    2487       1.3070
    2488       1.3031
    2489       1.2740
    2490       1.2844
    2491       1.3038
    2492       1.2880
    2493       1.2904
    2494       1.3458
    2495       1.2147
    2496       1.2496
    2497       1.2468
    2498       1.2134
    2499       1.2330
    2500       1.1998
    2501       1.2777
    2502       1.2752
    2503       1.2148
    2504       1.2505
    2505       1.2649
    2506       1.2466
    2507       1.1861
    2508       1.1824
    2509       1.2380
    2510       1.3280
    2511       1.3033
    2512       1.3273
    2513       1.2926
    2514       1.2741
    2515       1.2722
    2516       1.3196
    2517       1.2767
    2518       1.2062
    2519       1.1842
    2520       1.2344
    2521       1.1952
    2522       1.2611
    2523       1.2241
    2524       1.2196
    2525       1.1589
    2526       1.1439
    2527       1.1241
    2528       1.1153
    2529       1.1508
    2530       1.1455
    2531       1.1495
    2532       1.0915
    2533       1.2191
    2534       1.2071
    2535       1.2647
    2536       1.2677
    2537       1.3021
    2538       1.2406
    2539       1.2413
    2540       1.1343
    2541       1.2102
    2542       1.2350
    2543       1.2303
    2544       1.2177
    2545       1.1719
    2546       1.1763
    2547       1.1399
    2548       1.1896
    2549       1.1149
    2550       1.1491
    2551       1.2149
    2552       1.2748
    2553       1.2349
    2554       1.1913
    2555       1.2093
    2556       1.1918
    2557       1.1981
    2558       1.1627
    2559       1.1991
    2560       1.1915
    2561       1.1807
    2562       1.1492
    2563       1.1890
    2564       1.1760
    2565       1.1583
    2566       1.2108
    2567       1.2289
    2568       1.2374
    2569       1.2940
    2570       1.3761
    2571       1.3716
    2572       1.3878
    2573       1.4132
    2574       1.3264
    2575       1.2869
    2576       1.2857
    2577       1.2669
    2578       1.2707
    2579       1.1773
    2580       1.2079
    2581       1.1793
    2582       1.1547
    2583       1.1220
    2584       1.1012
    2585       1.1206
    2586       1.0765
    2587       1.1056
    2588       1.1265
    2589       1.1615
    2590       1.2057
    2591       1.2556
    2592       1.2473
    2593       1.1711
    2594       1.2175
    2595       1.1339
    2596       1.1423
    2597       1.1432
    2598       1.1334
    2599       1.1282
    2600       1.1669
    2601       1.1592
    2602       1.1970
    2603       1.1801
    2604       1.2037
    2605       1.2095
    2606       1.1288
    2607       1.1370
    2608       1.1648
    2609       1.2079
    2610       1.1016
    2611       1.1715
    2612       1.1761
    2613       1.0737
    2614       1.1337
    2615       1.2297
    2616       1.2214
    2617       1.1860
    2618       1.2403
    2619       1.2430
    2620       1.3452
    2621       1.4297
    2622       1.3346
    2623       1.3715
    2624       1.3530
    2625       1.2945
    2626       1.2543
    2627       1.3649
    2628       1.2720
    2629       1.2994
    2630       1.3171
    2631       1.2817
    2632       1.2426
    2633       1.2654
    2634       1.3144
    2635       1.2348
    2636       1.2222
    2637       1.2177
    2638       1.2534
    2639       1.3259
    2640       1.2005
    2641       1.2139
    2642       1.2306
    2643       1.2536
    2644       1.2417
    2645       1.2396
    2646       1.2201
    2647       1.1728
    2648       1.1723
    2649       1.2254
    2650       1.1515
    2651       1.0983
    2652       1.0760
    2653       1.0647
    2654       1.1487
    2655       1.1261
    2656       1.1021
    2657       1.0643
    2658       1.0786
    2659       1.1575
    2660       1.1951
    2661       1.1760
    2662       1.1631
    2663       1.1650
    2664       1.1815
    2665       1.1833
    2666       1.1612
    2667       1.2127
    2668       1.2467
    2669       1.1994
    2670       1.2708
    2671       1.2107
    2672       1.2429
    2673       1.2501
    2674       1.2592
    2675       1.2131
    2676       1.2635
    2677       1.2117
    2678       1.2049
    2679       1.1623
    2680       1.1456
    2681       1.1676
    2682       1.1431
    2683       1.1474
    2684       1.1340
    2685       1.1190
    2686       1.1830
    2687       1.2108
    2688       1.2017
    2689       1.2422
    2690       1.2221
    2691       1.2716
    2692       1.2501
    2693       1.2932
    2694       1.2442
    2695       1.3095
    2696       1.3087
    2697       1.2206
    2698       1.1975
    2699       1.2205
    2700       1.2938
    2701       1.2587
    2702       1.2605
    2703       1.2033
    2704       1.1360
    2705       1.1713
    2706       1.2599
    2707       1.2062
    2708       1.3129
    2709       1.2630
    2710       1.2409
    2711       1.2918
    2712       1.4113
    2713       1.4843
    2714       1.3982
    2715       1.3289
    2716       1.2983
    2717       1.3403
    2718       1.2414
    2719       1.2446
    2720       1.2096
    2721       1.3127
    2722       1.2278
    2723       1.1918
    2724       1.1826
    2725       1.2266
    2726       1.1369
    2727       1.1415
    2728       1.1776
    2729       1.2001
    2730       1.1314
    2731       1.1118
    2732       1.1389
    2733       1.1371
    2734       1.1718
    2735       1.1704
    2736       1.1968
    2737       1.1993
    2738       1.2737
    2739       1.2248
    2740       1.2066
    2741       1.1835
    2742       1.2412
    2743       1.2200
    2744       1.2630
    2745       1.2728
    2746       1.1863
    2747       1.1848
    2748       1.2212
    2749       1.3127
    2750       1.2864
    2751       1.2723
    2752       1.2161
    2753       1.2221
    2754       1.2048
    2755       1.1551
    2756       1.2109
    2757       1.1445
    2758       1.1507
    2759       1.2109
    2760       1.1275
    2761       1.2084
    2762       1.1758
    2763       1.2040
    2764       1.1316
    2765       1.1229
    2766       1.1296
    2767       1.2747
    2768       1.2938
    2769       1.2743
    2770       1.2204
    2771       1.2554
    2772       1.3272
    2773       1.2821
    2774       1.1889
    2775       1.1473
    2776       1.1088
    2777       1.0767
    2778       1.0271
    2779       1.0365
    2780       0.9552
    2781       1.0656
    2782       1.0994
    2783       1.1428
    2784       1.0837
    2785       1.0644
    2786       1.0525
    2787       1.0138
    2788       1.0573
    2789       1.0436
    2790       1.0229
    2791       1.0595
    2792       1.0866
    2793       1.1380
    2794       1.1396
    2795       1.1858
    2796       1.1310
    2797       1.0895
    2798       1.0872
    2799       1.0647
    2800       1.1792
    2801       1.1171
    2802       1.1713
    2803       1.2176
    2804       1.2115
    2805       1.2451
    2806       1.2533
    2807       1.2209
    2808       1.1846
    2809       1.0924
    2810       1.0183
    2811       1.0277
    2812       1.0392
    2813       1.1196
    2814       1.0481
    2815       1.0102
    2816       1.0490
    2817       1.0750
    2818       1.0719
    2819       1.0988
    2820       1.1475
    2821       1.0752
    2822       1.0946
    2823       1.0715
    2824       1.0598
    2825       1.0402
    2826       1.0419
    2827       1.0573
    2828       1.0450
    2829       1.0337
    2830       1.0490
    2831       1.0671
    2832       1.1612
    2833       1.0998
    2834       1.0644
    2835       1.0558
    2836       1.0950
    2837       1.0698
    2838       1.0843
    2839       1.0088
    2840       1.0554
    2841       1.0797
    2842       1.0513
    2843       1.0559
    2844       1.0901
    2845       1.1334
    2846       1.0644
    2847       1.0984
    2848       1.0518
    2849       1.0744
    2850       1.1536
    2851       1.1751
    2852       1.1614
    2853       1.2108
    2854       1.1675
    2855       1.1389
    2856       1.1556
    2857       1.1045
    2858       1.0293
    2859       1.0487
    2860       1.0913
    2861       1.1387
    2862       1.1558
    2863       1.1709
    2864       1.2312
    2865       1.2149
    2866       1.1448
    2867       1.1394
    2868       1.0298
    2869       1.0491
    2870       1.0338
    2871       1.0490
    2872       1.1018
    2873       1.1269
    2874       1.1336
    2875       1.0558
    2876       1.0661
    2877       1.0589
    2878       1.1080
    2879       1.0689
    2880       1.1459
    2881       1.1594
    2882       1.1308
    2883       1.1463
    2884       1.1764
    2885       1.1820
    2886       1.1750
    2887       1.1914
    2888       1.1499
    2889       1.1537
    2890       1.1058
    2891       1.0792
    2892       1.1167
    2893       1.1389
    2894       1.1831
    2895       1.0759
    2896       1.0377
    2897       1.0548
    2898       1.0977
    2899       1.1233
    2900       1.1963
    2901       1.2229
    2902       1.1442
    2903       1.1287
    2904       1.0860
    2905       1.1039
    2906       1.1583
    2907       1.1530
    2908       1.1509
    2909       1.1186
    2910       1.1328
    2911       1.1106
    2912       1.1482
    2913       1.1617
    2914       1.1222
    2915       1.0445
    2916       1.0956
    2917       1.0762
    2918       1.0685
    2919       1.0405
    2920       1.0585
    2921       1.0912
    2922       1.0852
    2923       1.1000
    2924       1.1740
    2925       1.1461
    2926       1.0823
    2927       1.0589
    2928       1.0681
    2929       1.0717
    2930       1.0543
    2931       1.0927
    2932       1.0336
    2933       1.0320
    2934       1.1215
    2935       1.0803
    2936       1.0766
    2937       1.0865
    2938       1.0538
    2939       1.0545
    2940       1.0819
    2941       1.0948
    2942       1.0818
    2943       1.0979
    2944       1.1072
    2945       1.0982
    2946       1.1096
    2947       1.0989
    2948       1.0573
    2949       1.0762
    2950       1.1270
    2951       1.1600
    2952       1.1430
    2953       1.0760
    2954       1.1002
    2955       1.0796
    2956       1.1504
    2957       1.1199
    2958       1.1106
    2959       1.1012
    2960       1.0868
    2961       1.0887
    2962       1.0399
    2963       1.1018
    2964       1.1308
    2965       1.1424
    2966       1.1010
    2967       1.1475
    2968       1.0462
    2969       1.0423
    2970       1.0447
    2971       1.0019
    2972       1.0046
    2973       1.0282
    2974       1.0555
    2975       0.9983
    2976       1.0320
    2977       1.0431
    2978       1.1114
    2979       1.1019
    2980       1.0676
    2981       1.1125
    2982       1.0743
    2983       1.0794
    2984       1.0868
    2985       1.1540
    2986       1.1055
    2987       1.1185
    2988       1.0431
    2989       1.0624
    2990       1.1814
    2991       1.1333
    2992       1.0590
    2993       1.0537
    2994       1.0334
    2995       1.0893
    2996       1.0591
    2997       1.0994
    2998       1.0962
    2999       1.0394
    3000       1.0660
    3001       1.1038
    3002       1.1749
    3003       1.0864
    3004       1.0895
    3005       1.0995
    3006       1.0878
    3007       1.1082
    3008       1.0993
    3009       1.1244
    3010       1.0885
    3011       1.0557
    3012       1.1008
    3013       1.1736
    3014       1.1445
    3015       1.1524
    3016       1.1723
    3017       1.1553
    3018       1.1299
    3019       1.0968
    3020       1.1022
    3021       1.1381
    3022       1.1664
    3023       1.1045
    3024       1.1249
    3025       1.0923
    3026       1.0865
    3027       1.1890
    3028       1.2694
    3029       1.2216
    3030       1.2620
    3031       1.2563
    3032       1.2407
    3033       1.2019
    3034       1.1480
    3035       1.1951
    3036       1.2063
    3037       1.2851
    3038       1.1798
    3039       1.1794
    3040       1.2361
    3041       1.2331
    3042       1.2656
    3043       1.3178
    3044       1.2613
    3045       1.2599
    3046       1.2957
    3047       1.1921
    3048       1.1376
    3049       1.1357
    3050       1.2033
    3051       1.1846
    3052       1.1880
    3053       1.2291
    3054       1.2265
    3055       1.2804
    3056       1.2599
    3057       1.2465
    3058       1.1976
    3059       1.2099
    3060       1.1960
    3061       1.2038
    3062       1.0824
    3063       1.2803
    3064       1.2540
    3065       1.3197
    3066       1.2421
    3067       1.2340
    3068       1.1627
    3069       1.1901
    3070       1.2115
    3071       1.2017
    3072       1.2617
    3073       1.1992
    3074       1.1596
    3075       1.1727
    3076       1.2207
    3077       1.2540
    3078       1.3243
    3079       1.3902
    3080       1.3178
    3081       1.2640
    3082       1.2305
    3083       1.1980
    3084       1.2312
    3085       1.2566
    3086       1.1345
    3087       1.1965
    3088       1.2939
    3089       1.2937
    3090       1.2415
    3091       1.1975
    3092       1.1829
    3093       1.1499
    3094       1.1275
    3095       1.0992
    3096       1.1249
    3097       1.1297
    3098       1.0640
    3099       1.1576
    3100       1.2054
    3101       1.1830
    3102       1.2176
    3103       1.1872
    3104       1.1405
    3105       1.1551
    3106       1.1823
    3107       1.1626
    3108       1.2329
    3109       1.1700
    3110       1.1924
    3111       1.2716
    3112       1.1876
    3113       1.2871
    3114       1.2355
    3115       1.1488
    3116       1.1836
    3117       1.1877
    3118       1.2746
    3119       1.2343
    3120       1.3072
    3121       1.2936
    3122       1.2862
    3123       1.3002
    3124       1.2918
    3125       1.2480
