#Frame     RMSD_00001
       1       0.0000
       2       0.5892
       3       0.6945
       4       0.7813
       5       0.7484
       6       0.8269
       7       0.9116
       8       0.8179
       9       0.8962
      10       0.9578
      11       0.8507
      12       0.9288
      13       0.8884
      14       0.9609
      15       0.9187
      16       0.9374
      17       0.9553
      18       0.9688
      19       1.0203
      20       1.0103
      21       0.9427
      22       1.0269
      23       0.9668
      24       0.9139
      25       0.8941
      26       0.9807
      27       0.9601
      28       0.8601
      29       0.8889
      30       1.0249
      31       1.0350
      32       0.9564
      33       1.0229
      34       0.9839
      35       1.0349
      36       1.0242
      37       0.9769
      38       0.9388
      39       0.8731
      40       0.9358
      41       0.9430
      42       0.9716
      43       0.8763
      44       0.9647
      45       0.9694
      46       0.9980
      47       0.9400
      48       0.8659
      49       0.9041
      50       0.9133
      51       0.9633
      52       0.9615
      53       0.9389
      54       0.9039
      55       0.9039
      56       0.8590
      57       0.9370
      58       0.8487
      59       0.9109
      60       0.8179
      61       0.8322
      62       0.9048
      63       0.8998
      64       0.8783
      65       0.9800
      66       0.9313
      67       0.9240
      68       0.9339
      69       0.9129
      70       0.9127
      71       0.8345
      72       0.9155
      73       0.9103
      74       0.9353
      75       0.9618
      76       0.9353
      77       0.9474
      78       0.9283
      79       0.9924
      80       1.0581
      81       1.0428
      82       1.0893
      83       1.1576
      84       1.1736
      85       1.0005
      86       0.9493
      87       0.9576
      88       1.0149
      89       0.9850
      90       0.9740
      91       0.9954
      92       0.9631
      93       1.0145
      94       0.9362
      95       1.0155
      96       0.8569
      97       0.9045
      98       1.0007
      99       0.9570
     100       1.0263
     101       0.9273
     102       0.9352
     103       0.9040
     104       1.0390
     105       1.0046
     106       0.8528
     107       0.9487
     108       0.9064
     109       0.9068
     110       1.0210
     111       0.9822
     112       0.9648
     113       0.9344
     114       0.9186
     115       0.8966
     116       0.9891
     117       0.9253
     118       0.7924
     119       0.8717
     120       0.9080
     121       0.8871
     122       0.8796
     123       0.8925
     124       0.9502
     125       0.9666
     126       0.9912
     127       0.9889
     128       0.9821
     129       0.9606
     130       0.9321
     131       0.9619
     132       1.0032
     133       1.0293
     134       0.9238
     135       0.9476
     136       1.0059
     137       1.0025
     138       0.9758
     139       1.0813
     140       0.9745
     141       0.9116
     142       1.0223
     143       0.8930
     144       0.9077
     145       0.9160
     146       0.9879
     147       1.0074
     148       1.0195
     149       1.0344
     150       1.0201
     151       0.9504
     152       0.9375
     153       1.0460
     154       1.0304
     155       1.0210
     156       1.0432
     157       1.0490
     158       1.0172
     159       0.9750
     160       1.0308
     161       1.0140
     162       1.0328
     163       1.0408
     164       1.0170
     165       1.0896
     166       1.0281
     167       1.0216
     168       1.1000
     169       1.0476
     170       1.1056
     171       1.0651
     172       1.0552
     173       1.0391
     174       1.0296
     175       1.0605
     176       0.9419
     177       1.0023
     178       1.0195
     179       0.9837
     180       1.0523
     181       1.1034
     182       1.0282
     183       1.0495
     184       1.0546
     185       1.0035
     186       0.9962
     187       0.9920
     188       0.9926
     189       1.0986
     190       1.2240
     191       1.2012
     192       1.2014
     193       1.0908
     194       1.0439
     195       0.9899
     196       1.0805
     197       1.0988
     198       1.1199
     199       1.1237
     200       0.9996
     201       1.0504
     202       1.0481
     203       1.0302
     204       1.0614
     205       1.0381
     206       1.0421
     207       1.0242
     208       1.0174
     209       1.1089
     210       1.0674
     211       1.0930
     212       1.0463
     213       1.0759
     214       1.0933
     215       1.1251
     216       1.1253
     217       1.0860
     218       1.0982
     219       1.1707
     220       1.1902
     221       1.1015
     222       1.0733
     223       1.1350
     224       1.0232
     225       1.0357
     226       1.0813
     227       1.1645
     228       1.1484
     229       1.1586
     230       1.0886
     231       1.1286
     232       1.1070
     233       1.0850
     234       1.0923
     235       1.0787
     236       1.0843
     237       1.0493
     238       1.0420
     239       1.0863
     240       1.1381
     241       1.0783
     242       1.0110
     243       0.9846
     244       1.0572
     245       1.0436
     246       1.0054
     247       0.9656
     248       0.9576
     249       0.9646
     250       1.0502
     251       1.0731
     252       0.9879
     253       1.0769
     254       1.0295
     255       1.0369
     256       1.0419
     257       1.0221
     258       0.9875
     259       0.9920
     260       0.9759
     261       0.9630
     262       1.0085
     263       1.0137
     264       1.0134
     265       1.0809
     266       1.0856
     267       1.1198
     268       1.1180
     269       1.0894
     270       1.1995
     271       1.2319
     272       1.1198
     273       1.1289
     274       1.0840
     275       1.1539
     276       1.1560
     277       1.2685
     278       1.2254
     279       1.1943
     280       1.1634
     281       1.1578
     282       1.1514
     283       1.1769
     284       1.1571
     285       1.1426
     286       1.1766
     287       1.1499
     288       1.1788
     289       1.2144
     290       1.2655
     291       1.2735
     292       1.2427
     293       1.2464
     294       1.2439
     295       1.1861
     296       1.1594
     297       1.1066
     298       1.1171
     299       1.0988
     300       1.1418
     301       1.1646
     302       1.0986
     303       1.1528
     304       1.1008
     305       1.1182
     306       1.0861
     307       1.1377
     308       1.2021
     309       1.1660
     310       1.1895
     311       1.2609
     312       1.2434
     313       1.2370
     314       1.1363
     315       1.1367
     316       1.1670
     317       1.1581
     318       1.0679
     319       1.0570
     320       1.1271
     321       1.1145
     322       1.1798
     323       1.0133
     324       1.0674
     325       1.0373
     326       1.0393
     327       1.0826
     328       1.1006
     329       1.0606
     330       1.0465
     331       1.1329
     332       1.0673
     333       1.0232
     334       1.0221
     335       1.0167
     336       0.9883
     337       1.0337
     338       1.1403
     339       1.0468
     340       1.0256
     341       1.0088
     342       0.9789
     343       1.0165
     344       1.0183
     345       1.0580
     346       1.0509
     347       1.1120
     348       1.1866
     349       1.1071
     350       1.0789
     351       1.0751
     352       1.0667
     353       1.1021
     354       1.0448
     355       1.0344
     356       1.0721
     357       1.0592
     358       1.0509
     359       1.0645
     360       1.1196
     361       1.2154
     362       1.1789
     363       1.1392
     364       1.1484
     365       1.1377
     366       1.1124
     367       1.0744
     368       1.1931
     369       1.1280
     370       1.1488
     371       1.1091
     372       1.1019
     373       1.0711
     374       1.0830
     375       1.1161
     376       1.0646
     377       1.0865
     378       1.1249
     379       1.1041
     380       1.1269
     381       1.1636
     382       1.2092
     383       1.2358
     384       1.1509
     385       1.0685
     386       1.0713
     387       1.0920
     388       1.1340
     389       1.2150
     390       1.2181
     391       1.1821
     392       1.1741
     393       1.0857
     394       1.1092
     395       1.0779
     396       1.1110
     397       1.1012
     398       1.0491
     399       1.0542
     400       1.0411
     401       1.1048
     402       1.0971
     403       1.0842
     404       1.1142
     405       1.1044
     406       1.0622
     407       1.0702
     408       1.0524
     409       1.1142
     410       1.1204
     411       1.1874
     412       1.0894
     413       1.1798
     414       1.1457
     415       1.2069
     416       1.2005
     417       1.2380
     418       1.2040
     419       1.1374
     420       1.2007
     421       1.0787
     422       1.0856
     423       1.1314
     424       1.0829
     425       1.0617
     426       1.0859
     427       1.0484
     428       1.0804
     429       1.1439
     430       1.1879
     431       1.1794
     432       1.1883
     433       1.1500
     434       1.1139
     435       1.1085
     436       1.0903
     437       0.9815
     438       1.0251
     439       1.0704
     440       1.1066
     441       1.0735
     442       1.1119
     443       0.9987
     444       1.0187
     445       1.1096
     446       1.1016
     447       1.1302
     448       1.1261
     449       1.1387
     450       1.0513
     451       1.0398
     452       1.1209
     453       1.1003
     454       1.0747
     455       1.1150
     456       1.1326
     457       1.1071
     458       1.1344
     459       1.1441
     460       1.1178
     461       1.1525
     462       1.1282
     463       1.1113
     464       1.1011
     465       1.0523
     466       1.1248
     467       1.1123
     468       1.0721
     469       1.0662
     470       1.1247
     471       1.1381
     472       1.1493
     473       1.0892
     474       1.1441
     475       1.1332
     476       1.1638
     477       1.1407
     478       1.2033
     479       1.2278
     480       1.2103
     481       1.2644
     482       1.2139
     483       1.1769
     484       1.2136
     485       1.1565
     486       1.2309
     487       1.1684
     488       1.1925
     489       1.1860
     490       1.1078
     491       1.1011
     492       1.1736
     493       1.2179
     494       1.1733
     495       1.2032
     496       1.2863
     497       1.2006
     498       1.1625
     499       1.1194
     500       1.1350
     501       1.1623
     502       1.3072
     503       1.2628
     504       1.2763
     505       1.1930
     506       1.2588
     507       1.2045
     508       1.1250
     509       1.1722
     510       1.1954
     511       1.2250
     512       1.2873
     513       1.2708
     514       1.1913
     515       1.1260
     516       1.1546
     517       1.2227
     518       1.1023
     519       1.0759
     520       1.1301
     521       1.1910
     522       1.1157
     523       1.1328
     524       1.1120
     525       1.1383
     526       1.1102
     527       1.1257
     528       1.1405
     529       1.2021
     530       1.0835
     531       1.1180
     532       1.1914
     533       1.1125
     534       1.1195
     535       1.1350
     536       1.1072
     537       1.0984
     538       1.1648
     539       1.1185
     540       1.1041
     541       1.0608
     542       1.0774
     543       1.1205
     544       1.1395
     545       1.1428
     546       1.2282
     547       1.1844
     548       1.1733
     549       1.1876
     550       1.0909
     551       1.1160
     552       1.1259
     553       1.1513
     554       1.1990
     555       1.1745
     556       1.1380
     557       1.1243
     558       1.0687
     559       1.0805
     560       1.1199
     561       1.1349
     562       1.0567
     563       1.1250
     564       1.1586
     565       1.1387
     566       1.1298
     567       1.1763
     568       1.1717
     569       1.1663
     570       1.2001
     571       1.2083
     572       1.2415
     573       1.2184
     574       1.2797
     575       1.2160
     576       1.2746
     577       1.2291
     578       1.3583
     579       1.2848
     580       1.1932
     581       1.1945
     582       1.1864
     583       1.1844
     584       1.1479
     585       1.0828
     586       1.1014
     587       1.1235
     588       1.0854
     589       1.1202
     590       1.0884
     591       1.1229
     592       1.1734
     593       1.1945
     594       1.1859
     595       1.1092
     596       1.1935
     597       1.1933
     598       1.1586
     599       1.1385
     600       1.1956
     601       1.1535
     602       1.1150
     603       1.1264
     604       1.0417
     605       1.0721
     606       1.1303
     607       1.1613
     608       1.0941
     609       1.1743
     610       1.1182
     611       1.1663
     612       1.1541
     613       1.1781
     614       1.1437
     615       1.1543
     616       1.1260
     617       1.2538
     618       1.2189
     619       1.2539
     620       1.2405
     621       1.1819
     622       1.1937
     623       1.2298
     624       1.1944
     625       1.1603
     626       1.1932
     627       1.2252
     628       1.1814
     629       1.2221
     630       1.1661
     631       1.2068
     632       1.1906
     633       1.2244
     634       1.2084
     635       1.1902
     636       1.2669
     637       1.2440
     638       1.3068
     639       1.2671
     640       1.2657
     641       1.3393
     642       1.3502
     643       1.3813
     644       1.3518
     645       1.4378
     646       1.3835
     647       1.4077
     648       1.3877
     649       1.3650
     650       1.3227
     651       1.2382
     652       1.3175
     653       1.4309
     654       1.3502
     655       1.3872
     656       1.3455
     657       1.3583
     658       1.4105
     659       1.3783
     660       1.3743
     661       1.3506
     662       1.3570
     663       1.3183
     664       1.3335
     665       1.3782
     666       1.2637
     667       1.2921
     668       1.2499
     669       1.2720
     670       1.2166
     671       1.2656
     672       1.2339
     673       1.2616
     674       1.2508
     675       1.2621
     676       1.2703
     677       1.3006
     678       1.3460
     679       1.3011
     680       1.2421
     681       1.1882
     682       1.1727
     683       1.1795
     684       1.1681
     685       1.2458
     686       1.1641
     687       1.2274
     688       1.3220
     689       1.3380
     690       1.3580
     691       1.2844
     692       1.3047
     693       1.3275
     694       1.2528
     695       1.2448
     696       1.1668
     697       1.1865
     698       1.1943
     699       1.1781
     700       1.1571
     701       1.1657
     702       1.1136
     703       1.1340
     704       1.2007
     705       1.1544
     706       1.2308
     707       1.2454
     708       1.2175
     709       1.2161
     710       1.2979
     711       1.3749
     712       1.2805
     713       1.2916
     714       1.2332
     715       1.2343
     716       1.2418
     717       1.2860
     718       1.2605
     719       1.2742
     720       1.2914
     721       1.2681
     722       1.3335
     723       1.3371
     724       1.3830
     725       1.4011
     726       1.3322
     727       1.3259
     728       1.3235
     729       1.3513
     730       1.3114
     731       1.3403
     732       1.3106
     733       1.2255
     734       1.2421
     735       1.2225
     736       1.2973
     737       1.3150
     738       1.3074
     739       1.2861
     740       1.3049
     741       1.3201
     742       1.2822
     743       1.2041
     744       1.2058
     745       1.1746
     746       1.1935
     747       1.2505
     748       1.2481
     749       1.2561
     750       1.2570
     751       1.2084
     752       1.2236
     753       1.2347
     754       1.2090
     755       1.2513
     756       1.1617
     757       1.2325
     758       1.2126
     759       1.2326
     760       1.2478
     761       1.2006
     762       1.1948
     763       1.1452
     764       1.2030
     765       1.1819
     766       1.1867
     767       1.1392
     768       1.1843
     769       1.2448
     770       1.1790
     771       1.1847
     772       1.1928
     773       1.2339
     774       1.2479
     775       1.2542
     776       1.2317
     777       1.3195
     778       1.2631
     779       1.3378
     780       1.3043
     781       1.2776
     782       1.3493
     783       1.3408
     784       1.2991
     785       1.2597
     786       1.2553
     787       1.2137
     788       1.2603
     789       1.1617
     790       1.2366
     791       1.1405
     792       1.1975
     793       1.1506
     794       1.1700
     795       1.1648
     796       1.1462
     797       1.0795
     798       1.1176
     799       1.0538
     800       1.0789
     801       1.0916
     802       1.1747
     803       1.1460
     804       1.1191
     805       1.0711
     806       1.1136
     807       1.1244
     808       1.1833
     809       1.1293
     810       1.1299
     811       1.1165
     812       1.1216
     813       1.1038
     814       1.0840
     815       1.1475
     816       1.0991
     817       1.1088
     818       1.2343
     819       1.1567
     820       1.1368
     821       1.1593
     822       1.1128
     823       1.1534
     824       1.1510
     825       1.0559
     826       1.0803
     827       1.1731
     828       1.1154
     829       1.1187
     830       1.1309
     831       1.0876
     832       1.1801
     833       1.2054
     834       1.1560
     835       1.2009
     836       1.1676
     837       1.1801
     838       1.2721
     839       1.2801
     840       1.2347
     841       1.2524
     842       1.3534
     843       1.2903
     844       1.2811
     845       1.2859
     846       1.3206
     847       1.2221
     848       1.2387
     849       1.1491
     850       1.1021
     851       1.1512
     852       1.0948
     853       1.1176
     854       1.1236
     855       1.1248
     856       1.1472
     857       1.2054
     858       1.2117
     859       1.2430
     860       1.1977
     861       1.2344
     862       1.2448
     863       1.2590
     864       1.2796
     865       1.1740
     866       1.1569
     867       1.2465
     868       1.2595
     869       1.1955
     870       1.1504
     871       1.2357
     872       1.1011
     873       1.1156
     874       1.0792
     875       1.0846
     876       1.1561
     877       1.1446
     878       1.1473
     879       1.0959
     880       1.1139
     881       1.1369
     882       1.1521
     883       1.1699
     884       1.2141
     885       1.2573
     886       1.2022
     887       1.1934
     888       1.1530
     889       1.1693
     890       1.1774
     891       1.1498
     892       1.1818
     893       1.1874
     894       1.2461
     895       1.2364
     896       1.1690
     897       1.1720
     898       1.1359
     899       1.1744
     900       1.1640
     901       1.2719
     902       1.2037
     903       1.2386
     904       1.2749
     905       1.2192
     906       1.1345
     907       1.1356
     908       1.2335
     909       1.2183
     910       1.2267
     911       1.1825
     912       1.1740
     913       1.2668
     914       1.2158
     915       1.2268
     916       1.1053
     917       1.1446
     918       1.1973
     919       1.1387
     920       1.1782
     921       1.2450
     922       1.1666
     923       1.2548
     924       1.2384
     925       1.2212
     926       1.1974
     927       1.2447
     928       1.2239
     929       1.2346
     930       1.2730
     931       1.3024
     932       1.2045
     933       1.1719
     934       1.2270
     935       1.2154
     936       1.2408
     937       1.2459
     938       1.1628
     939       1.1664
     940       1.2141
     941       1.1907
     942       1.1713
     943       1.1900
     944       1.2339
     945       1.2543
     946       1.2978
     947       1.2428
     948       1.2957
     949       1.2777
     950       1.3183
     951       1.2440
     952       1.2408
     953       1.2931
     954       1.3008
     955       1.2936
     956       1.2444
     957       1.2479
     958       1.3248
     959       1.2701
     960       1.2361
     961       1.1841
     962       1.1834
     963       1.1884
     964       1.1841
     965       1.2844
     966       1.2988
     967       1.2625
     968       1.1798
     969       1.1620
     970       1.1872
     971       1.1416
     972       1.1861
     973       1.1966
     974       1.1751
     975       1.1574
     976       1.2303
     977       1.2588
     978       1.2408
     979       1.2120
     980       1.2065
     981       1.1976
     982       1.2169
     983       1.3023
     984       1.2588
     985       1.2269
     986       1.1740
     987       1.2112
     988       1.1539
     989       1.1652
     990       1.0531
     991       1.1279
     992       1.1354
     993       1.0575
     994       1.1350
     995       1.0694
     996       1.1100
     997       1.1027
     998       1.1853
     999       1.1709
    1000       1.2583
    1001       1.1876
    1002       1.2504
    1003       1.2149
    1004       1.1577
    1005       1.2700
    1006       1.2777
    1007       1.2760
    1008       1.2678
    1009       1.2497
    1010       1.3167
    1011       1.2698
    1012       1.2133
    1013       1.2886
    1014       1.2362
    1015       1.3060
    1016       1.2458
    1017       1.2781
    1018       1.2514
    1019       1.2323
    1020       1.2292
    1021       1.2163
    1022       1.2538
    1023       1.3074
    1024       1.2882
    1025       1.3115
    1026       1.3029
    1027       1.2763
    1028       1.1957
    1029       1.1658
    1030       1.1133
    1031       1.2040
    1032       1.2360
    1033       1.3032
    1034       1.2760
    1035       1.2465
    1036       1.2127
    1037       1.2675
    1038       1.2382
    1039       1.2254
    1040       1.2418
    1041       1.2402
    1042       1.2013
    1043       1.2891
    1044       1.2520
    1045       1.2313
    1046       1.2932
    1047       1.1730
    1048       1.1765
    1049       1.2260
    1050       1.1379
    1051       1.2669
    1052       1.1916
    1053       1.1803
    1054       1.2051
    1055       1.2257
    1056       1.2664
    1057       1.1835
    1058       1.2493
    1059       1.2414
    1060       1.2324
    1061       1.2534
    1062       1.2447
    1063       1.2338
    1064       1.2438
    1065       1.2916
    1066       1.1991
    1067       1.2206
    1068       1.2359
    1069       1.2037
    1070       1.1879
    1071       1.1812
    1072       1.2384
    1073       1.2190
    1074       1.1801
    1075       1.2304
    1076       1.2774
    1077       1.1728
    1078       1.2908
    1079       1.2767
    1080       1.2654
    1081       1.2992
    1082       1.3170
    1083       1.2721
    1084       1.2162
    1085       1.2018
    1086       1.2354
    1087       1.1697
    1088       1.2077
    1089       1.2307
    1090       1.2103
    1091       1.1950
    1092       1.2762
    1093       1.2999
    1094       1.2163
    1095       1.2369
    1096       1.2011
    1097       1.1753
    1098       1.1318
    1099       1.1393
    1100       1.0950
    1101       1.1571
    1102       1.1789
    1103       1.1515
    1104       1.2259
    1105       1.1961
    1106       1.2350
    1107       1.1991
    1108       1.2483
    1109       1.1790
    1110       1.1977
    1111       1.1875
    1112       1.2498
    1113       1.1625
    1114       1.1664
    1115       1.1659
    1116       1.1649
    1117       1.1133
    1118       1.1568
    1119       1.1580
    1120       1.1280
    1121       1.2173
    1122       1.1796
    1123       1.1789
    1124       1.1106
    1125       1.1109
    1126       1.1692
    1127       1.2063
    1128       1.1865
    1129       1.2057
    1130       1.2469
    1131       1.2948
    1132       1.2990
    1133       1.3757
    1134       1.3026
    1135       1.3070
    1136       1.2914
    1137       1.2788
    1138       1.3267
    1139       1.2461
    1140       1.2031
    1141       1.2581
    1142       1.2523
    1143       1.2570
    1144       1.2572
    1145       1.2962
    1146       1.3244
    1147       1.3710
    1148       1.3150
    1149       1.3307
    1150       1.2944
    1151       1.2490
    1152       1.2536
    1153       1.2152
    1154       1.1933
    1155       1.2254
    1156       1.2409
    1157       1.3202
    1158       1.2816
    1159       1.1960
    1160       1.2635
    1161       1.2610
    1162       1.2744
    1163       1.2434
    1164       1.2194
    1165       1.1992
    1166       1.0751
    1167       1.0998
    1168       1.0836
    1169       1.0996
    1170       1.1102
    1171       1.1533
    1172       1.0963
    1173       1.0833
    1174       1.1093
    1175       1.0943
    1176       1.0315
    1177       1.1191
    1178       1.1236
    1179       1.1451
    1180       1.0476
    1181       1.0346
    1182       0.9969
    1183       0.9721
    1184       1.0209
    1185       1.0303
    1186       0.9950
    1187       0.9989
    1188       1.0582
    1189       1.0050
    1190       1.0162
    1191       1.1219
    1192       1.0412
    1193       0.9988
    1194       1.0270
    1195       1.0624
    1196       1.0724
    1197       1.0256
    1198       1.0686
    1199       1.0770
    1200       1.0363
    1201       1.0599
    1202       1.1425
    1203       1.1339
    1204       1.1701
    1205       1.1297
    1206       1.1102
    1207       1.1135
    1208       1.1223
    1209       1.1018
    1210       1.1334
    1211       1.1136
    1212       1.0756
    1213       1.0984
    1214       1.0910
    1215       1.1026
    1216       1.0795
    1217       1.0275
    1218       1.0897
    1219       1.1364
    1220       1.0492
    1221       1.0769
    1222       1.1246
    1223       1.1186
    1224       1.0303
    1225       1.0356
    1226       1.0222
    1227       1.0451
    1228       1.0430
    1229       1.1272
    1230       1.1238
    1231       1.1298
    1232       1.1222
    1233       1.1491
    1234       1.1383
    1235       1.0963
    1236       1.1296
    1237       1.1314
    1238       1.0958
    1239       1.0166
    1240       1.1273
    1241       1.0389
    1242       1.0707
    1243       1.0758
    1244       1.1119
    1245       1.1634
    1246       1.1124
    1247       1.0283
    1248       1.0550
    1249       1.0117
    1250       1.0848
    1251       1.0812
    1252       1.0423
    1253       1.0466
    1254       1.0925
    1255       1.0746
    1256       1.0702
    1257       1.1011
    1258       1.0414
    1259       1.0976
    1260       1.0287
    1261       1.0420
    1262       1.0888
    1263       1.1074
    1264       1.1073
    1265       1.0921
    1266       1.0744
    1267       1.0701
    1268       1.0260
    1269       1.0508
    1270       1.0804
    1271       1.0833
    1272       1.1052
    1273       1.0417
    1274       1.0033
    1275       1.1319
    1276       1.1908
    1277       1.1854
    1278       1.2181
    1279       1.1214
    1280       1.1549
    1281       1.1345
    1282       1.0653
    1283       1.1129
    1284       1.1422
    1285       1.1127
    1286       1.0749
    1287       1.0660
    1288       1.1006
    1289       1.1019
    1290       1.0330
    1291       1.0528
    1292       1.0214
    1293       1.0019
    1294       1.0599
    1295       1.0856
    1296       1.0843
    1297       1.0321
    1298       1.1368
    1299       1.0631
    1300       1.0131
    1301       1.0458
    1302       1.0155
    1303       0.9861
    1304       1.0047
    1305       1.0498
    1306       1.0560
    1307       1.0339
    1308       1.0758
    1309       1.0692
    1310       1.0900
    1311       1.0855
    1312       0.9902
    1313       1.0540
    1314       1.0369
    1315       0.9928
    1316       1.1432
    1317       1.2166
    1318       1.2532
    1319       1.2057
    1320       1.2776
    1321       1.2233
    1322       1.1513
    1323       1.2632
    1324       1.2154
    1325       1.1644
    1326       1.0587
    1327       1.0938
    1328       1.1677
    1329       1.1366
    1330       1.0748
    1331       1.0653
    1332       1.0979
    1333       1.1567
    1334       1.0476
    1335       1.0835
    1336       1.1135
    1337       1.0004
    1338       1.0039
    1339       1.0400
    1340       1.0477
    1341       1.0485
    1342       1.0291
    1343       1.0645
    1344       1.1418
    1345       1.1681
    1346       1.1999
    1347       1.2223
    1348       1.2720
    1349       1.1589
    1350       1.1616
    1351       1.1491
    1352       1.1109
    1353       1.1012
    1354       1.1419
    1355       1.1049
    1356       1.0474
    1357       1.0843
    1358       1.0712
    1359       1.0318
    1360       1.0425
    1361       0.9889
    1362       1.1009
    1363       1.0967
    1364       1.1532
    1365       1.1121
    1366       1.1413
    1367       1.0646
    1368       1.1886
    1369       1.0978
    1370       1.1537
    1371       1.1880
    1372       1.1081
    1373       1.1071
    1374       1.1371
    1375       1.1625
    1376       1.1294
    1377       1.0492
    1378       0.9946
    1379       1.1320
    1380       1.0821
    1381       1.1269
    1382       1.0819
    1383       1.0769
    1384       1.0725
    1385       1.1050
    1386       1.1355
    1387       1.1299
    1388       1.0990
    1389       1.1097
    1390       1.2719
    1391       1.1886
    1392       1.1593
    1393       1.0624
    1394       1.1685
    1395       1.2491
    1396       1.2416
    1397       1.1955
    1398       1.2169
    1399       1.2038
    1400       1.1509
    1401       1.1075
    1402       1.0731
    1403       1.1059
    1404       1.1376
    1405       1.1236
    1406       1.1217
    1407       1.1337
    1408       1.0858
    1409       1.1007
    1410       1.0440
    1411       1.0894
    1412       1.1048
    1413       1.1974
    1414       1.1362
    1415       1.0980
    1416       1.2146
    1417       1.2266
    1418       1.2207
    1419       1.2043
    1420       1.2128
    1421       1.1865
    1422       1.2931
    1423       1.2328
    1424       1.2340
    1425       1.2031
    1426       1.2235
    1427       1.2115
    1428       1.2301
    1429       1.1344
    1430       1.1147
    1431       1.2141
    1432       1.1755
    1433       1.2078
    1434       1.1954
    1435       1.1904
    1436       1.2130
    1437       1.2062
    1438       1.2822
    1439       1.2918
    1440       1.2076
    1441       1.2352
    1442       1.2985
    1443       1.2764
    1444       1.1846
    1445       1.2049
    1446       1.1321
    1447       1.2084
    1448       1.2724
    1449       1.2844
    1450       1.2515
    1451       1.3734
    1452       1.4083
    1453       1.4276
    1454       1.3666
    1455       1.2864
    1456       1.2692
    1457       1.2944
    1458       1.2294
    1459       1.2462
    1460       1.3722
    1461       1.3809
    1462       1.2710
    1463       1.2631
    1464       1.2631
    1465       1.1979
    1466       1.1737
    1467       1.1731
    1468       1.1941
    1469       1.1403
    1470       1.2227
    1471       1.1702
    1472       1.1485
    1473       1.1954
    1474       1.1755
    1475       1.1941
    1476       1.2222
    1477       1.2923
    1478       1.3263
    1479       1.1630
    1480       1.1846
    1481       1.3178
    1482       1.4207
    1483       1.3774
    1484       1.3633
    1485       1.2501
    1486       1.2899
    1487       1.1805
    1488       1.1518
    1489       1.2189
    1490       1.1820
    1491       1.1519
    1492       1.1588
    1493       1.0927
    1494       1.1476
    1495       1.1603
    1496       1.1150
    1497       1.2034
    1498       1.2093
    1499       1.1726
    1500       1.1571
    1501       1.2147
    1502       1.2525
    1503       1.1835
    1504       1.1792
    1505       1.1053
    1506       1.1493
    1507       1.1320
    1508       1.1408
    1509       1.0953
    1510       1.0877
    1511       1.1337
    1512       1.2515
    1513       1.2324
    1514       1.2273
    1515       1.2152
    1516       1.2054
    1517       1.1601
    1518       1.2231
    1519       1.2207
    1520       1.1604
    1521       1.1970
    1522       1.2687
    1523       1.2780
    1524       1.2232
    1525       1.2456
    1526       1.2410
    1527       1.2146
    1528       1.3375
    1529       1.2909
    1530       1.3809
    1531       1.3955
    1532       1.3370
    1533       1.3102
    1534       1.2613
    1535       1.2119
    1536       1.2645
    1537       1.2618
    1538       1.2127
    1539       1.2484
    1540       1.2063
    1541       1.2629
    1542       1.2991
    1543       1.2862
    1544       1.2115
    1545       1.1822
    1546       1.2314
    1547       1.2150
    1548       1.1879
    1549       1.1899
    1550       1.2084
    1551       1.1345
    1552       1.1840
    1553       1.1950
    1554       1.1538
    1555       1.1448
    1556       1.1701
    1557       1.1297
    1558       1.1790
    1559       1.1907
    1560       1.1322
    1561       1.2373
    1562       1.2142
    1563       1.2919
    1564       1.2257
    1565       1.2202
    1566       1.2228
    1567       1.2341
    1568       1.1788
    1569       1.1652
    1570       1.1950
    1571       1.1708
    1572       1.1788
    1573       1.2057
    1574       1.1987
    1575       1.1934
    1576       1.1956
    1577       1.1626
    1578       1.1332
    1579       1.1729
    1580       1.2782
    1581       1.2973
    1582       1.2725
    1583       1.3412
    1584       1.3820
    1585       1.3261
    1586       1.2446
    1587       1.3023
    1588       1.3202
    1589       1.2356
    1590       1.2657
    1591       1.2816
    1592       1.1766
    1593       1.1685
    1594       1.2574
    1595       1.3002
    1596       1.3049
    1597       1.2665
    1598       1.2749
    1599       1.3483
    1600       1.3004
    1601       1.3560
    1602       1.3630
    1603       1.3562
    1604       1.3560
    1605       1.3723
    1606       1.3936
    1607       1.3356
    1608       1.3338
    1609       1.3720
    1610       1.3448
    1611       1.2849
    1612       1.3319
    1613       1.3110
    1614       1.3370
    1615       1.3061
    1616       1.2923
    1617       1.3555
    1618       1.3463
    1619       1.3078
    1620       1.3070
    1621       1.3904
    1622       1.4380
    1623       1.4182
    1624       1.4509
    1625       1.4230
    1626       1.3922
    1627       1.3805
    1628       1.3527
    1629       1.4127
    1630       1.4504
    1631       1.3133
    1632       1.3602
    1633       1.2710
    1634       1.3357
    1635       1.4036
    1636       1.3478
    1637       1.4239
    1638       1.3923
    1639       1.3638
    1640       1.4127
    1641       1.4238
    1642       1.3187
    1643       1.3449
    1644       1.3773
    1645       1.4215
    1646       1.4444
    1647       1.3098
    1648       1.3741
    1649       1.3838
    1650       1.4431
    1651       1.4230
    1652       1.4542
    1653       1.3514
    1654       1.4070
    1655       1.3224
    1656       1.2869
    1657       1.3103
    1658       1.2859
    1659       1.2734
    1660       1.2305
    1661       1.2509
    1662       1.2909
    1663       1.1894
    1664       1.2029
    1665       1.1968
    1666       1.2010
    1667       1.2444
    1668       1.1980
    1669       1.2379
    1670       1.2616
    1671       1.2705
    1672       1.3524
    1673       1.2467
    1674       1.2955
    1675       1.3354
    1676       1.3317
    1677       1.2122
    1678       1.3073
    1679       1.2481
    1680       1.2528
    1681       1.2916
    1682       1.2937
    1683       1.3743
    1684       1.3766
    1685       1.4599
    1686       1.3712
    1687       1.4540
    1688       1.3817
    1689       1.4799
    1690       1.3576
    1691       1.4059
    1692       1.3686
    1693       1.2985
    1694       1.3423
    1695       1.2677
    1696       1.2867
    1697       1.3404
    1698       1.2673
    1699       1.2773
    1700       1.2887
    1701       1.2600
    1702       1.2735
    1703       1.3052
    1704       1.2485
    1705       1.3107
    1706       1.3073
    1707       1.3093
    1708       1.2345
    1709       1.1930
    1710       1.2128
    1711       1.1698
    1712       1.1601
    1713       1.2199
    1714       1.1337
    1715       1.2152
    1716       1.1966
    1717       1.1706
    1718       1.1408
    1719       1.1946
    1720       1.2277
    1721       1.2851
    1722       1.2257
    1723       1.2393
    1724       1.2284
    1725       1.1655
    1726       1.1961
    1727       1.2231
    1728       1.2367
    1729       1.2806
    1730       1.2311
    1731       1.2758
    1732       1.3334
    1733       1.3340
    1734       1.3475
    1735       1.3600
    1736       1.3344
    1737       1.3943
    1738       1.3837
    1739       1.3780
    1740       1.2961
    1741       1.3304
    1742       1.2849
    1743       1.2362
    1744       1.2338
    1745       1.1485
    1746       1.2172
    1747       1.1065
    1748       1.1886
    1749       1.2718
    1750       1.2392
    1751       1.2965
    1752       1.2298
    1753       1.2710
    1754       1.2510
    1755       1.2240
    1756       1.2690
    1757       1.2893
    1758       1.2505
    1759       1.2587
    1760       1.2308
    1761       1.1877
    1762       1.2326
    1763       1.2714
    1764       1.2039
    1765       1.1722
    1766       1.2253
    1767       1.2723
    1768       1.2949
    1769       1.1878
    1770       1.2116
    1771       1.2549
    1772       1.2507
    1773       1.2211
    1774       1.2745
    1775       1.3406
    1776       1.3922
    1777       1.3420
    1778       1.3613
    1779       1.3138
    1780       1.2227
    1781       1.2607
    1782       1.2957
    1783       1.2308
    1784       1.2001
    1785       1.1794
    1786       1.2138
    1787       1.2214
    1788       1.2670
    1789       1.2968
    1790       1.3248
    1791       1.4291
    1792       1.4151
    1793       1.3580
    1794       1.3241
    1795       1.3175
    1796       1.2524
    1797       1.2278
    1798       1.1884
    1799       1.2356
    1800       1.2157
    1801       1.2509
    1802       1.2726
    1803       1.2324
    1804       1.1698
    1805       1.2314
    1806       1.3028
    1807       1.3028
    1808       1.3027
    1809       1.2890
    1810       1.1963
    1811       1.2356
    1812       1.1852
    1813       1.1802
    1814       1.2596
    1815       1.3093
    1816       1.3553
    1817       1.3342
    1818       1.3052
    1819       1.3986
    1820       1.2645
    1821       1.2169
    1822       1.2728
    1823       1.1880
    1824       1.1290
    1825       1.1649
    1826       1.2939
    1827       1.2588
    1828       1.2501
    1829       1.2678
    1830       1.2607
    1831       1.2573
    1832       1.2459
    1833       1.2999
    1834       1.2895
    1835       1.2991
    1836       1.2687
    1837       1.2590
    1838       1.3669
    1839       1.3811
    1840       1.3198
    1841       1.2291
    1842       1.2784
    1843       1.2819
    1844       1.2893
    1845       1.2580
    1846       1.3157
    1847       1.3758
    1848       1.3585
    1849       1.3035
    1850       1.3980
    1851       1.3668
    1852       1.3159
    1853       1.2960
    1854       1.3841
    1855       1.2613
    1856       1.2433
    1857       1.2458
    1858       1.2604
    1859       1.2974
    1860       1.3296
    1861       1.3405
    1862       1.2849
    1863       1.2802
    1864       1.2143
    1865       1.2479
    1866       1.2616
    1867       1.2509
    1868       1.3311
    1869       1.2950
    1870       1.1968
    1871       1.1346
    1872       1.1535
    1873       1.2330
    1874       1.2514
    1875       1.2560
    1876       1.2662
    1877       1.3592
    1878       1.2632
    1879       1.2604
    1880       1.2213
    1881       1.2581
    1882       1.2075
    1883       1.1801
    1884       1.1842
    1885       1.2298
    1886       1.2617
    1887       1.1807
    1888       1.2086
    1889       1.2032
    1890       1.1858
    1891       1.2062
    1892       1.1684
    1893       1.1386
    1894       1.1465
    1895       1.1377
    1896       1.1649
    1897       1.1751
    1898       1.1744
    1899       1.2207
    1900       1.2080
    1901       1.1757
    1902       1.1911
    1903       1.1746
    1904       1.1352
    1905       1.1922
    1906       1.1701
    1907       1.1489
    1908       1.1674
    1909       1.1584
    1910       1.2316
    1911       1.1609
    1912       1.1965
    1913       1.1386
    1914       1.1896
    1915       1.1840
    1916       1.1773
    1917       1.1925
    1918       1.2014
    1919       1.1834
    1920       1.2019
    1921       1.1664
    1922       1.1679
    1923       1.1226
    1924       1.1333
    1925       1.1805
    1926       1.1645
    1927       1.2298
    1928       1.1790
    1929       1.1939
    1930       1.2208
    1931       1.2293
    1932       1.2958
    1933       1.3021
    1934       1.3435
    1935       1.3218
    1936       1.4024
    1937       1.3579
    1938       1.2720
    1939       1.2741
    1940       1.1879
    1941       1.2429
    1942       1.3285
    1943       1.3235
    1944       1.2657
    1945       1.3318
    1946       1.2983
    1947       1.3350
    1948       1.3268
    1949       1.2793
    1950       1.2521
    1951       1.3411
    1952       1.3319
    1953       1.2962
    1954       1.2608
    1955       1.2434
    1956       1.1673
    1957       1.2067
    1958       1.2969
    1959       1.2085
    1960       1.1751
    1961       1.1569
    1962       1.1362
    1963       1.2391
    1964       1.1694
    1965       1.2150
    1966       1.2803
    1967       1.3297
    1968       1.2859
    1969       1.3949
    1970       1.2701
    1971       1.2558
    1972       1.2665
    1973       1.2890
    1974       1.3256
    1975       1.2756
    1976       1.2621
    1977       1.2152
    1978       1.2106
    1979       1.2160
    1980       1.1997
    1981       1.2179
    1982       1.2043
    1983       1.1539
    1984       1.1523
    1985       1.1936
    1986       1.2067
    1987       1.1381
    1988       1.2219
    1989       1.2179
    1990       1.2204
    1991       1.2524
    1992       1.2130
    1993       1.2368
    1994       1.2153
    1995       1.1576
    1996       1.1026
    1997       1.1296
    1998       1.2178
    1999       1.2144
    2000       1.2497
    2001       1.1775
    2002       1.1598
    2003       1.2167
    2004       1.2701
    2005       1.2289
    2006       1.2401
    2007       1.2825
    2008       1.2752
    2009       1.3047
    2010       1.3322
    2011       1.2980
    2012       1.2894
    2013       1.3187
    2014       1.3884
    2015       1.3384
    2016       1.4240
    2017       1.3794
    2018       1.4135
    2019       1.3970
    2020       1.3731
    2021       1.4411
    2022       1.4912
    2023       1.4447
    2024       1.4608
    2025       1.3579
    2026       1.3799
    2027       1.4199
    2028       1.3136
    2029       1.3227
    2030       1.3876
    2031       1.4642
    2032       1.4360
    2033       1.4391
    2034       1.4490
    2035       1.3103
    2036       1.2239
    2037       1.2520
    2038       1.3399
    2039       1.2696
    2040       1.3024
    2041       1.2824
    2042       1.2012
    2043       1.2071
    2044       1.2232
    2045       1.2272
    2046       1.2798
    2047       1.2423
    2048       1.2130
    2049       1.2385
    2050       1.2660
    2051       1.1997
    2052       1.1964
    2053       1.2159
    2054       1.2126
    2055       1.2166
    2056       1.1799
    2057       1.2036
    2058       1.2211
    2059       1.1838
    2060       1.1602
    2061       1.1590
    2062       1.1825
    2063       1.2157
    2064       1.1679
    2065       1.1742
    2066       1.1947
    2067       1.1528
    2068       1.2200
    2069       1.2384
    2070       1.1977
    2071       1.2985
    2072       1.2997
    2073       1.2824
    2074       1.1802
    2075       1.1795
    2076       1.1589
    2077       1.2006
    2078       1.1343
    2079       1.1414
    2080       1.1912
    2081       1.2519
    2082       1.2093
    2083       1.2253
    2084       1.2299
    2085       1.2019
    2086       1.1917
    2087       1.2666
    2088       1.2419
    2089       1.2026
    2090       1.2845
    2091       1.2704
    2092       1.1965
    2093       1.2033
    2094       1.3104
    2095       1.3210
    2096       1.2487
    2097       1.2907
    2098       1.2731
    2099       1.3242
    2100       1.1856
    2101       1.2527
    2102       1.2110
    2103       1.2855
    2104       1.2656
    2105       1.1920
    2106       1.2211
    2107       1.1555
    2108       1.1697
    2109       1.1857
    2110       1.1984
    2111       1.2587
    2112       1.3039
    2113       1.2568
    2114       1.2785
    2115       1.3456
    2116       1.3360
    2117       1.3615
    2118       1.3392
    2119       1.3303
    2120       1.3494
    2121       1.3133
    2122       1.2950
    2123       1.3739
    2124       1.3823
    2125       1.3457
    2126       1.3131
    2127       1.3616
    2128       1.4154
    2129       1.3723
    2130       1.3731
    2131       1.4079
    2132       1.3763
    2133       1.3592
    2134       1.3800
    2135       1.5300
    2136       1.5118
    2137       1.5736
    2138       1.5309
    2139       1.4858
    2140       1.5207
    2141       1.4478
    2142       1.3744
    2143       1.3438
    2144       1.3569
    2145       1.3299
    2146       1.2580
    2147       1.3840
    2148       1.3546
    2149       1.3959
    2150       1.3519
    2151       1.3885
    2152       1.4296
    2153       1.4959
    2154       1.4016
    2155       1.3857
    2156       1.3326
    2157       1.3127
    2158       1.3620
    2159       1.2015
    2160       1.2183
    2161       1.1687
    2162       1.2489
    2163       1.2590
    2164       1.2729
    2165       1.2959
    2166       1.4056
    2167       1.3715
    2168       1.3697
    2169       1.3996
    2170       1.4500
    2171       1.3792
    2172       1.4275
    2173       1.3409
    2174       1.4318
    2175       1.4610
    2176       1.4403
    2177       1.5189
    2178       1.4629
    2179       1.4547
    2180       1.4223
    2181       1.3860
    2182       1.3751
    2183       1.3408
    2184       1.4042
    2185       1.4016
    2186       1.4317
    2187       1.4234
    2188       1.3910
    2189       1.4162
    2190       1.5250
    2191       1.3876
    2192       1.4354
    2193       1.3286
    2194       1.4079
    2195       1.3624
    2196       1.3899
    2197       1.3587
    2198       1.3630
    2199       1.3277
    2200       1.4062
    2201       1.4053
    2202       1.4178
    2203       1.3582
    2204       1.2800
    2205       1.2412
    2206       1.2754
    2207       1.3768
    2208       1.4626
    2209       1.4441
    2210       1.3942
    2211       1.4318
    2212       1.5181
    2213       1.5387
    2214       1.4970
    2215       1.4740
    2216       1.4934
    2217       1.4599
    2218       1.4138
    2219       1.4850
    2220       1.3845
    2221       1.3527
    2222       1.3728
    2223       1.4062
    2224       1.4585
    2225       1.4007
    2226       1.4329
    2227       1.3919
    2228       1.4710
    2229       1.4293
    2230       1.4426
    2231       1.4382
    2232       1.4301
    2233       1.3414
    2234       1.3653
    2235       1.3858
    2236       1.3799
    2237       1.4029
    2238       1.4353
    2239       1.4767
    2240       1.4538
    2241       1.4889
    2242       1.4910
    2243       1.4767
    2244       1.5143
    2245       1.4568
    2246       1.4565
    2247       1.4651
    2248       1.4295
    2249       1.5018
    2250       1.4237
    2251       1.4207
    2252       1.5027
    2253       1.4300
    2254       1.3960
    2255       1.4030
    2256       1.4534
    2257       1.4045
    2258       1.4350
    2259       1.2768
    2260       1.3308
    2261       1.3288
    2262       1.3070
    2263       1.4145
    2264       1.4628
    2265       1.4928
    2266       1.5103
    2267       1.5215
    2268       1.5458
    2269       1.5315
    2270       1.5469
    2271       1.5147
    2272       1.4746
    2273       1.6283
    2274       1.6638
    2275       1.7478
    2276       1.8010
    2277       1.7267
    2278       1.6592
    2279       1.6453
    2280       1.6509
    2281       1.5381
    2282       1.6087
    2283       1.5725
    2284       1.5657
    2285       1.5457
    2286       1.5594
    2287       1.5603
    2288       1.6050
    2289       1.5508
    2290       1.6036
    2291       1.5745
    2292       1.7132
    2293       1.6815
    2294       1.7740
    2295       1.6370
    2296       1.6018
    2297       1.4794
    2298       1.4348
    2299       1.5054
    2300       1.5308
    2301       1.4857
    2302       1.4501
    2303       1.4795
    2304       1.4409
    2305       1.5035
    2306       1.4509
    2307       1.5328
    2308       1.4777
    2309       1.4227
    2310       1.4439
    2311       1.2998
    2312       1.3695
    2313       1.3155
    2314       1.3397
    2315       1.3985
    2316       1.3271
    2317       1.3459
    2318       1.4075
    2319       1.4222
    2320       1.4406
    2321       1.3804
    2322       1.3907
    2323       1.4150
    2324       1.4366
    2325       1.4530
    2326       1.4059
    2327       1.3589
    2328       1.3959
    2329       1.3120
    2330       1.4176
    2331       1.4400
    2332       1.5714
    2333       1.4682
    2334       1.4728
    2335       1.4551
    2336       1.4422
    2337       1.5222
    2338       1.5189
    2339       1.4424
    2340       1.4555
    2341       1.4823
    2342       1.4870
    2343       1.5317
    2344       1.4694
    2345       1.5116
    2346       1.5287
    2347       1.5008
    2348       1.5011
    2349       1.5318
    2350       1.5025
    2351       1.4674
    2352       1.4705
    2353       1.4774
    2354       1.4539
    2355       1.4143
    2356       1.4066
    2357       1.3707
    2358       1.3722
    2359       1.4078
    2360       1.3938
    2361       1.4810
    2362       1.4553
    2363       1.4982
    2364       1.5524
    2365       1.6108
    2366       1.5630
    2367       1.5236
    2368       1.5667
    2369       1.6607
    2370       1.5616
    2371       1.6188
    2372       1.7088
    2373       1.6330
    2374       1.6264
    2375       1.6396
    2376       1.6237
    2377       1.5643
    2378       1.5193
    2379       1.4717
    2380       1.4619
    2381       1.5203
    2382       1.5012
    2383       1.5232
    2384       1.5421
    2385       1.5047
    2386       1.5081
    2387       1.4423
    2388       1.5370
    2389       1.4415
    2390       1.4278
    2391       1.4211
    2392       1.4334
    2393       1.4112
    2394       1.4527
    2395       1.4795
    2396       1.5036
    2397       1.7233
    2398       1.5693
    2399       1.6435
    2400       1.5697
    2401       1.4381
    2402       1.4368
    2403       1.4810
    2404       1.5586
    2405       1.5300
    2406       1.4837
    2407       1.4472
    2408       1.4178
    2409       1.4927
    2410       1.4100
    2411       1.3177
    2412       1.4128
    2413       1.4771
    2414       1.5399
    2415       1.4756
    2416       1.4252
    2417       1.3841
    2418       1.4114
    2419       1.3663
    2420       1.3742
    2421       1.4319
    2422       1.4780
    2423       1.4829
    2424       1.5139
    2425       1.4150
    2426       1.3664
    2427       1.4005
    2428       1.3520
    2429       1.3511
    2430       1.3215
    2431       1.2913
    2432       1.4123
    2433       1.4707
    2434       1.5196
    2435       1.4850
    2436       1.4580
    2437       1.4951
    2438       1.4770
    2439       1.4776
    2440       1.4949
    2441       1.4547
    2442       1.4425
    2443       1.3941
    2444       1.4957
    2445       1.5663
    2446       1.6048
    2447       1.5694
    2448       1.6236
    2449       1.6455
    2450       1.5981
    2451       1.5058
    2452       1.5077
    2453       1.3589
    2454       1.3770
    2455       1.4097
    2456       1.5494
    2457       1.5180
    2458       1.5675
    2459       1.5472
    2460       1.4777
    2461       1.5248
    2462       1.5079
    2463       1.6019
    2464       1.5504
    2465       1.6049
    2466       1.4901
    2467       1.5623
    2468       1.6186
    2469       1.5258
    2470       1.5301
    2471       1.5701
    2472       1.5652
    2473       1.5181
    2474       1.5594
    2475       1.6186
    2476       1.5413
    2477       1.5377
    2478       1.4950
    2479       1.5265
    2480       1.4467
    2481       1.5011
    2482       1.5165
    2483       1.5161
    2484       1.5316
    2485       1.5000
    2486       1.5289
    2487       1.5381
    2488       1.5070
    2489       1.5645
    2490       1.5891
    2491       1.5093
    2492       1.5609
    2493       1.5056
    2494       1.6097
    2495       1.4821
    2496       1.5420
    2497       1.6165
    2498       1.6793
    2499       1.6059
    2500       1.5230
    2501       1.4475
    2502       1.4480
    2503       1.3860
    2504       1.4067
    2505       1.4088
    2506       1.4536
    2507       1.3807
    2508       1.4208
    2509       1.4852
    2510       1.4519
    2511       1.4248
    2512       1.3131
    2513       1.3399
    2514       1.3148
    2515       1.3600
    2516       1.3983
    2517       1.4003
    2518       1.4036
    2519       1.4288
    2520       1.4088
    2521       1.3125
    2522       1.3141
    2523       1.3589
    2524       1.3971
    2525       1.3914
    2526       1.4132
    2527       1.5451
    2528       1.6130
    2529       1.5939
    2530       1.7031
    2531       1.5831
    2532       1.5564
    2533       1.4575
    2534       1.4827
    2535       1.4932
    2536       1.4883
    2537       1.5124
    2538       1.5105
    2539       1.4952
    2540       1.5428
    2541       1.5885
    2542       1.5911
    2543       1.4606
    2544       1.4586
    2545       1.4634
    2546       1.4745
    2547       1.4253
    2548       1.5044
    2549       1.4398
    2550       1.5505
    2551       1.4619
    2552       1.5053
    2553       1.5284
    2554       1.5923
    2555       1.6621
    2556       1.6834
    2557       1.6213
    2558       1.6188
    2559       1.5662
    2560       1.5261
    2561       1.5324
    2562       1.5275
    2563       1.5882
    2564       1.6153
    2565       1.6918
    2566       1.6565
    2567       1.6889
    2568       1.5677
    2569       1.6197
    2570       1.6254
    2571       1.5998
    2572       1.5775
    2573       1.6231
    2574       1.6740
    2575       1.6520
    2576       1.7187
    2577       1.7488
    2578       1.6720
    2579       1.6097
    2580       1.5664
    2581       1.4841
    2582       1.5945
    2583       1.5371
    2584       1.4446
    2585       1.5165
    2586       1.4615
    2587       1.5350
    2588       1.4919
    2589       1.4624
    2590       1.5395
    2591       1.4557
    2592       1.4537
    2593       1.4968
    2594       1.4889
    2595       1.4957
    2596       1.5630
    2597       1.5192
    2598       1.5477
    2599       1.6677
    2600       1.5403
    2601       1.4961
    2602       1.5501
    2603       1.5108
    2604       1.5252
    2605       1.4997
    2606       1.4334
    2607       1.4543
    2608       1.4422
    2609       1.3740
    2610       1.3289
    2611       1.3558
    2612       1.4170
    2613       1.4608
    2614       1.4261
    2615       1.4169
    2616       1.4585
    2617       1.5031
    2618       1.4807
    2619       1.5110
    2620       1.4280
    2621       1.5061
    2622       1.5268
    2623       1.5290
    2624       1.5468
    2625       1.5358
    2626       1.5321
    2627       1.4709
    2628       1.5416
    2629       1.5128
    2630       1.5677
    2631       1.5895
    2632       1.5236
    2633       1.5329
    2634       1.4817
    2635       1.5393
    2636       1.4161
    2637       1.4053
    2638       1.4209
    2639       1.4632
    2640       1.4290
    2641       1.3961
    2642       1.4646
    2643       1.5242
    2644       1.4977
    2645       1.4973
    2646       1.4962
    2647       1.5508
    2648       1.5442
    2649       1.5464
    2650       1.5258
    2651       1.4845
    2652       1.5627
    2653       1.5957
    2654       1.6459
    2655       1.6186
    2656       1.6380
    2657       1.5983
    2658       1.6215
    2659       1.5605
    2660       1.4956
    2661       1.4565
    2662       1.4582
    2663       1.5678
    2664       1.5618
    2665       1.5629
    2666       1.5505
    2667       1.5167
    2668       1.5633
    2669       1.5045
    2670       1.6230
    2671       1.6268
    2672       1.6713
    2673       1.6479
    2674       1.7309
    2675       1.7634
    2676       1.7288
    2677       1.6150
    2678       1.5887
    2679       1.6248
    2680       1.5886
    2681       1.6151
    2682       1.5985
    2683       1.6477
    2684       1.7067
    2685       1.7149
    2686       1.6313
    2687       1.5341
    2688       1.5670
    2689       1.7048
    2690       1.6243
    2691       1.5959
    2692       1.6576
    2693       1.4999
    2694       1.4302
    2695       1.4874
    2696       1.4609
    2697       1.4162
    2698       1.4742
    2699       1.4782
    2700       1.5056
    2701       1.5413
    2702       1.6051
    2703       1.6043
    2704       1.6252
    2705       1.5823
    2706       1.5920
    2707       1.5068
    2708       1.4195
    2709       1.5309
    2710       1.5067
    2711       1.5940
    2712       1.4899
    2713       1.5591
    2714       1.5427
    2715       1.5807
    2716       1.6256
    2717       1.7408
    2718       1.7070
    2719       1.6589
    2720       1.7419
    2721       1.8218
    2722       1.6588
    2723       1.5902
    2724       1.5687
    2725       1.5088
    2726       1.5102
    2727       1.5170
    2728       1.5237
    2729       1.7111
    2730       1.6988
    2731       1.6018
    2732       1.5137
    2733       1.5113
    2734       1.6067
    2735       1.7085
    2736       1.6506
    2737       1.6528
    2738       1.5938
    2739       1.6232
    2740       1.5701
    2741       1.5910
    2742       1.5560
    2743       1.4997
    2744       1.5519
    2745       1.4977
    2746       1.5181
    2747       1.4805
    2748       1.5327
    2749       1.5616
    2750       1.6041
    2751       1.5514
    2752       1.5725
    2753       1.5255
    2754       1.4794
    2755       1.4729
    2756       1.5136
    2757       1.5694
    2758       1.6954
    2759       1.6358
    2760       1.6940
    2761       1.5683
    2762       1.5493
    2763       1.5498
    2764       1.5658
    2765       1.5705
    2766       1.5519
    2767       1.4989
    2768       1.4976
    2769       1.5724
    2770       1.5877
    2771       1.6029
    2772       1.5575
    2773       1.5792
    2774       1.5392
    2775       1.6145
    2776       1.5717
    2777       1.5265
    2778       1.4703
    2779       1.4473
    2780       1.4475
    2781       1.4000
    2782       1.4365
    2783       1.4443
    2784       1.4503
    2785       1.4944
    2786       1.4124
    2787       1.4415
    2788       1.4873
    2789       1.4370
    2790       1.3894
    2791       1.5431
    2792       1.4365
    2793       1.5033
    2794       1.4742
    2795       1.4479
    2796       1.4931
    2797       1.5995
    2798       1.6262
    2799       1.6052
    2800       1.5133
    2801       1.5529
    2802       1.5309
    2803       1.6542
    2804       1.6629
    2805       1.5692
    2806       1.5588
    2807       1.5674
    2808       1.6319
    2809       1.6399
    2810       1.6887
    2811       1.6963
    2812       1.6820
    2813       1.7118
    2814       1.6658
    2815       1.7646
    2816       1.6701
    2817       1.5781
    2818       1.6367
    2819       1.6593
    2820       1.7229
    2821       1.6277
    2822       1.6467
    2823       1.6303
    2824       1.4074
    2825       1.4207
    2826       1.4126
    2827       1.4482
    2828       1.3868
    2829       1.3856
    2830       1.3852
    2831       1.3315
    2832       1.3251
    2833       1.4047
    2834       1.3696
    2835       1.4767
    2836       1.5268
    2837       1.4198
    2838       1.4766
    2839       1.4928
    2840       1.4620
    2841       1.4519
    2842       1.4208
    2843       1.4283
    2844       1.4230
    2845       1.4848
    2846       1.4486
    2847       1.6097
    2848       1.5814
    2849       1.5357
    2850       1.5554
    2851       1.5401
    2852       1.5686
    2853       1.5063
    2854       1.5507
    2855       1.5596
    2856       1.5086
    2857       1.4581
    2858       1.4658
    2859       1.5167
    2860       1.5150
    2861       1.6012
    2862       1.5521
    2863       1.5369
    2864       1.6011
    2865       1.5690
    2866       1.5767
    2867       1.6396
    2868       1.7159
    2869       1.7080
    2870       1.6933
    2871       1.5702
    2872       1.6451
    2873       1.6662
    2874       1.6593
    2875       1.5516
    2876       1.5884
    2877       1.5962
    2878       1.5839
    2879       1.5590
    2880       1.5731
    2881       1.7107
    2882       1.6193
    2883       1.5661
    2884       1.6699
    2885       1.6775
    2886       1.6089
    2887       1.5660
    2888       1.4949
    2889       1.4438
    2890       1.3976
    2891       1.4069
    2892       1.3885
    2893       1.3679
    2894       1.3637
    2895       1.3982
    2896       1.3937
    2897       1.4070
    2898       1.4161
    2899       1.4054
    2900       1.3473
    2901       1.3218
    2902       1.3733
    2903       1.2978
    2904       1.3691
    2905       1.2943
    2906       1.3391
    2907       1.4582
    2908       1.5150
    2909       1.5157
    2910       1.5702
    2911       1.5434
    2912       1.5375
    2913       1.5100
    2914       1.4578
    2915       1.4783
    2916       1.4626
    2917       1.4258
    2918       1.4267
    2919       1.4640
    2920       1.4604
    2921       1.3663
    2922       1.3604
    2923       1.2898
    2924       1.3107
    2925       1.2406
    2926       1.3412
    2927       1.2913
    2928       1.2470
    2929       1.2762
    2930       1.3168
    2931       1.2861
    2932       1.2521
    2933       1.2589
    2934       1.2594
    2935       1.2645
    2936       1.3209
    2937       1.3506
    2938       1.2886
    2939       1.2420
    2940       1.2048
    2941       1.2742
    2942       1.2355
    2943       1.1928
    2944       1.1777
    2945       1.2468
    2946       1.2074
    2947       1.2701
    2948       1.2684
    2949       1.2652
    2950       1.2252
    2951       1.2606
    2952       1.2760
    2953       1.2674
    2954       1.2880
    2955       1.3016
    2956       1.3550
    2957       1.3407
    2958       1.3112
    2959       1.3509
    2960       1.3623
    2961       1.3452
    2962       1.3343
    2963       1.3600
    2964       1.3168
    2965       1.2761
    2966       1.2953
    2967       1.3140
    2968       1.2876
    2969       1.3214
    2970       1.3999
    2971       1.3143
    2972       1.3229
    2973       1.3921
    2974       1.3572
    2975       1.4254
    2976       1.4584
    2977       1.5100
    2978       1.4532
    2979       1.3944
    2980       1.4660
    2981       1.3412
    2982       1.4007
    2983       1.3795
    2984       1.4029
    2985       1.4223
    2986       1.3677
    2987       1.3929
    2988       1.3541
    2989       1.4089
    2990       1.4294
    2991       1.4732
    2992       1.4408
    2993       1.3865
    2994       1.3755
    2995       1.3778
    2996       1.4981
    2997       1.3895
    2998       1.4208
    2999       1.4952
    3000       1.4956
    3001       1.4845
    3002       1.4437
    3003       1.3869
    3004       1.4001
    3005       1.4520
    3006       1.4539
    3007       1.5166
    3008       1.4462
    3009       1.4101
    3010       1.4442
    3011       1.4286
    3012       1.5194
    3013       1.4425
    3014       1.5047
    3015       1.5175
    3016       1.4047
    3017       1.3268
    3018       1.3591
    3019       1.3870
    3020       1.4180
    3021       1.5269
    3022       1.5305
    3023       1.4273
    3024       1.4594
    3025       1.4626
    3026       1.4954
    3027       1.4949
    3028       1.5575
    3029       1.6155
    3030       1.5594
    3031       1.5995
    3032       1.6205
    3033       1.5696
    3034       1.5901
    3035       1.6168
    3036       1.6364
    3037       1.5305
    3038       1.5758
    3039       1.5210
    3040       1.5286
    3041       1.5352
    3042       1.5297
    3043       1.5438
    3044       1.5212
    3045       1.5269
    3046       1.5220
    3047       1.5916
    3048       1.5579
    3049       1.5703
    3050       1.5306
    3051       1.4306
    3052       1.3913
    3053       1.4604
    3054       1.4974
    3055       1.5055
    3056       1.5058
    3057       1.4510
    3058       1.3959
    3059       1.3821
    3060       1.3950
    3061       1.4021
    3062       1.5102
    3063       1.5562
    3064       1.5766
    3065       1.5321
    3066       1.4392
    3067       1.4909
    3068       1.4979
    3069       1.5144
    3070       1.6119
    3071       1.6387
    3072       1.6476
    3073       1.5933
    3074       1.5393
    3075       1.4559
    3076       1.5338
    3077       1.5620
    3078       1.5088
    3079       1.5727
    3080       1.4693
    3081       1.5286
    3082       1.5202
    3083       1.5673
    3084       1.6109
    3085       1.5987
    3086       1.5550
    3087       1.4796
    3088       1.5180
    3089       1.5345
    3090       1.4504
    3091       1.5446
    3092       1.5119
    3093       1.4236
    3094       1.4833
    3095       1.4680
    3096       1.4108
    3097       1.4561
    3098       1.4255
    3099       1.3968
    3100       1.3175
    3101       1.5015
    3102       1.4951
    3103       1.5271
    3104       1.6211
    3105       1.6232
    3106       1.6591
    3107       1.5405
    3108       1.6550
    3109       1.7158
    3110       1.6856
    3111       1.6996
    3112       1.6834
    3113       1.6875
    3114       1.7523
    3115       1.7330
    3116       1.6411
    3117       1.6490
    3118       1.5901
    3119       1.5303
    3120       1.4932
    3121       1.4658
    3122       1.6414
    3123       1.7080
    3124       1.6574
    3125       1.5605
