#Frame     RMSD_00001
       1       0.0000
       2       0.6092
       3       0.6756
       4       0.7106
       5       0.7299
       6       0.8000
       7       0.8246
       8       0.7777
       9       0.8174
      10       0.8618
      11       0.8554
      12       0.8426
      13       0.8343
      14       0.8629
      15       0.9181
      16       0.9024
      17       0.9649
      18       0.9964
      19       1.0365
      20       1.0245
      21       1.0464
      22       1.0096
      23       1.0352
      24       1.0322
      25       0.9996
      26       0.9867
      27       1.0132
      28       1.0791
      29       1.1430
      30       1.0334
      31       1.0243
      32       1.0360
      33       1.0277
      34       0.9412
      35       1.0413
      36       1.0784
      37       0.9949
      38       0.9940
      39       1.0092
      40       1.0275
      41       0.9947
      42       0.9865
      43       0.9954
      44       0.9965
      45       1.0326
      46       1.0127
      47       1.0194
      48       0.9666
      49       1.0175
      50       1.0010
      51       1.0722
      52       1.0687
      53       1.0698
      54       1.0531
      55       1.0291
      56       1.0074
      57       1.0201
      58       0.9584
      59       0.9309
      60       1.0549
      61       1.1178
      62       1.0845
      63       1.1166
      64       1.0869
      65       1.1386
      66       1.0877
      67       1.0338
      68       1.0355
      69       0.9781
      70       1.1863
      71       1.2050
      72       1.1099
      73       1.1116
      74       1.0632
      75       1.0715
      76       1.0461
      77       1.1143
      78       1.0629
      79       1.0552
      80       1.0662
      81       1.0795
      82       1.0596
      83       1.0716
      84       1.0718
      85       1.0793
      86       1.0487
      87       1.0283
      88       1.0530
      89       1.0055
      90       1.0483
      91       0.9894
      92       1.0632
      93       1.0496
      94       1.0263
      95       1.0912
      96       1.0107
      97       0.9986
      98       1.0909
      99       1.0818
     100       1.0724
     101       1.1309
     102       1.0424
     103       1.0890
     104       1.1286
     105       1.0698
     106       1.1284
     107       1.1406
     108       1.1656
     109       1.1070
     110       1.0936
     111       1.0689
     112       1.1302
     113       1.1209
     114       1.1877
     115       1.0313
     116       1.0620
     117       1.0650
     118       1.0422
     119       1.1036
     120       1.1253
     121       1.1106
     122       1.0733
     123       1.0453
     124       0.9734
     125       0.9614
     126       0.9755
     127       0.9901
     128       1.1007
     129       1.0432
     130       0.9993
     131       0.9867
     132       1.0173
     133       1.0664
     134       1.0235
     135       1.0048
     136       1.0500
     137       0.9031
     138       0.9016
     139       0.9088
     140       0.9065
     141       0.9404
     142       0.9618
     143       1.0081
     144       0.9987
     145       1.0953
     146       1.0568
     147       1.0212
     148       1.0616
     149       1.0267
     150       1.0283
     151       1.0266
     152       1.0149
     153       0.9447
     154       0.9808
     155       0.9494
     156       1.0046
     157       1.0418
     158       1.0110
     159       0.9757
     160       1.0088
     161       1.0113
     162       0.9996
     163       0.9759
     164       1.0299
     165       1.0477
     166       1.0433
     167       1.0027
     168       1.0427
     169       1.0670
     170       1.0094
     171       0.9912
     172       1.0374
     173       0.9684
     174       0.9898
     175       0.9692
     176       1.0755
     177       1.0289
     178       1.0553
     179       0.9854
     180       1.1142
     181       1.0329
     182       0.9153
     183       0.9171
     184       0.9096
     185       0.8934
     186       0.9346
     187       0.9563
     188       0.9072
     189       0.9289
     190       1.0170
     191       1.0033
     192       0.9678
     193       0.9762
     194       1.0252
     195       0.9864
     196       1.0278
     197       0.9847
     198       1.0392
     199       1.0362
     200       1.0331
     201       1.0591
     202       1.0237
     203       0.9842
     204       1.0548
     205       1.0640
     206       1.0428
     207       1.0038
     208       0.9273
     209       0.8880
     210       0.9231
     211       0.9673
     212       1.0215
     213       1.0566
     214       1.0430
     215       1.0000
     216       1.0057
     217       1.0413
     218       1.0385
     219       0.9253
     220       0.9951
     221       1.0958
     222       1.2464
     223       1.2012
     224       1.1074
     225       1.1198
     226       1.1395
     227       1.1761
     228       1.1274
     229       1.0355
     230       1.0079
     231       1.0819
     232       1.0018
     233       0.9686
     234       0.9350
     235       1.0351
     236       1.0666
     237       1.1434
     238       1.0667
     239       1.1700
     240       1.2579
     241       1.2269
     242       1.0964
     243       1.0117
     244       1.0198
     245       0.9789
     246       0.9453
     247       0.9998
     248       0.9865
     249       1.0477
     250       1.0597
     251       1.0561
     252       1.0397
     253       1.0378
     254       1.0720
     255       1.0191
     256       1.0440
     257       1.0058
     258       0.9960
     259       0.9084
     260       0.9755
     261       0.9890
     262       0.9928
     263       0.9526
     264       0.9525
     265       0.9406
     266       0.9886
     267       0.9380
     268       0.9569
     269       0.9039
     270       0.9609
     271       0.9937
     272       0.9732
     273       1.0013
     274       1.0217
     275       1.1018
     276       1.0720
     277       0.9553
     278       1.0774
     279       1.0443
     280       1.0707
     281       1.0388
     282       1.0078
     283       1.0335
     284       1.1091
     285       1.0412
     286       1.0557
     287       1.0859
     288       1.0804
     289       1.0429
     290       1.0588
     291       1.0664
     292       1.0049
     293       0.9799
     294       0.9612
     295       0.9264
     296       0.9023
     297       0.9562
     298       0.9331
     299       0.9521
     300       0.9326
     301       0.9692
     302       1.0373
     303       1.0777
     304       0.9974
     305       1.0732
     306       1.1293
     307       1.0923
     308       1.0718
     309       0.9654
     310       0.9580
     311       1.0206
     312       1.0605
     313       1.0395
     314       1.0029
     315       0.9917
     316       1.0315
     317       1.0285
     318       1.0572
     319       1.0356
     320       1.0398
     321       1.1255
     322       0.9954
     323       1.0421
     324       1.0316
     325       1.0967
     326       1.1006
     327       1.1364
     328       1.2765
     329       1.2002
     330       1.1052
     331       1.1639
     332       1.1812
     333       1.2852
     334       1.1640
     335       1.0694
     336       1.0401
     337       1.0500
     338       1.1320
     339       1.1594
     340       1.1557
     341       1.1173
     342       1.0475
     343       1.0832
     344       1.0658
     345       1.0911
     346       1.0936
     347       1.0426
     348       1.0605
     349       1.0713
     350       1.0489
     351       1.0639
     352       1.0138
     353       1.0480
     354       0.9784
     355       1.0012
     356       0.9792
     357       0.9728
     358       0.9563
     359       0.8983
     360       0.9664
     361       0.9955
     362       0.9194
     363       0.9567
     364       0.9396
     365       0.9702
     366       0.9354
     367       1.0234
     368       1.0024
     369       1.0667
     370       1.0401
     371       1.1538
     372       1.1661
     373       1.1838
     374       1.0829
     375       1.1176
     376       1.1436
     377       1.0836
     378       1.0382
     379       1.0359
     380       0.9753
     381       1.0044
     382       0.9952
     383       0.9240
     384       0.9448
     385       0.9433
     386       0.9420
     387       0.9363
     388       0.8980
     389       1.0747
     390       1.0845
     391       1.0436
     392       1.0095
     393       0.9988
     394       1.1233
     395       1.0667
     396       1.0512
     397       1.0637
     398       1.0548
     399       1.0982
     400       1.0159
     401       1.0181
     402       1.0593
     403       1.1251
     404       1.0038
     405       1.0412
     406       1.0334
     407       1.0800
     408       1.0479
     409       1.0411
     410       1.0821
     411       1.1207
     412       1.0900
     413       1.0861
     414       1.1089
     415       1.0846
     416       0.9796
     417       0.9987
     418       1.0067
     419       0.9855
     420       0.9470
     421       0.9713
     422       0.9366
     423       0.9282
     424       0.9565
     425       1.0191
     426       0.9679
     427       1.0293
     428       1.0499
     429       1.1108
     430       1.0843
     431       1.0533
     432       1.0111
     433       1.0011
     434       1.0205
     435       1.0560
     436       1.0171
     437       1.0135
     438       0.9428
     439       0.9988
     440       0.9237
     441       1.0241
     442       0.9758
     443       1.0093
     444       1.0341
     445       1.0706
     446       1.1533
     447       1.1336
     448       1.0975
     449       1.0567
     450       0.9883
     451       1.0220
     452       1.0826
     453       1.0573
     454       1.0518
     455       0.9953
     456       1.0256
     457       1.0690
     458       1.1342
     459       1.2603
     460       1.2204
     461       1.2140
     462       1.2340
     463       1.2375
     464       1.1958
     465       1.1224
     466       1.1587
     467       1.1653
     468       1.1737
     469       1.0907
     470       1.1060
     471       1.1199
     472       1.0952
     473       1.1499
     474       1.2045
     475       1.2384
     476       1.1542
     477       1.1471
     478       1.0511
     479       1.0306
     480       1.0756
     481       1.1038
     482       1.0709
     483       1.0250
     484       1.0360
     485       1.0037
     486       0.9748
     487       0.9758
     488       0.9752
     489       0.9956
     490       1.0573
     491       1.0735
     492       0.9982
     493       1.0395
     494       0.9195
     495       0.9792
     496       1.0038
     497       0.9585
     498       1.0167
     499       1.1132
     500       0.9819
     501       1.0544
     502       1.1341
     503       1.1914
     504       1.2338
     505       1.2628
     506       1.2549
     507       1.1660
     508       1.2407
     509       1.2078
     510       1.2585
     511       1.3022
     512       1.2957
     513       1.2177
     514       1.1821
     515       1.1718
     516       1.1890
     517       1.1856
     518       1.1920
     519       1.1806
     520       1.2332
     521       1.2053
     522       1.2592
     523       1.3167
     524       1.2874
     525       1.2771
     526       1.4011
     527       1.3554
     528       1.3126
     529       1.2596
     530       1.3154
     531       1.3813
     532       1.3506
     533       1.2962
     534       1.3076
     535       1.2435
     536       1.2923
     537       1.3455
     538       1.3295
     539       1.3594
     540       1.3283
     541       1.2959
     542       1.2656
     543       1.1823
     544       1.1742
     545       1.3114
     546       1.3156
     547       1.3331
     548       1.2317
     549       1.1401
     550       1.1596
     551       1.1702
     552       1.2782
     553       1.2711
     554       1.2399
     555       1.3362
     556       1.2834
     557       1.2309
     558       1.3173
     559       1.3034
     560       1.2616
     561       1.3005
     562       1.2437
     563       1.2779
     564       1.1377
     565       1.1438
     566       1.1475
     567       1.2262
     568       1.2286
     569       1.1502
     570       1.1332
     571       1.1957
     572       1.1608
     573       1.2435
     574       1.2325
     575       1.2155
     576       1.1978
     577       1.1860
     578       1.1981
     579       1.3206
     580       1.2811
     581       1.2406
     582       1.1323
     583       1.1515
     584       1.2238
     585       1.2685
     586       1.2357
     587       1.2736
     588       1.2842
     589       1.2276
     590       1.1886
     591       1.2276
     592       1.2984
     593       1.2677
     594       1.2909
     595       1.2201
     596       1.2908
     597       1.1448
     598       1.2199
     599       1.1062
     600       1.1495
     601       1.2152
     602       1.1806
     603       1.1919
     604       1.1581
     605       1.0818
     606       1.1322
     607       1.0796
     608       1.0498
     609       1.0574
     610       1.0654
     611       1.1463
     612       1.0685
     613       1.1207
     614       1.1034
     615       1.0711
     616       0.9969
     617       1.0599
     618       1.0490
     619       1.0661
     620       1.0468
     621       1.0627
     622       1.0576
     623       1.0086
     624       0.9925
     625       1.0192
     626       1.0429
     627       1.0307
     628       1.0449
     629       1.0630
     630       1.0290
     631       1.0321
     632       0.9763
     633       1.0262
     634       1.0901
     635       1.1299
     636       1.1984
     637       1.1184
     638       1.1022
     639       1.0897
     640       1.1383
     641       1.1797
     642       1.0802
     643       1.0739
     644       1.0324
     645       1.0330
     646       1.0458
     647       1.0315
     648       1.0607
     649       1.0598
     650       1.0866
     651       1.1162
     652       1.0960
     653       1.1561
     654       1.0975
     655       1.1346
     656       1.1535
     657       1.1774
     658       1.2000
     659       1.1812
     660       1.1506
     661       1.0874
     662       1.0480
     663       1.0345
     664       1.0819
     665       1.0351
     666       1.0296
     667       1.0453
     668       1.0442
     669       1.1935
     670       1.0795
     671       1.1819
     672       1.1766
     673       1.1394
     674       1.0834
     675       1.0868
     676       1.1172
     677       1.1655
     678       1.1827
     679       1.1471
     680       1.1727
     681       1.0456
     682       1.1393
     683       1.1343
     684       1.1128
     685       1.1690
     686       1.1003
     687       1.0693
     688       1.0273
     689       0.9734
     690       1.0339
     691       1.0575
     692       1.0782
     693       1.1115
     694       1.0540
     695       1.0326
     696       0.9363
     697       0.9925
     698       1.0272
     699       0.9974
     700       0.9477
     701       0.9865
     702       0.9875
     703       1.0364
     704       1.0480
     705       1.0136
     706       1.0628
     707       1.0311
     708       1.0235
     709       1.0491
     710       1.0211
     711       1.1362
     712       1.0611
     713       1.1250
     714       1.0949
     715       1.1052
     716       1.1153
     717       1.2040
     718       1.1785
     719       1.1467
     720       1.0508
     721       1.0691
     722       1.0617
     723       1.0364
     724       1.0918
     725       1.1044
     726       1.1890
     727       1.1615
     728       1.1191
     729       1.1679
     730       1.0838
     731       1.0715
     732       1.1061
     733       1.0416
     734       1.1197
     735       0.9813
     736       1.0232
     737       1.0891
     738       1.1350
     739       1.1341
     740       1.0994
     741       1.0889
     742       1.0739
     743       1.0688
     744       1.0799
     745       1.0710
     746       1.1002
     747       1.0066
     748       1.0221
     749       1.0444
     750       1.0928
     751       1.1020
     752       1.0663
     753       1.0374
     754       1.1219
     755       1.0306
     756       1.0420
     757       1.0953
     758       1.1258
     759       1.0446
     760       1.0545
     761       1.0673
     762       1.0689
     763       1.1236
     764       1.1845
     765       1.1089
     766       1.0648
     767       1.1251
     768       1.1876
     769       1.2858
     770       1.1534
     771       1.1381
     772       1.1010
     773       1.1807
     774       1.0750
     775       1.1628
     776       1.0997
     777       1.0528
     778       1.0555
     779       1.0545
     780       1.1248
     781       1.0270
     782       1.0455
     783       1.1414
     784       1.0825
     785       1.0943
     786       1.0472
     787       1.1177
     788       1.1593
     789       1.1941
     790       1.0978
     791       1.0963
     792       1.1080
     793       1.1047
     794       1.1221
     795       1.0928
     796       1.1525
     797       1.1033
     798       1.0406
     799       1.0618
     800       1.0664
     801       1.0987
     802       1.1510
     803       1.1696
     804       1.1295
     805       1.1230
     806       1.1085
     807       1.1205
     808       1.0787
     809       1.1007
     810       1.1047
     811       1.0591
     812       1.0901
     813       1.0671
     814       1.0826
     815       1.0997
     816       1.0980
     817       1.1967
     818       1.2795
     819       1.2238
     820       1.2088
     821       1.2042
     822       1.1890
     823       1.2172
     824       1.2310
     825       1.2824
     826       1.2033
     827       1.1917
     828       1.2596
     829       1.1930
     830       1.1931
     831       1.2787
     832       1.2378
     833       1.2524
     834       1.2899
     835       1.2647
     836       1.3390
     837       1.3092
     838       1.1388
     839       1.1254
     840       1.1384
     841       1.0726
     842       1.1457
     843       1.1336
     844       1.1625
     845       1.1893
     846       1.1882
     847       1.1196
     848       1.0474
     849       1.0921
     850       1.1286
     851       1.0840
     852       1.1299
     853       1.1602
     854       1.1471
     855       1.1159
     856       1.1407
     857       1.1415
     858       1.0756
     859       1.1312
     860       1.1670
     861       1.1509
     862       1.1615
     863       1.2058
     864       1.1986
     865       1.2233
     866       1.1661
     867       1.2230
     868       1.1787
     869       1.1741
     870       1.2184
     871       1.2089
     872       1.1795
     873       1.2234
     874       1.1412
     875       1.1547
     876       1.1529
     877       1.1701
     878       1.1456
     879       1.1702
     880       1.1286
     881       1.0944
     882       1.1904
     883       1.1119
     884       1.0917
     885       1.0974
     886       1.1326
     887       1.1005
     888       1.0989
     889       1.0934
     890       1.1350
     891       1.0869
     892       1.1195
     893       1.1186
     894       1.0934
     895       1.0977
     896       1.1187
     897       1.1060
     898       1.1394
     899       1.1507
     900       1.1545
     901       1.1754
     902       1.1998
     903       1.1371
     904       1.0819
     905       1.1048
     906       1.1176
     907       1.0845
     908       1.1320
     909       1.1572
     910       1.0626
     911       1.1073
     912       1.0775
     913       1.1473
     914       1.1966
     915       1.1220
     916       1.1189
     917       1.0692
     918       1.0633
     919       1.1126
     920       1.2063
     921       1.2058
     922       1.1298
     923       1.1945
     924       1.1478
     925       1.1546
     926       1.2016
     927       1.1753
     928       1.2155
     929       1.2483
     930       1.2446
     931       1.3211
     932       1.2409
     933       1.2985
     934       1.2596
     935       1.2890
     936       1.2593
     937       1.2734
     938       1.2863
     939       1.2047
     940       1.1009
     941       1.1404
     942       1.1520
     943       1.1255
     944       1.1457
     945       1.1352
     946       1.1749
     947       1.1449
     948       1.1240
     949       1.1613
     950       1.0588
     951       1.1208
     952       1.0399
     953       1.1054
     954       1.0719
     955       1.1222
     956       1.1988
     957       1.2090
     958       1.2157
     959       1.1686
     960       1.1260
     961       1.1137
     962       1.0820
     963       1.1069
     964       1.0609
     965       1.1277
     966       1.0433
     967       1.0985
     968       0.9992
     969       1.0221
     970       1.0619
     971       1.0088
     972       0.9640
     973       1.0164
     974       0.9980
     975       1.0343
     976       1.0279
     977       1.0442
     978       1.0410
     979       1.0215
     980       1.0194
     981       1.0790
     982       1.0336
     983       1.0593
     984       1.0472
     985       1.0703
     986       1.0163
     987       1.0116
     988       0.9905
     989       1.0793
     990       1.0309
     991       1.0264
     992       1.0116
     993       0.9988
     994       1.0610
     995       1.1181
     996       1.0598
     997       1.0057
     998       1.0672
     999       1.0958
    1000       1.1027
    1001       1.1367
    1002       1.1291
    1003       1.0660
    1004       1.1719
    1005       1.1835
    1006       1.0542
    1007       1.1607
    1008       1.1081
    1009       1.0819
    1010       1.0769
    1011       1.0457
    1012       1.0672
    1013       1.0736
    1014       1.0801
    1015       1.0414
    1016       1.0820
    1017       1.0381
    1018       1.0433
    1019       1.0935
    1020       1.1142
    1021       1.0750
    1022       1.0899
    1023       1.0929
    1024       1.0985
    1025       1.0527
    1026       1.1047
    1027       1.1329
    1028       1.0700
    1029       1.0754
    1030       1.1219
    1031       1.1284
    1032       1.1537
    1033       1.1600
    1034       1.1517
    1035       1.2110
    1036       1.2261
    1037       1.2120
    1038       1.2589
    1039       1.1717
    1040       1.1300
    1041       1.1753
    1042       1.1599
    1043       1.1320
    1044       1.1244
    1045       1.1221
    1046       1.0689
    1047       1.1248
    1048       1.1621
    1049       1.1879
    1050       1.2019
    1051       1.1750
    1052       1.1143
    1053       1.1583
    1054       1.1152
    1055       1.1395
    1056       1.0787
    1057       1.1031
    1058       1.1240
    1059       1.1506
    1060       1.1194
    1061       1.1730
    1062       1.1345
    1063       1.1545
    1064       1.2547
    1065       1.2072
    1066       1.2751
    1067       1.3924
    1068       1.3591
    1069       1.3718
    1070       1.2430
    1071       1.2955
    1072       1.3028
    1073       1.2403
    1074       1.2481
    1075       1.2773
    1076       1.3096
    1077       1.2772
    1078       1.2519
    1079       1.2992
    1080       1.3452
    1081       1.3703
    1082       1.2639
    1083       1.2778
    1084       1.2825
    1085       1.2491
    1086       1.2228
    1087       1.2128
    1088       1.2435
    1089       1.2825
    1090       1.2890
    1091       1.2492
    1092       1.2710
    1093       1.2974
    1094       1.2730
    1095       1.2611
    1096       1.3269
    1097       1.3412
    1098       1.3294
    1099       1.3078
    1100       1.2549
    1101       1.3755
    1102       1.1875
    1103       1.2866
    1104       1.2521
    1105       1.2066
    1106       1.1476
    1107       1.2395
    1108       1.3065
    1109       1.2944
    1110       1.3110
    1111       1.2321
    1112       1.1884
    1113       1.2347
    1114       1.2396
    1115       1.2806
    1116       1.2435
    1117       1.1755
    1118       1.2377
    1119       1.2080
    1120       1.2235
    1121       1.2190
    1122       1.1723
    1123       1.1628
    1124       1.1808
    1125       1.2092
    1126       1.1992
    1127       1.2238
    1128       1.2397
    1129       1.2459
    1130       1.1924
    1131       1.2241
    1132       1.2257
    1133       1.1463
    1134       1.1977
    1135       1.1969
    1136       1.2896
    1137       1.2631
    1138       1.2470
    1139       1.2485
    1140       1.2661
    1141       1.3223
    1142       1.3560
    1143       1.2275
    1144       1.2480
    1145       1.2209
    1146       1.2152
    1147       1.2952
    1148       1.3047
    1149       1.3007
    1150       1.2798
    1151       1.3260
    1152       1.3086
    1153       1.3426
    1154       1.3043
    1155       1.3401
    1156       1.2791
    1157       1.2877
    1158       1.2690
    1159       1.3022
    1160       1.2558
    1161       1.3421
    1162       1.3547
    1163       1.3543
    1164       1.2729
    1165       1.1861
    1166       1.1538
    1167       1.1707
    1168       1.2986
    1169       1.1738
    1170       1.1986
    1171       1.1252
    1172       1.1309
    1173       1.1597
    1174       1.2134
    1175       1.2342
    1176       1.2090
    1177       1.2586
    1178       1.2163
    1179       1.2741
    1180       1.2415
    1181       1.3608
    1182       1.2769
    1183       1.3439
    1184       1.3405
    1185       1.3235
    1186       1.3117
    1187       1.3715
    1188       1.4218
    1189       1.3843
    1190       1.3907
    1191       1.3559
    1192       1.3062
    1193       1.2828
    1194       1.3094
    1195       1.2998
    1196       1.3068
    1197       1.3692
    1198       1.3691
    1199       1.3010
    1200       1.3196
    1201       1.3226
    1202       1.3034
    1203       1.3967
    1204       1.3455
    1205       1.4346
    1206       1.3824
    1207       1.4085
    1208       1.4070
    1209       1.4519
    1210       1.3778
    1211       1.3549
    1212       1.4339
    1213       1.3570
    1214       1.3899
    1215       1.4021
    1216       1.3654
    1217       1.3129
    1218       1.2505
    1219       1.2749
    1220       1.2999
    1221       1.2954
    1222       1.2757
    1223       1.2274
    1224       1.3576
    1225       1.3425
    1226       1.3648
    1227       1.3263
    1228       1.3253
    1229       1.3609
    1230       1.2671
    1231       1.2010
    1232       1.2625
    1233       1.2433
    1234       1.2530
    1235       1.2328
    1236       1.1887
    1237       1.1703
    1238       1.1841
    1239       1.2143
    1240       1.2805
    1241       1.4089
    1242       1.3493
    1243       1.2865
    1244       1.2754
    1245       1.2089
    1246       1.1775
    1247       1.1770
    1248       1.2088
    1249       1.2396
    1250       1.2209
    1251       1.1545
    1252       1.2400
    1253       1.2584
    1254       1.2707
    1255       1.2709
    1256       1.1913
    1257       1.2347
    1258       1.2822
    1259       1.2569
    1260       1.2542
    1261       1.2106
    1262       1.2400
    1263       1.2561
    1264       1.2510
    1265       1.2848
    1266       1.3079
    1267       1.3612
    1268       1.3339
    1269       1.3124
    1270       1.3430
    1271       1.2981
    1272       1.3140
    1273       1.4602
    1274       1.4521
    1275       1.3728
    1276       1.3159
    1277       1.4309
    1278       1.3231
    1279       1.3207
    1280       1.3580
    1281       1.3533
    1282       1.3548
    1283       1.3804
    1284       1.3631
    1285       1.3295
    1286       1.3387
    1287       1.4668
    1288       1.4171
    1289       1.4080
    1290       1.4096
    1291       1.5062
    1292       1.4669
    1293       1.4335
    1294       1.3143
    1295       1.3632
    1296       1.3440
    1297       1.3796
    1298       1.5025
    1299       1.5539
    1300       1.4800
    1301       1.4150
    1302       1.3130
    1303       1.3357
    1304       1.3956
    1305       1.3414
    1306       1.3106
    1307       1.3402
    1308       1.2986
    1309       1.3983
    1310       1.4241
    1311       1.4154
    1312       1.3903
    1313       1.4336
    1314       1.3520
    1315       1.3047
    1316       1.3028
    1317       1.3563
    1318       1.3475
    1319       1.3196
    1320       1.3630
    1321       1.3037
    1322       1.3406
    1323       1.3254
    1324       1.2851
    1325       1.2608
    1326       1.2503
    1327       1.2608
    1328       1.3465
    1329       1.3222
    1330       1.3488
    1331       1.3564
    1332       1.3806
    1333       1.3040
    1334       1.2433
    1335       1.1953
    1336       1.2384
    1337       1.3274
    1338       1.3876
    1339       1.4119
    1340       1.4910
    1341       1.4897
    1342       1.4507
    1343       1.3243
    1344       1.2856
    1345       1.3201
    1346       1.2791
    1347       1.2685
    1348       1.3544
    1349       1.3760
    1350       1.3572
    1351       1.2967
    1352       1.3618
    1353       1.3191
    1354       1.2041
    1355       1.2549
    1356       1.1752
    1357       1.1935
    1358       1.2344
    1359       1.1922
    1360       1.1841
    1361       1.2005
    1362       1.2336
    1363       1.2901
    1364       1.2935
    1365       1.2972
    1366       1.2875
    1367       1.2293
    1368       1.2297
    1369       1.1967
    1370       1.2005
    1371       1.1782
    1372       1.2187
    1373       1.1991
    1374       1.2131
    1375       1.2205
    1376       1.3004
    1377       1.2314
    1378       1.1591
    1379       1.1771
    1380       1.3045
    1381       1.2230
    1382       1.1871
    1383       1.1280
    1384       1.1574
    1385       1.1162
    1386       1.1567
    1387       1.1646
    1388       1.1563
    1389       1.1426
    1390       1.3186
    1391       1.2071
    1392       1.2161
    1393       1.2069
    1394       1.2301
    1395       1.2385
    1396       1.3029
    1397       1.2407
    1398       1.2494
    1399       1.2019
    1400       1.2561
    1401       1.2649
    1402       1.2689
    1403       1.2440
    1404       1.2859
    1405       1.3032
    1406       1.2819
    1407       1.2013
    1408       1.1933
    1409       1.2602
    1410       1.2491
    1411       1.1953
    1412       1.2101
    1413       1.2197
    1414       1.3085
    1415       1.2797
    1416       1.1953
    1417       1.2358
    1418       1.2593
    1419       1.1934
    1420       1.2925
    1421       1.3017
    1422       1.3534
    1423       1.3671
    1424       1.3272
    1425       1.3235
    1426       1.2969
    1427       1.2603
    1428       1.3563
    1429       1.3239
    1430       1.3673
    1431       1.3705
    1432       1.3143
    1433       1.2946
    1434       1.2979
    1435       1.3352
    1436       1.3473
    1437       1.3398
    1438       1.3343
    1439       1.2522
    1440       1.2943
    1441       1.2623
    1442       1.2398
    1443       1.3603
    1444       1.3535
    1445       1.2775
    1446       1.2864
    1447       1.2080
    1448       1.2697
    1449       1.2934
    1450       1.3161
    1451       1.2791
    1452       1.2187
    1453       1.2753
    1454       1.3378
    1455       1.2356
    1456       1.3344
    1457       1.2858
    1458       1.2975
    1459       1.2017
    1460       1.1895
    1461       1.2328
    1462       1.2061
    1463       1.2554
    1464       1.2820
    1465       1.2477
    1466       1.2514
    1467       1.2059
    1468       1.3201
    1469       1.2876
    1470       1.3678
    1471       1.4335
    1472       1.3401
    1473       1.3691
    1474       1.3449
    1475       1.3113
    1476       1.3357
    1477       1.3343
    1478       1.3111
    1479       1.2696
    1480       1.3061
    1481       1.2464
    1482       1.2587
    1483       1.2852
    1484       1.2936
    1485       1.3274
    1486       1.4042
    1487       1.4340
    1488       1.3845
    1489       1.3705
    1490       1.4245
    1491       1.4259
    1492       1.4957
    1493       1.4762
    1494       1.4087
    1495       1.3822
    1496       1.4214
    1497       1.3855
    1498       1.3550
    1499       1.3776
    1500       1.4399
    1501       1.4486
    1502       1.4783
    1503       1.5137
    1504       1.4867
    1505       1.4795
    1506       1.4161
    1507       1.4006
    1508       1.4613
    1509       1.4010
    1510       1.3667
    1511       1.3513
    1512       1.3820
    1513       1.4288
    1514       1.3220
    1515       1.2942
    1516       1.3163
    1517       1.3293
    1518       1.3651
    1519       1.3384
    1520       1.3597
    1521       1.3120
    1522       1.3146
    1523       1.3521
    1524       1.3690
    1525       1.3332
    1526       1.4480
    1527       1.4330
    1528       1.3928
    1529       1.4245
    1530       1.4336
    1531       1.4392
    1532       1.3854
    1533       1.3097
    1534       1.4217
    1535       1.4716
    1536       1.4060
    1537       1.3903
    1538       1.4809
    1539       1.4666
    1540       1.5187
    1541       1.5221
    1542       1.3678
    1543       1.3527
    1544       1.2939
    1545       1.3141
    1546       1.3321
    1547       1.3536
    1548       1.3867
    1549       1.4220
    1550       1.3393
    1551       1.3921
    1552       1.3402
    1553       1.4006
    1554       1.3449
    1555       1.4241
    1556       1.4740
    1557       1.3537
    1558       1.3674
    1559       1.3229
    1560       1.3645
    1561       1.3283
    1562       1.4195
    1563       1.4342
    1564       1.4110
    1565       1.4513
    1566       1.4206
    1567       1.4864
    1568       1.3954
    1569       1.4807
    1570       1.3957
    1571       1.4846
    1572       1.4754
    1573       1.4281
    1574       1.5277
    1575       1.4674
    1576       1.4477
    1577       1.4127
    1578       1.4672
    1579       1.4305
    1580       1.4430
    1581       1.3715
    1582       1.3365
    1583       1.4045
    1584       1.4428
    1585       1.5223
    1586       1.5607
    1587       1.5467
    1588       1.5404
    1589       1.5197
    1590       1.5590
    1591       1.5063
    1592       1.4670
    1593       1.5261
    1594       1.6420
    1595       1.6034
    1596       1.5680
    1597       1.6968
    1598       1.6476
    1599       1.6766
    1600       1.5786
    1601       1.4892
    1602       1.4910
    1603       1.4760
    1604       1.4161
    1605       1.4627
    1606       1.5229
    1607       1.4498
    1608       1.4132
    1609       1.4489
    1610       1.5169
    1611       1.4803
    1612       1.4391
    1613       1.4068
    1614       1.4453
    1615       1.4500
    1616       1.4562
    1617       1.4193
    1618       1.3473
    1619       1.3648
    1620       1.4161
    1621       1.4249
    1622       1.4113
    1623       1.3758
    1624       1.3675
    1625       1.3711
    1626       1.3966
    1627       1.3671
    1628       1.4320
    1629       1.4912
    1630       1.4224
    1631       1.4959
    1632       1.5377
    1633       1.4973
    1634       1.4913
    1635       1.4750
    1636       1.4508
    1637       1.3704
    1638       1.4243
    1639       1.4459
    1640       1.4665
    1641       1.4645
    1642       1.5210
    1643       1.4854
    1644       1.5884
    1645       1.6105
    1646       1.6698
    1647       1.6499
    1648       1.5931
    1649       1.5759
    1650       1.5274
    1651       1.5269
    1652       1.4972
    1653       1.4936
    1654       1.4801
    1655       1.4654
    1656       1.4844
    1657       1.4745
    1658       1.4804
    1659       1.5156
    1660       1.4733
    1661       1.4909
    1662       1.4928
    1663       1.4537
    1664       1.4701
    1665       1.3960
    1666       1.3769
    1667       1.3687
    1668       1.4379
    1669       1.3917
    1670       1.4132
    1671       1.4704
    1672       1.3635
    1673       1.3345
    1674       1.2858
    1675       1.3135
    1676       1.3619
    1677       1.3670
    1678       1.3738
    1679       1.4278
    1680       1.3875
    1681       1.4417
    1682       1.4223
    1683       1.4356
    1684       1.4137
    1685       1.4350
    1686       1.4408
    1687       1.4190
    1688       1.4368
    1689       1.4332
    1690       1.3739
    1691       1.3643
    1692       1.3674
    1693       1.4078
    1694       1.4315
    1695       1.4425
    1696       1.4436
    1697       1.4237
    1698       1.4678
    1699       1.4483
    1700       1.4013
    1701       1.3901
    1702       1.3960
    1703       1.4421
    1704       1.4762
    1705       1.4880
    1706       1.4685
    1707       1.4760
    1708       1.3927
    1709       1.3586
    1710       1.3725
    1711       1.4111
    1712       1.3830
    1713       1.3822
    1714       1.4057
    1715       1.3761
    1716       1.3771
    1717       1.4055
    1718       1.3750
    1719       1.3473
    1720       1.3288
    1721       1.3482
    1722       1.3661
    1723       1.3523
    1724       1.3569
    1725       1.4391
    1726       1.4130
    1727       1.4188
    1728       1.4536
    1729       1.3797
    1730       1.4311
    1731       1.4416
    1732       1.5333
    1733       1.4648
    1734       1.4767
    1735       1.4528
    1736       1.3928
    1737       1.4340
    1738       1.3892
    1739       1.4678
    1740       1.4952
    1741       1.5364
    1742       1.5207
    1743       1.5894
    1744       1.6464
    1745       1.6482
    1746       1.6840
    1747       1.6244
    1748       1.6023
    1749       1.6129
    1750       1.5955
    1751       1.5534
    1752       1.5268
    1753       1.4816
    1754       1.4978
    1755       1.4738
    1756       1.4731
    1757       1.4986
    1758       1.5007
    1759       1.4814
    1760       1.3890
    1761       1.4335
    1762       1.4286
    1763       1.5105
    1764       1.5420
    1765       1.4953
    1766       1.4845
    1767       1.4613
    1768       1.4862
    1769       1.4215
    1770       1.3972
    1771       1.4030
    1772       1.4475
    1773       1.3725
    1774       1.4499
    1775       1.4219
    1776       1.4822
    1777       1.4385
    1778       1.4417
    1779       1.4690
    1780       1.4180
    1781       1.4288
    1782       1.5415
    1783       1.5571
    1784       1.5261
    1785       1.5025
    1786       1.4757
    1787       1.4016
    1788       1.3970
    1789       1.4322
    1790       1.3811
    1791       1.4773
    1792       1.5223
    1793       1.5054
    1794       1.5706
    1795       1.5280
    1796       1.5276
    1797       1.4365
    1798       1.4660
    1799       1.4656
    1800       1.4852
    1801       1.5040
    1802       1.5485
    1803       1.5677
    1804       1.4984
    1805       1.5284
    1806       1.4975
    1807       1.5079
    1808       1.5272
    1809       1.5313
    1810       1.4243
    1811       1.4146
    1812       1.3510
    1813       1.3897
    1814       1.4407
    1815       1.4608
    1816       1.4496
    1817       1.4397
    1818       1.4373
    1819       1.4414
    1820       1.4480
    1821       1.4933
    1822       1.4577
    1823       1.4476
    1824       1.3985
    1825       1.4484
    1826       1.4711
    1827       1.5411
    1828       1.5012
    1829       1.4955
    1830       1.4361
    1831       1.4494
    1832       1.4674
    1833       1.5213
    1834       1.4891
    1835       1.5267
    1836       1.5196
    1837       1.6047
    1838       1.6420
    1839       1.5680
    1840       1.5661
    1841       1.6833
    1842       1.7155
    1843       1.6955
    1844       1.5970
    1845       1.5978
    1846       1.6348
    1847       1.5991
    1848       1.5152
    1849       1.6186
    1850       1.5656
    1851       1.6249
    1852       1.5681
    1853       1.6181
    1854       1.6135
    1855       1.6976
    1856       1.7593
    1857       1.7128
    1858       1.6708
    1859       1.7362
    1860       1.6858
    1861       1.6695
    1862       1.6614
    1863       1.6599
    1864       1.6474
    1865       1.6682
    1866       1.5930
    1867       1.5558
    1868       1.5059
    1869       1.6414
    1870       1.6906
    1871       1.6343
    1872       1.5773
    1873       1.5931
    1874       1.5887
    1875       1.5302
    1876       1.5462
    1877       1.5712
    1878       1.5867
    1879       1.6070
    1880       1.6299
    1881       1.6038
    1882       1.6279
    1883       1.6490
    1884       1.5771
    1885       1.5556
    1886       1.5056
    1887       1.5475
    1888       1.4796
    1889       1.5607
    1890       1.5836
    1891       1.5986
    1892       1.6720
    1893       1.6078
    1894       1.6179
    1895       1.5704
    1896       1.6252
    1897       1.5939
    1898       1.6199
    1899       1.5849
    1900       1.5682
    1901       1.6427
    1902       1.6247
    1903       1.5783
    1904       1.5326
    1905       1.5652
    1906       1.5300
    1907       1.5493
    1908       1.5576
    1909       1.5539
    1910       1.5549
    1911       1.5662
    1912       1.5022
    1913       1.4459
    1914       1.4778
    1915       1.5567
    1916       1.5405
    1917       1.5302
    1918       1.5962
    1919       1.5724
    1920       1.5228
    1921       1.5415
    1922       1.5520
    1923       1.5683
    1924       1.5593
    1925       1.5290
    1926       1.6058
    1927       1.6151
    1928       1.6431
    1929       1.6488
    1930       1.6278
    1931       1.6465
    1932       1.6485
    1933       1.5991
    1934       1.6942
    1935       1.7216
    1936       1.7609
    1937       1.6721
    1938       1.6323
    1939       1.5631
    1940       1.6287
    1941       1.6456
    1942       1.5663
    1943       1.5675
    1944       1.5721
    1945       1.5005
    1946       1.5813
    1947       1.5516
    1948       1.6138
    1949       1.6139
    1950       1.5299
    1951       1.5982
    1952       1.6072
    1953       1.5917
    1954       1.4303
    1955       1.4748
    1956       1.5355
    1957       1.5098
    1958       1.4765
    1959       1.5145
    1960       1.5531
    1961       1.4993
    1962       1.5022
    1963       1.5575
    1964       1.4653
    1965       1.5195
    1966       1.5071
    1967       1.4806
    1968       1.5081
    1969       1.5439
    1970       1.5005
    1971       1.5422
    1972       1.5652
    1973       1.5205
    1974       1.4683
    1975       1.4412
    1976       1.4227
    1977       1.3875
    1978       1.4549
    1979       1.4368
    1980       1.4244
    1981       1.4924
    1982       1.5430
    1983       1.5097
    1984       1.5139
    1985       1.4963
    1986       1.5437
    1987       1.5279
    1988       1.5710
    1989       1.5223
    1990       1.5522
    1991       1.5179
    1992       1.5692
    1993       1.5219
    1994       1.4931
    1995       1.5066
    1996       1.5214
    1997       1.5017
    1998       1.5878
    1999       1.5827
    2000       1.5510
    2001       1.5445
    2002       1.5561
    2003       1.4744
    2004       1.4833
    2005       1.4916
    2006       1.4780
    2007       1.5204
    2008       1.4521
    2009       1.4850
    2010       1.4874
    2011       1.4854
    2012       1.3915
    2013       1.4222
    2014       1.4000
    2015       1.4298
    2016       1.3723
    2017       1.4541
    2018       1.5197
    2019       1.4746
    2020       1.4946
    2021       1.4036
    2022       1.4727
    2023       1.4275
    2024       1.4584
    2025       1.5352
    2026       1.5424
    2027       1.5238
    2028       1.4367
    2029       1.4568
    2030       1.4940
    2031       1.5148
    2032       1.5557
    2033       1.5001
    2034       1.4916
    2035       1.4737
    2036       1.4669
    2037       1.3601
    2038       1.3450
    2039       1.3979
    2040       1.4547
    2041       1.5326
    2042       1.5862
    2043       1.5431
    2044       1.5979
    2045       1.5267
    2046       1.5361
    2047       1.5375
    2048       1.5876
    2049       1.4933
    2050       1.6335
    2051       1.6098
    2052       1.6165
    2053       1.6463
    2054       1.6297
    2055       1.5198
    2056       1.5482
    2057       1.4863
    2058       1.4474
    2059       1.4638
    2060       1.5467
    2061       1.5597
    2062       1.5944
    2063       1.6538
    2064       1.6539
    2065       1.5879
    2066       1.5512
    2067       1.5593
    2068       1.6108
    2069       1.6187
    2070       1.5826
    2071       1.6255
    2072       1.4966
    2073       1.5265
    2074       1.5336
    2075       1.5320
    2076       1.5324
    2077       1.4834
    2078       1.6464
    2079       1.5719
    2080       1.5766
    2081       1.5292
    2082       1.5346
    2083       1.6143
    2084       1.5345
    2085       1.5719
    2086       1.5173
    2087       1.5117
    2088       1.5133
    2089       1.5391
    2090       1.4876
    2091       1.4506
    2092       1.4772
    2093       1.5185
    2094       1.4606
    2095       1.4650
    2096       1.5127
    2097       1.5010
    2098       1.5246
    2099       1.5509
    2100       1.5979
    2101       1.6376
    2102       1.6132
    2103       1.5771
    2104       1.4187
    2105       1.4807
    2106       1.4681
    2107       1.5134
    2108       1.4933
    2109       1.4906
    2110       1.5862
    2111       1.6118
    2112       1.5688
    2113       1.5198
    2114       1.4807
    2115       1.5825
    2116       1.4976
    2117       1.4582
    2118       1.4074
    2119       1.4092
    2120       1.4281
    2121       1.4080
    2122       1.4229
    2123       1.4191
    2124       1.4734
    2125       1.4564
    2126       1.4942
    2127       1.4867
    2128       1.4925
    2129       1.4804
    2130       1.5059
    2131       1.5274
    2132       1.4619
    2133       1.4858
    2134       1.4822
    2135       1.4871
    2136       1.4948
    2137       1.4578
    2138       1.4188
    2139       1.4466
    2140       1.3834
    2141       1.4584
    2142       1.4951
    2143       1.4696
    2144       1.4558
    2145       1.4542
    2146       1.4722
    2147       1.4637
    2148       1.5506
    2149       1.5189
    2150       1.4467
    2151       1.4631
    2152       1.4918
    2153       1.6001
    2154       1.5513
    2155       1.5714
    2156       1.6597
    2157       1.6509
    2158       1.5654
    2159       1.6287
    2160       1.6273
    2161       1.5220
    2162       1.5158
    2163       1.5097
    2164       1.6215
    2165       1.6140
    2166       1.5521
    2167       1.5715
    2168       1.6028
    2169       1.6048
    2170       1.5347
    2171       1.4928
    2172       1.4802
    2173       1.5894
    2174       1.5810
    2175       1.6347
    2176       1.6609
    2177       1.6199
    2178       1.5559
    2179       1.5081
    2180       1.5071
    2181       1.6203
    2182       1.6270
    2183       1.5394
    2184       1.5627
    2185       1.5601
    2186       1.6622
    2187       1.6118
    2188       1.6658
    2189       1.5116
    2190       1.5652
    2191       1.5333
    2192       1.5591
    2193       1.5845
    2194       1.5662
    2195       1.5508
    2196       1.5620
    2197       1.5254
    2198       1.4696
    2199       1.5701
    2200       1.5766
    2201       1.4767
    2202       1.5773
    2203       1.6152
    2204       1.5557
    2205       1.5495
    2206       1.5844
    2207       1.5279
    2208       1.5677
    2209       1.5804
    2210       1.5313
    2211       1.5240
    2212       1.5391
    2213       1.6076
    2214       1.6341
    2215       1.6116
    2216       1.6115
    2217       1.5803
    2218       1.6062
    2219       1.5695
    2220       1.5504
    2221       1.4898
    2222       1.6316
    2223       1.6766
    2224       1.7175
    2225       1.6951
    2226       1.6306
    2227       1.6064
    2228       1.6205
    2229       1.5632
    2230       1.5466
    2231       1.4992
    2232       1.6059
    2233       1.5496
    2234       1.4820
    2235       1.5959
    2236       1.6017
    2237       1.6180
    2238       1.6481
    2239       1.6064
    2240       1.6218
    2241       1.5637
    2242       1.5863
    2243       1.5355
    2244       1.5541
    2245       1.5552
    2246       1.5176
    2247       1.5534
    2248       1.5932
    2249       1.5775
    2250       1.6139
    2251       1.5630
    2252       1.6118
    2253       1.5987
    2254       1.5422
    2255       1.5360
    2256       1.5275
    2257       1.4629
    2258       1.4694
    2259       1.5329
    2260       1.4855
    2261       1.4615
    2262       1.4919
    2263       1.5398
    2264       1.5691
    2265       1.5669
    2266       1.5780
    2267       1.5624
    2268       1.5230
    2269       1.5236
    2270       1.5874
    2271       1.5749
    2272       1.4695
    2273       1.5536
    2274       1.5015
    2275       1.5516
    2276       1.5446
    2277       1.6114
    2278       1.5314
    2279       1.5814
    2280       1.6372
    2281       1.6242
    2282       1.6131
    2283       1.6284
    2284       1.5715
    2285       1.5241
    2286       1.5284
    2287       1.5650
    2288       1.6041
    2289       1.5260
    2290       1.4980
    2291       1.4780
    2292       1.5240
    2293       1.5748
    2294       1.6028
    2295       1.6046
    2296       1.5949
    2297       1.6371
    2298       1.6390
    2299       1.5913
    2300       1.5718
    2301       1.5093
    2302       1.4881
    2303       1.5597
    2304       1.5453
    2305       1.5058
    2306       1.5500
    2307       1.5221
    2308       1.4450
    2309       1.4765
    2310       1.5100
    2311       1.4382
    2312       1.4494
    2313       1.4137
    2314       1.4051
    2315       1.4040
    2316       1.3876
    2317       1.4725
    2318       1.4346
    2319       1.4764
    2320       1.4529
    2321       1.5091
    2322       1.5370
    2323       1.5123
    2324       1.5207
    2325       1.4651
    2326       1.5048
    2327       1.5257
    2328       1.5133
    2329       1.5270
    2330       1.4634
    2331       1.5181
    2332       1.5329
    2333       1.5374
    2334       1.5216
    2335       1.5009
    2336       1.4656
    2337       1.4649
    2338       1.4606
    2339       1.4990
    2340       1.5121
    2341       1.4691
    2342       1.5278
    2343       1.5443
    2344       1.4958
    2345       1.5467
    2346       1.5714
    2347       1.5676
    2348       1.5464
    2349       1.5156
    2350       1.4831
    2351       1.4443
    2352       1.4361
    2353       1.5276
    2354       1.3969
    2355       1.4014
    2356       1.4161
    2357       1.4135
    2358       1.4210
    2359       1.3813
    2360       1.3673
    2361       1.3524
    2362       1.3445
    2363       1.3203
    2364       1.2947
    2365       1.4099
    2366       1.4569
    2367       1.5118
    2368       1.5322
    2369       1.4717
    2370       1.3918
    2371       1.4485
    2372       1.4256
    2373       1.4000
    2374       1.4550
    2375       1.4339
    2376       1.4060
    2377       1.3450
    2378       1.3613
    2379       1.3227
    2380       1.3184
    2381       1.3203
    2382       1.2631
    2383       1.3869
    2384       1.3626
    2385       1.4814
    2386       1.4815
    2387       1.4095
    2388       1.3747
    2389       1.4450
    2390       1.4538
    2391       1.4086
    2392       1.4054
    2393       1.4102
    2394       1.4337
    2395       1.4206
    2396       1.3931
    2397       1.3604
    2398       1.3116
    2399       1.3003
    2400       1.3770
    2401       1.4209
    2402       1.3240
    2403       1.3280
    2404       1.3430
    2405       1.3373
    2406       1.4196
    2407       1.4561
    2408       1.4672
    2409       1.4478
    2410       1.4293
    2411       1.4564
    2412       1.4687
    2413       1.4501
    2414       1.4329
    2415       1.4122
    2416       1.3931
    2417       1.3974
    2418       1.3994
    2419       1.3454
    2420       1.3644
    2421       1.3985
    2422       1.3879
    2423       1.4339
    2424       1.4251
    2425       1.4387
    2426       1.3985
    2427       1.4552
    2428       1.4319
    2429       1.4519
    2430       1.4234
    2431       1.3950
    2432       1.3993
    2433       1.3832
    2434       1.3966
    2435       1.3909
    2436       1.3697
    2437       1.4381
    2438       1.4468
    2439       1.3864
    2440       1.4160
    2441       1.4158
    2442       1.4361
    2443       1.4300
    2444       1.3738
    2445       1.3880
    2446       1.3892
    2447       1.4162
    2448       1.5314
    2449       1.5224
    2450       1.4994
    2451       1.4975
    2452       1.4771
    2453       1.4210
    2454       1.3811
    2455       1.3662
    2456       1.3260
    2457       1.3794
    2458       1.3504
    2459       1.3460
    2460       1.3548
    2461       1.4022
    2462       1.4193
    2463       1.3780
    2464       1.4531
    2465       1.4958
    2466       1.4957
    2467       1.4348
    2468       1.4371
    2469       1.4710
    2470       1.5868
    2471       1.6138
    2472       1.5210
    2473       1.5089
    2474       1.5142
    2475       1.5072
    2476       1.5272
    2477       1.5305
    2478       1.4711
    2479       1.5015
    2480       1.4416
    2481       1.4710
    2482       1.4333
    2483       1.4448
    2484       1.4601
    2485       1.4777
    2486       1.4396
    2487       1.3578
    2488       1.4324
    2489       1.3193
    2490       1.3007
    2491       1.4028
    2492       1.3612
    2493       1.3560
    2494       1.3051
    2495       1.3992
    2496       1.3978
    2497       1.4110
    2498       1.3557
    2499       1.4181
    2500       1.3857
    2501       1.4029
    2502       1.3304
    2503       1.3392
    2504       1.3538
    2505       1.4335
    2506       1.3960
    2507       1.3481
    2508       1.3519
    2509       1.3696
    2510       1.3971
    2511       1.5071
    2512       1.4348
    2513       1.4526
    2514       1.4480
    2515       1.4231
    2516       1.4653
    2517       1.4307
    2518       1.3806
    2519       1.4204
    2520       1.5029
    2521       1.4922
    2522       1.4187
    2523       1.4891
    2524       1.4185
    2525       1.4209
    2526       1.4070
    2527       1.5051
    2528       1.5748
    2529       1.4673
    2530       1.4774
    2531       1.5284
    2532       1.4662
    2533       1.3426
    2534       1.3843
    2535       1.4051
    2536       1.3211
    2537       1.4080
    2538       1.4822
    2539       1.4449
    2540       1.4082
    2541       1.3983
    2542       1.4149
    2543       1.4299
    2544       1.3854
    2545       1.3878
    2546       1.3844
    2547       1.3971
    2548       1.4009
    2549       1.4005
    2550       1.4212
    2551       1.4566
    2552       1.4107
    2553       1.4308
    2554       1.4473
    2555       1.4829
    2556       1.5486
    2557       1.4615
    2558       1.4532
    2559       1.4470
    2560       1.4701
    2561       1.4145
    2562       1.4489
    2563       1.4567
    2564       1.4396
    2565       1.3647
    2566       1.4043
    2567       1.4537
    2568       1.3780
    2569       1.3897
    2570       1.3954
    2571       1.3666
    2572       1.3622
    2573       1.4143
    2574       1.4074
    2575       1.4364
    2576       1.4620
    2577       1.4215
    2578       1.4773
    2579       1.4226
    2580       1.3938
    2581       1.3672
    2582       1.4232
    2583       1.3510
    2584       1.3773
    2585       1.4153
    2586       1.4375
    2587       1.3473
    2588       1.3423
    2589       1.4207
    2590       1.4627
    2591       1.4038
    2592       1.4089
    2593       1.3339
    2594       1.3412
    2595       1.3739
    2596       1.3591
    2597       1.2788
    2598       1.3305
    2599       1.3891
    2600       1.4093
    2601       1.4369
    2602       1.3464
    2603       1.3602
    2604       1.3380
    2605       1.3780
    2606       1.3824
    2607       1.3637
    2608       1.3647
    2609       1.3653
    2610       1.3094
    2611       1.2854
    2612       1.3019
    2613       1.3171
    2614       1.2591
    2615       1.2681
    2616       1.2917
    2617       1.3397
    2618       1.2927
    2619       1.3415
    2620       1.3375
    2621       1.2883
    2622       1.3458
    2623       1.2782
    2624       1.3642
    2625       1.3400
    2626       1.2808
    2627       1.3100
    2628       1.3472
    2629       1.3482
    2630       1.3275
    2631       1.3147
    2632       1.2739
    2633       1.2899
    2634       1.2458
    2635       1.3067
    2636       1.2932
    2637       1.3589
    2638       1.3040
    2639       1.3306
    2640       1.3450
    2641       1.3724
    2642       1.3036
    2643       1.3316
    2644       1.3007
    2645       1.3147
    2646       1.4233
    2647       1.3889
    2648       1.3608
    2649       1.3705
    2650       1.4114
    2651       1.3516
    2652       1.3594
    2653       1.4024
    2654       1.3244
    2655       1.2694
    2656       1.3288
    2657       1.2780
    2658       1.2800
    2659       1.3182
    2660       1.3039
    2661       1.3227
    2662       1.3551
    2663       1.3830
    2664       1.3666
    2665       1.3977
    2666       1.3343
    2667       1.3393
    2668       1.3008
    2669       1.3347
    2670       1.2713
    2671       1.2576
    2672       1.2564
    2673       1.2793
    2674       1.3118
    2675       1.3469
    2676       1.2737
    2677       1.3477
    2678       1.2879
    2679       1.3517
    2680       1.2603
    2681       1.2882
    2682       1.2458
    2683       1.3146
    2684       1.3700
    2685       1.2693
    2686       1.2830
    2687       1.2331
    2688       1.3116
    2689       1.2742
    2690       1.3098
    2691       1.3192
    2692       1.3136
    2693       1.2797
    2694       1.3074
    2695       1.3979
    2696       1.3659
    2697       1.3419
    2698       1.3266
    2699       1.4095
    2700       1.3829
    2701       1.3836
    2702       1.3493
    2703       1.3886
    2704       1.4328
    2705       1.4352
    2706       1.3827
    2707       1.3289
    2708       1.2928
    2709       1.3147
    2710       1.3558
    2711       1.3693
    2712       1.3931
    2713       1.4605
    2714       1.4544
    2715       1.4023
    2716       1.4301
    2717       1.4138
    2718       1.4391
    2719       1.4433
    2720       1.4504
    2721       1.4181
    2722       1.3097
    2723       1.3874
    2724       1.3912
    2725       1.3825
    2726       1.3538
    2727       1.3546
    2728       1.3799
    2729       1.4178
    2730       1.3659
    2731       1.3244
    2732       1.2655
    2733       1.2770
    2734       1.2243
    2735       1.2810
    2736       1.3266
    2737       1.3043
    2738       1.2321
    2739       1.3145
    2740       1.2855
    2741       1.2777
    2742       1.2876
    2743       1.2886
    2744       1.2685
    2745       1.3768
    2746       1.3306
    2747       1.2855
    2748       1.2765
    2749       1.3103
    2750       1.3146
    2751       1.3056
    2752       1.3615
    2753       1.3595
    2754       1.2988
    2755       1.2499
    2756       1.3214
    2757       1.3429
    2758       1.4338
    2759       1.4005
    2760       1.4142
    2761       1.4187
    2762       1.4346
    2763       1.4944
    2764       1.5229
    2765       1.5373
    2766       1.4926
    2767       1.4485
    2768       1.4862
    2769       1.4428
    2770       1.3921
    2771       1.4160
    2772       1.3524
    2773       1.4024
    2774       1.4000
    2775       1.4364
    2776       1.3961
    2777       1.3732
    2778       1.4081
    2779       1.4295
    2780       1.3951
    2781       1.4019
    2782       1.2695
    2783       1.3656
    2784       1.3694
    2785       1.3372
    2786       1.3384
    2787       1.4571
    2788       1.4022
    2789       1.3145
    2790       1.3388
    2791       1.3225
    2792       1.2576
    2793       1.3887
    2794       1.3331
    2795       1.3184
    2796       1.3489
    2797       1.3777
    2798       1.3100
    2799       1.2794
    2800       1.2586
    2801       1.2759
    2802       1.2901
    2803       1.3236
    2804       1.3043
    2805       1.3957
    2806       1.4075
    2807       1.3827
    2808       1.3523
    2809       1.2893
    2810       1.3714
    2811       1.3364
    2812       1.3815
    2813       1.3770
    2814       1.3640
    2815       1.3140
    2816       1.3476
    2817       1.3994
    2818       1.3103
    2819       1.3349
    2820       1.2935
    2821       1.3341
    2822       1.3333
    2823       1.2840
    2824       1.2971
    2825       1.2758
    2826       1.2619
    2827       1.2325
    2828       1.2772
    2829       1.2427
    2830       1.3322
    2831       1.3126
    2832       1.3297
    2833       1.2378
    2834       1.2795
    2835       1.2754
    2836       1.3360
    2837       1.3441
    2838       1.3640
    2839       1.2969
    2840       1.2703
    2841       1.2614
    2842       1.2574
    2843       1.2085
    2844       1.2900
    2845       1.2533
    2846       1.2600
    2847       1.2389
    2848       1.3032
    2849       1.2128
    2850       1.2717
    2851       1.3310
    2852       1.2689
    2853       1.2276
    2854       1.2364
    2855       1.2201
    2856       1.2227
    2857       1.2017
    2858       1.2639
    2859       1.2830
    2860       1.3396
    2861       1.3007
    2862       1.2888
    2863       1.2593
    2864       1.3243
    2865       1.3380
    2866       1.3915
    2867       1.3194
    2868       1.2994
    2869       1.3534
    2870       1.4003
    2871       1.3730
    2872       1.3359
    2873       1.3401
    2874       1.3480
    2875       1.3235
    2876       1.3397
    2877       1.3048
    2878       1.2272
    2879       1.2542
    2880       1.2473
    2881       1.2362
    2882       1.2939
    2883       1.2307
    2884       1.2361
    2885       1.2499
    2886       1.2738
    2887       1.2227
    2888       1.2508
    2889       1.2398
    2890       1.2275
    2891       1.3139
    2892       1.2709
    2893       1.2761
    2894       1.3225
    2895       1.3145
    2896       1.2991
    2897       1.3372
    2898       1.3510
    2899       1.3534
    2900       1.3409
    2901       1.2756
    2902       1.3670
    2903       1.3814
    2904       1.3440
    2905       1.3296
    2906       1.2797
    2907       1.1811
    2908       1.2180
    2909       1.2277
    2910       1.2374
    2911       1.2998
    2912       1.3197
    2913       1.2984
    2914       1.2552
    2915       1.2605
    2916       1.3357
    2917       1.3379
    2918       1.3350
    2919       1.3558
    2920       1.3343
    2921       1.3628
    2922       1.3337
    2923       1.4253
    2924       1.4931
    2925       1.4191
    2926       1.4279
    2927       1.5170
    2928       1.4668
    2929       1.4528
    2930       1.4205
    2931       1.3992
    2932       1.3853
    2933       1.4094
    2934       1.3777
    2935       1.4104
    2936       1.3384
    2937       1.3303
    2938       1.3019
    2939       1.2634
    2940       1.1977
    2941       1.2105
    2942       1.2703
    2943       1.2262
    2944       1.2954
    2945       1.2750
    2946       1.2743
    2947       1.2404
    2948       1.2551
    2949       1.2626
    2950       1.2296
    2951       1.2772
    2952       1.2481
    2953       1.3118
    2954       1.2911
    2955       1.2683
    2956       1.2264
    2957       1.2234
    2958       1.2895
    2959       1.2820
    2960       1.3156
    2961       1.2894
    2962       1.3221
    2963       1.3405
    2964       1.3632
    2965       1.3938
    2966       1.2739
    2967       1.2967
    2968       1.3031
    2969       1.3668
    2970       1.3780
    2971       1.3653
    2972       1.3728
    2973       1.3881
    2974       1.4543
    2975       1.2960
    2976       1.3293
    2977       1.2994
    2978       1.3105
    2979       1.3246
    2980       1.2559
    2981       1.3626
    2982       1.3862
    2983       1.3134
    2984       1.2812
    2985       1.3356
    2986       1.3566
    2987       1.3450
    2988       1.3614
    2989       1.3806
    2990       1.3685
    2991       1.3778
    2992       1.3423
    2993       1.3892
    2994       1.4412
    2995       1.4885
    2996       1.4559
    2997       1.4071
    2998       1.3620
    2999       1.3011
    3000       1.3160
    3001       1.2954
    3002       1.3210
    3003       1.3439
    3004       1.4200
    3005       1.4072
    3006       1.4079
    3007       1.3806
    3008       1.3514
    3009       1.3387
    3010       1.3293
    3011       1.3321
    3012       1.3543
    3013       1.4314
    3014       1.3793
    3015       1.3891
    3016       1.3992
    3017       1.4406
    3018       1.4001
    3019       1.3294
    3020       1.3740
    3021       1.3874
    3022       1.3682
    3023       1.3178
    3024       1.3070
    3025       1.2808
    3026       1.2974
    3027       1.2513
    3028       1.2562
    3029       1.2500
    3030       1.2627
    3031       1.2442
    3032       1.2589
    3033       1.2429
    3034       1.2330
    3035       1.1617
    3036       1.2532
    3037       1.2192
    3038       1.2178
    3039       1.1754
    3040       1.2614
    3041       1.2249
    3042       1.2596
    3043       1.2721
    3044       1.2799
    3045       1.3227
    3046       1.2855
    3047       1.3264
    3048       1.3469
    3049       1.3862
    3050       1.3664
    3051       1.3908
    3052       1.4847
    3053       1.4599
    3054       1.5951
    3055       1.5555
    3056       1.5900
    3057       1.5768
    3058       1.4767
    3059       1.4442
    3060       1.4726
    3061       1.3475
    3062       1.4674
    3063       1.4589
    3064       1.3741
    3065       1.4206
    3066       1.4472
    3067       1.4270
    3068       1.3864
    3069       1.5077
    3070       1.5082
    3071       1.5032
    3072       1.4307
    3073       1.5143
    3074       1.5015
    3075       1.5174
    3076       1.5057
    3077       1.5246
    3078       1.4372
    3079       1.4812
    3080       1.4199
    3081       1.4622
    3082       1.4240
    3083       1.4399
    3084       1.4570
    3085       1.5329
    3086       1.5432
    3087       1.5915
    3088       1.6224
    3089       1.6856
    3090       1.6704
    3091       1.5964
    3092       1.5586
    3093       1.4651
    3094       1.4597
    3095       1.3682
    3096       1.3663
    3097       1.4244
    3098       1.4764
    3099       1.4797
    3100       1.4611
    3101       1.3793
    3102       1.4193
    3103       1.5094
    3104       1.4061
    3105       1.4192
    3106       1.4297
    3107       1.3862
    3108       1.3379
    3109       1.3005
    3110       1.3637
    3111       1.3679
    3112       1.3690
    3113       1.3254
    3114       1.2774
    3115       1.2901
    3116       1.3283
    3117       1.2980
    3118       1.3401
    3119       1.2385
    3120       1.2393
    3121       1.2121
    3122       1.2541
    3123       1.2743
    3124       1.2771
    3125       1.3018
