#Frame     RMSD_00001
       1       0.0000
       2       0.5933
       3       0.6559
       4       0.6856
       5       0.7224
       6       0.7837
       7       0.8422
       8       0.8446
       9       0.8740
      10       0.8139
      11       0.8311
      12       0.8431
      13       0.8532
      14       0.8396
      15       0.8338
      16       0.7968
      17       0.7775
      18       0.7753
      19       0.7332
      20       0.8186
      21       0.9008
      22       0.8605
      23       0.9130
      24       0.9714
      25       0.9325
      26       0.8272
      27       0.7687
      28       0.8151
      29       0.8761
      30       0.8265
      31       0.8256
      32       0.7770
      33       0.7870
      34       0.7821
      35       0.7919
      36       0.8380
      37       0.8888
      38       0.9539
      39       0.8630
      40       0.8025
      41       0.9272
      42       0.8185
      43       0.7868
      44       0.7819
      45       0.8775
      46       0.8719
      47       0.8105
      48       0.7719
      49       0.7706
      50       0.7979
      51       0.8065
      52       0.8783
      53       0.8036
      54       0.8730
      55       0.9580
      56       0.9426
      57       0.8173
      58       0.7693
      59       0.8336
      60       0.8296
      61       0.8777
      62       0.8400
      63       0.9253
      64       0.8595
      65       0.9381
      66       0.9165
      67       0.9101
      68       0.9261
      69       0.9863
      70       0.9685
      71       0.9728
      72       0.9026
      73       0.8895
      74       0.8759
      75       0.9461
      76       0.9043
      77       0.9629
      78       0.9064
      79       0.8581
      80       0.9013
      81       0.9022
      82       0.9475
      83       0.9517
      84       0.8968
      85       0.9229
      86       0.9293
      87       0.9323
      88       0.9475
      89       0.9227
      90       0.9471
      91       0.9034
      92       0.9227
      93       0.9704
      94       1.0020
      95       1.0665
      96       1.0394
      97       0.9920
      98       0.9667
      99       0.9605
     100       0.8798
     101       1.0274
     102       1.0430
     103       1.0496
     104       1.0151
     105       0.9646
     106       0.9422
     107       0.9379
     108       1.0381
     109       0.9932
     110       1.0725
     111       1.0791
     112       1.0759
     113       1.1444
     114       1.0770
     115       1.0687
     116       1.0722
     117       1.1540
     118       1.0236
     119       0.9502
     120       0.9414
     121       0.9425
     122       0.9616
     123       1.0356
     124       0.9357
     125       0.9655
     126       0.9795
     127       1.0114
     128       0.9321
     129       0.9312
     130       0.9507
     131       0.9697
     132       0.8577
     133       0.9157
     134       0.9660
     135       0.9569
     136       0.8738
     137       0.8939
     138       0.9008
     139       0.9213
     140       0.8657
     141       0.9365
     142       0.9108
     143       0.8985
     144       0.9237
     145       0.9581
     146       0.9470
     147       0.8914
     148       0.8886
     149       0.8748
     150       0.9278
     151       0.8763
     152       0.8898
     153       0.8766
     154       0.8655
     155       0.8715
     156       0.8852
     157       0.9861
     158       0.9302
     159       0.8952
     160       0.9184
     161       0.8299
     162       0.8983
     163       0.9493
     164       0.8912
     165       0.9671
     166       0.9642
     167       0.8782
     168       0.9186
     169       0.9198
     170       0.9585
     171       0.9195
     172       0.9329
     173       0.9831
     174       1.0229
     175       1.0236
     176       1.0385
     177       1.0530
     178       1.0745
     179       1.0094
     180       0.9935
     181       0.9732
     182       0.9162
     183       0.8960
     184       0.9380
     185       0.9396
     186       0.9949
     187       0.9717
     188       1.0064
     189       0.9507
     190       0.8794
     191       0.9254
     192       0.9705
     193       0.8664
     194       0.9166
     195       1.0529
     196       0.9965
     197       0.9880
     198       1.0064
     199       1.0317
     200       1.0206
     201       0.9826
     202       0.9974
     203       0.9498
     204       0.9164
     205       0.9977
     206       0.9478
     207       0.9037
     208       0.9234
     209       0.9517
     210       0.9423
     211       0.8984
     212       0.9447
     213       0.9184
     214       0.9862
     215       1.0008
     216       0.9936
     217       1.0500
     218       1.0079
     219       1.0750
     220       1.1599
     221       1.2062
     222       1.1109
     223       1.0827
     224       1.0911
     225       1.0155
     226       1.0599
     227       1.2031
     228       1.1917
     229       1.1061
     230       1.0825
     231       1.1935
     232       1.1504
     233       1.0928
     234       1.0853
     235       1.0783
     236       1.0072
     237       0.9594
     238       1.0373
     239       0.9646
     240       0.9906
     241       1.0356
     242       1.0185
     243       1.0869
     244       1.0926
     245       1.1247
     246       1.0875
     247       1.0775
     248       1.0642
     249       1.0532
     250       1.0469
     251       1.0333
     252       1.0337
     253       1.0123
     254       0.9843
     255       0.9956
     256       0.9574
     257       1.0171
     258       0.9214
     259       0.9273
     260       0.9563
     261       0.8558
     262       0.9953
     263       0.9059
     264       0.9300
     265       0.9351
     266       1.0218
     267       0.9988
     268       0.9355
     269       0.8888
     270       0.9678
     271       0.9493
     272       0.9265
     273       0.9609
     274       1.0149
     275       0.9543
     276       1.0114
     277       1.0330
     278       0.9492
     279       0.9787
     280       0.8935
     281       0.9873
     282       0.9708
     283       1.0158
     284       0.9851
     285       0.9877
     286       0.9810
     287       0.9886
     288       0.9742
     289       0.9119
     290       0.9090
     291       0.9825
     292       0.9999
     293       1.0671
     294       1.1231
     295       0.9646
     296       0.9275
     297       0.9759
     298       0.9960
     299       0.9615
     300       0.8970
     301       0.9844
     302       0.9677
     303       0.9348
     304       0.9070
     305       0.9864
     306       0.9830
     307       1.0287
     308       1.0750
     309       0.9927
     310       0.9829
     311       0.9876
     312       1.0228
     313       1.0632
     314       1.0445
     315       1.0023
     316       1.0913
     317       1.0070
     318       0.9881
     319       1.0898
     320       0.9535
     321       0.9669
     322       0.9920
     323       1.0057
     324       1.0867
     325       1.1510
     326       1.0946
     327       1.1053
     328       1.0645
     329       1.0751
     330       1.0914
     331       1.0451
     332       1.0994
     333       1.0940
     334       1.1560
     335       1.0492
     336       1.1261
     337       1.0826
     338       1.0915
     339       1.1173
     340       1.1071
     341       1.0292
     342       1.0434
     343       1.0339
     344       0.9950
     345       1.0219
     346       1.0247
     347       1.1081
     348       1.0096
     349       0.9228
     350       0.9303
     351       0.9434
     352       0.9530
     353       0.9339
     354       0.9195
     355       0.9241
     356       0.9303
     357       0.9907
     358       0.8525
     359       1.0180
     360       0.9884
     361       0.9449
     362       0.9927
     363       0.9852
     364       0.9918
     365       0.9634
     366       1.0999
     367       1.0913
     368       1.0643
     369       1.0133
     370       1.0570
     371       0.9241
     372       0.9281
     373       0.9722
     374       0.9512
     375       0.9414
     376       0.8963
     377       0.9641
     378       0.9720
     379       0.9214
     380       0.9009
     381       0.9318
     382       1.0186
     383       0.9892
     384       1.0035
     385       1.0351
     386       1.0418
     387       0.9758
     388       1.0170
     389       0.9978
     390       1.0128
     391       0.9336
     392       0.9573
     393       0.9055
     394       0.8803
     395       0.9602
     396       0.9635
     397       0.9583
     398       0.9752
     399       0.9502
     400       0.9353
     401       0.8888
     402       0.8950
     403       0.9073
     404       0.9047
     405       0.8582
     406       0.8862
     407       0.9788
     408       0.9318
     409       1.0421
     410       0.9624
     411       1.0063
     412       0.9855
     413       0.8784
     414       0.8887
     415       0.9064
     416       0.9225
     417       0.9519
     418       0.8996
     419       0.9685
     420       0.9617
     421       0.8943
     422       0.9244
     423       0.8577
     424       0.9018
     425       0.8874
     426       0.9206
     427       0.8924
     428       0.8977
     429       0.9360
     430       1.0020
     431       0.8960
     432       0.9035
     433       0.9714
     434       0.9410
     435       0.9593
     436       0.9590
     437       0.9827
     438       0.9542
     439       0.9444
     440       0.9479
     441       0.9910
     442       1.0032
     443       0.9233
     444       0.9152
     445       0.9801
     446       0.9725
     447       0.9698
     448       1.0860
     449       1.0121
     450       1.0474
     451       1.0228
     452       1.0074
     453       1.0368
     454       1.0718
     455       1.0376
     456       1.0233
     457       1.0363
     458       1.0470
     459       1.0274
     460       0.9913
     461       1.0094
     462       0.9759
     463       0.9613
     464       1.0308
     465       1.0301
     466       1.0505
     467       1.0384
     468       0.9861
     469       1.0191
     470       0.9857
     471       1.0053
     472       1.0165
     473       0.9401
     474       0.9747
     475       1.0187
     476       1.0309
     477       0.9568
     478       1.0159
     479       0.9996
     480       1.0075
     481       0.9719
     482       1.0487
     483       1.0047
     484       0.9133
     485       0.9676
     486       0.9661
     487       1.0156
     488       0.9627
     489       1.0252
     490       0.9623
     491       1.0239
     492       0.9354
     493       1.0242
     494       0.9971
     495       1.0089
     496       1.0263
     497       1.0613
     498       1.0447
     499       1.0580
     500       1.0709
     501       1.0870
     502       1.0166
     503       1.0348
     504       1.0959
     505       1.0469
     506       0.9900
     507       1.0095
     508       0.9984
     509       1.0255
     510       0.9406
     511       0.9919
     512       0.9707
     513       0.9072
     514       0.9365
     515       0.9469
     516       0.9730
     517       0.9659
     518       1.0214
     519       1.0020
     520       0.9802
     521       0.9158
     522       0.9601
     523       0.9478
     524       0.9975
     525       1.0178
     526       1.0855
     527       0.9915
     528       1.0322
     529       0.9810
     530       1.0236
     531       0.9779
     532       0.9700
     533       0.9379
     534       0.9713
     535       0.9987
     536       0.9804
     537       1.0108
     538       1.1282
     539       1.0426
     540       1.0577
     541       1.0560
     542       1.0357
     543       1.0604
     544       1.0603
     545       1.0282
     546       1.0369
     547       1.0247
     548       1.1755
     549       1.0596
     550       1.1319
     551       1.0328
     552       1.0137
     553       1.0525
     554       1.0223
     555       1.0574
     556       1.0393
     557       1.0186
     558       1.0138
     559       1.1126
     560       1.0898
     561       1.0471
     562       1.0553
     563       1.0090
     564       0.9775
     565       0.9567
     566       0.9644
     567       1.0310
     568       1.0404
     569       1.0751
     570       1.1615
     571       1.1399
     572       1.0695
     573       1.1469
     574       1.1413
     575       1.1420
     576       1.2439
     577       1.1956
     578       1.1527
     579       1.1192
     580       1.2177
     581       1.2175
     582       1.2153
     583       1.3073
     584       1.2315
     585       1.2757
     586       1.1663
     587       1.1166
     588       1.1469
     589       1.0346
     590       1.0542
     591       1.1059
     592       1.1409
     593       1.1735
     594       1.0612
     595       1.0984
     596       1.0303
     597       0.9510
     598       0.9838
     599       0.9924
     600       0.9987
     601       1.0216
     602       1.0360
     603       1.0183
     604       1.0851
     605       1.0847
     606       1.0733
     607       1.1149
     608       1.0439
     609       0.9895
     610       0.9464
     611       1.0232
     612       1.0348
     613       0.9867
     614       0.9656
     615       1.0244
     616       0.9732
     617       1.0015
     618       0.9948
     619       1.0206
     620       0.9377
     621       1.0015
     622       0.9988
     623       1.0674
     624       1.0375
     625       1.0199
     626       0.9517
     627       0.9953
     628       1.0516
     629       1.0646
     630       1.0848
     631       1.0006
     632       1.0494
     633       1.0041
     634       1.0372
     635       0.9911
     636       0.9974
     637       1.0838
     638       1.0385
     639       1.0482
     640       0.9370
     641       0.9630
     642       1.0162
     643       1.0534
     644       1.0397
     645       0.9987
     646       1.0653
     647       1.0481
     648       1.0584
     649       1.0966
     650       1.0898
     651       1.0738
     652       1.1052
     653       0.9429
     654       0.9385
     655       0.9346
     656       0.9690
     657       0.9764
     658       1.0645
     659       1.0427
     660       0.9917
     661       1.0589
     662       1.0403
     663       0.9917
     664       1.0726
     665       1.0335
     666       1.0409
     667       1.0306
     668       1.0429
     669       0.9763
     670       0.9941
     671       0.9430
     672       0.9236
     673       0.9634
     674       0.9405
     675       0.9705
     676       0.9968
     677       0.9718
     678       0.9442
     679       0.9287
     680       0.9209
     681       0.9438
     682       0.9398
     683       0.9458
     684       1.0141
     685       0.9686
     686       0.9247
     687       0.9290
     688       0.9576
     689       0.9462
     690       0.9581
     691       0.9397
     692       0.9299
     693       0.9237
     694       0.9316
     695       0.9058
     696       0.9701
     697       0.9549
     698       0.9521
     699       0.9724
     700       0.9154
     701       0.9671
     702       0.9497
     703       0.9990
     704       1.0154
     705       0.9003
     706       0.9456
     707       0.9727
     708       1.0079
     709       0.9385
     710       0.9735
     711       1.0365
     712       1.0122
     713       0.9985
     714       0.9420
     715       0.9610
     716       0.9411
     717       0.9910
     718       0.9779
     719       0.9390
     720       0.9714
     721       0.9986
     722       0.9684
     723       0.9128
     724       0.9488
     725       0.9449
     726       0.9384
     727       0.9531
     728       0.9240
     729       0.9047
     730       0.9241
     731       0.8957
     732       0.9250
     733       1.0142
     734       0.9703
     735       1.0035
     736       1.0034
     737       0.9972
     738       0.9205
     739       1.0156
     740       1.0481
     741       0.9743
     742       0.9413
     743       0.9965
     744       0.9750
     745       0.9931
     746       1.0255
     747       1.0007
     748       0.9631
     749       0.9601
     750       0.9777
     751       0.9783
     752       1.0017
     753       1.0031
     754       0.9152
     755       0.9578
     756       0.9855
     757       0.9817
     758       1.0121
     759       1.0167
     760       0.9545
     761       0.9863
     762       1.0158
     763       0.9530
     764       0.9801
     765       0.9192
     766       0.9420
     767       0.9996
     768       0.9744
     769       1.0048
     770       0.9837
     771       1.0196
     772       1.0612
     773       1.0198
     774       0.9947
     775       1.0292
     776       1.0770
     777       1.0222
     778       1.0257
     779       0.9863
     780       0.9876
     781       0.9697
     782       0.9822
     783       0.9890
     784       0.9752
     785       1.0161
     786       0.9404
     787       0.9242
     788       0.9208
     789       0.9326
     790       0.9848
     791       0.9171
     792       0.9805
     793       1.0051
     794       0.9554
     795       0.9517
     796       1.0403
     797       0.9330
     798       0.9704
     799       1.0437
     800       0.9977
     801       0.9688
     802       0.9736
     803       0.9758
     804       1.0341
     805       1.0005
     806       1.0055
     807       0.9766
     808       0.9604
     809       0.9633
     810       1.0507
     811       1.0045
     812       0.9573
     813       1.0234
     814       1.0496
     815       0.9997
     816       1.0584
     817       1.0113
     818       1.0350
     819       1.1083
     820       1.0836
     821       1.0694
     822       1.0729
     823       1.1205
     824       1.1269
     825       1.0242
     826       1.0411
     827       1.1845
     828       1.1045
     829       1.1151
     830       1.0642
     831       1.0336
     832       1.0310
     833       0.9435
     834       0.9920
     835       1.0351
     836       0.9651
     837       0.9624
     838       0.9555
     839       0.9769
     840       0.9673
     841       1.0561
     842       0.9944
     843       0.9715
     844       0.9370
     845       0.9546
     846       0.9626
     847       1.0195
     848       0.9121
     849       0.9073
     850       0.9678
     851       1.0263
     852       0.9935
     853       1.0301
     854       1.0642
     855       0.9793
     856       0.9692
     857       0.9324
     858       0.8623
     859       0.9815
     860       0.9130
     861       0.9574
     862       0.9814
     863       0.9929
     864       0.9447
     865       0.9661
     866       0.9930
     867       0.9638
     868       0.9914
     869       1.0111
     870       1.0163
     871       1.0316
     872       1.0268
     873       1.0274
     874       1.1577
     875       1.1546
     876       1.3020
     877       1.2347
     878       1.1425
     879       1.1870
     880       1.2601
     881       1.2078
     882       1.2359
     883       1.2143
     884       1.1968
     885       1.2166
     886       1.2879
     887       1.3017
     888       1.2682
     889       1.2344
     890       1.2447
     891       1.1949
     892       1.1550
     893       1.2144
     894       1.2099
     895       1.1933
     896       1.1727
     897       1.0404
     898       1.0320
     899       1.0330
     900       1.0655
     901       1.1236
     902       1.0902
     903       1.0661
     904       1.0113
     905       0.9230
     906       0.9742
     907       1.0438
     908       0.9355
     909       1.0707
     910       1.0095
     911       1.0131
     912       1.0674
     913       1.0379
     914       1.0647
     915       1.0495
     916       1.0228
     917       1.0807
     918       1.0331
     919       1.0123
     920       1.0375
     921       0.9960
     922       1.0448
     923       1.0718
     924       1.0315
     925       1.0328
     926       0.9404
     927       0.9703
     928       1.0120
     929       1.0027
     930       0.9843
     931       1.0201
     932       1.0040
     933       0.9784
     934       1.0995
     935       1.0280
     936       1.0662
     937       1.1100
     938       1.1068
     939       1.0416
     940       1.0603
     941       1.0497
     942       1.0518
     943       1.0386
     944       1.0447
     945       1.1573
     946       1.1940
     947       1.0683
     948       1.1035
     949       1.1051
     950       1.0744
     951       1.1147
     952       1.0029
     953       1.0947
     954       1.1000
     955       1.1254
     956       1.1037
     957       1.1211
     958       1.1124
     959       1.0667
     960       1.0516
     961       1.1111
     962       1.0092
     963       1.0295
     964       1.0352
     965       0.9920
     966       1.0364
     967       1.0985
     968       1.0621
     969       1.1039
     970       1.1486
     971       1.1779
     972       1.1374
     973       1.1432
     974       1.1534
     975       1.0540
     976       1.0724
     977       1.0519
     978       1.0545
     979       0.9964
     980       1.0180
     981       0.9678
     982       0.9895
     983       1.0462
     984       1.0217
     985       1.0538
     986       1.0032
     987       0.9911
     988       0.9525
     989       0.9558
     990       0.9533
     991       0.9374
     992       1.0174
     993       1.0245
     994       1.0188
     995       1.0010
     996       1.0418
     997       1.0928
     998       1.1309
     999       1.0513
    1000       1.0746
    1001       1.1140
    1002       1.0114
    1003       1.0127
    1004       1.0317
    1005       0.9998
    1006       0.9612
    1007       1.0100
    1008       1.0582
    1009       1.0620
    1010       1.0100
    1011       1.0494
    1012       1.1112
    1013       1.1203
    1014       1.1540
    1015       1.1464
    1016       1.0750
    1017       1.0652
    1018       0.9959
    1019       1.0078
    1020       0.9730
    1021       0.9956
    1022       1.0026
    1023       1.0741
    1024       1.0014
    1025       1.1065
    1026       1.1792
    1027       1.1405
    1028       1.1974
    1029       1.2158
    1030       1.2295
    1031       1.2499
    1032       1.2031
    1033       1.1492
    1034       1.0912
    1035       1.0226
    1036       1.0474
    1037       1.0418
    1038       1.1966
    1039       1.2458
    1040       1.2426
    1041       1.2777
    1042       1.2500
    1043       1.2685
    1044       1.3727
    1045       1.2842
    1046       1.2156
    1047       1.1742
    1048       1.1937
    1049       1.2631
    1050       1.2249
    1051       1.1532
    1052       1.1945
    1053       1.1744
    1054       1.2101
    1055       1.2578
    1056       1.2409
    1057       1.2271
    1058       1.2156
    1059       1.2302
    1060       1.1725
    1061       1.1136
    1062       1.1381
    1063       1.1220
    1064       1.1155
    1065       1.0528
    1066       1.0596
    1067       1.0748
    1068       1.0997
    1069       1.1103
    1070       0.9756
    1071       0.9455
    1072       0.9690
    1073       0.9895
    1074       1.0516
    1075       1.0431
    1076       0.9882
    1077       1.0540
    1078       1.1041
    1079       1.1421
    1080       1.0894
    1081       1.0789
    1082       1.2000
    1083       1.1096
    1084       1.0814
    1085       1.1704
    1086       1.1175
    1087       1.2265
    1088       1.1872
    1089       1.2142
    1090       1.2150
    1091       1.1596
    1092       1.1106
    1093       1.1769
    1094       1.1059
    1095       1.0932
    1096       1.1009
    1097       1.1094
    1098       1.0693
    1099       1.0905
    1100       1.0826
    1101       1.0992
    1102       1.1892
    1103       1.1090
    1104       1.1533
    1105       1.1190
    1106       1.1820
    1107       1.1458
    1108       1.1061
    1109       1.1687
    1110       1.2023
    1111       1.1208
    1112       1.0954
    1113       1.0556
    1114       1.0635
    1115       1.1306
    1116       1.1507
    1117       1.1206
    1118       1.0371
    1119       1.0998
    1120       1.1230
    1121       1.1283
    1122       1.1018
    1123       1.0997
    1124       1.0685
    1125       1.0821
    1126       1.0851
    1127       1.0651
    1128       1.1091
    1129       1.1201
    1130       1.1397
    1131       1.1452
    1132       1.1448
    1133       1.1080
    1134       1.1008
    1135       1.0769
    1136       1.0507
    1137       1.1293
    1138       1.1520
    1139       1.2073
    1140       1.2708
    1141       1.1719
    1142       1.1066
    1143       1.1439
    1144       1.1559
    1145       1.0677
    1146       1.0375
    1147       1.0914
    1148       1.0972
    1149       1.0743
    1150       1.1280
    1151       1.1253
    1152       1.0522
    1153       1.0924
    1154       1.1064
    1155       1.0536
    1156       1.1196
    1157       1.0486
    1158       1.0526
    1159       1.1225
    1160       1.1080
    1161       1.1224
    1162       1.1203
    1163       1.0905
    1164       1.2178
    1165       1.2386
    1166       1.1453
    1167       1.1575
    1168       1.1490
    1169       1.1346
    1170       1.0638
    1171       1.1007
    1172       1.0960
    1173       1.0879
    1174       1.0153
    1175       1.0286
    1176       1.0858
    1177       1.1478
    1178       1.0525
    1179       1.1030
    1180       1.0924
    1181       1.0521
    1182       1.1997
    1183       1.1955
    1184       1.2020
    1185       1.1417
    1186       1.1591
    1187       1.1140
    1188       1.1294
    1189       1.0889
    1190       1.1085
    1191       1.0465
    1192       1.0636
    1193       1.0722
    1194       1.1158
    1195       1.1053
    1196       1.1024
    1197       1.0696
    1198       1.0483
    1199       1.0414
    1200       1.0302
    1201       1.0279
    1202       1.1117
    1203       1.1079
    1204       1.1587
    1205       1.3197
    1206       1.1887
    1207       1.2218
    1208       1.2259
    1209       1.2329
    1210       1.1469
    1211       1.1930
    1212       1.1955
    1213       1.1763
    1214       1.1742
    1215       1.1410
    1216       1.1514
    1217       1.1117
    1218       1.1034
    1219       1.1115
    1220       1.1423
    1221       1.1807
    1222       1.0845
    1223       1.1235
    1224       1.1403
    1225       1.1009
    1226       1.1105
    1227       1.1316
    1228       1.1348
    1229       1.1184
    1230       1.1649
    1231       1.0784
    1232       1.1233
    1233       1.2091
    1234       1.1514
    1235       1.0882
    1236       1.1146
    1237       1.0772
    1238       1.1356
    1239       1.1230
    1240       1.1834
    1241       1.2231
    1242       1.2150
    1243       1.2060
    1244       1.0937
    1245       1.1020
    1246       1.0686
    1247       1.0081
    1248       1.0272
    1249       1.1540
    1250       1.0935
    1251       1.1019
    1252       1.0721
    1253       1.1038
    1254       1.0301
    1255       1.0273
    1256       1.0748
    1257       1.0578
    1258       0.9600
    1259       1.0375
    1260       1.0562
    1261       1.0110
    1262       1.0593
    1263       1.0328
    1264       1.0547
    1265       1.0313
    1266       1.0339
    1267       0.9715
    1268       1.0171
    1269       1.0370
    1270       1.0476
    1271       1.0234
    1272       0.9996
    1273       1.0438
    1274       1.0295
    1275       1.1075
    1276       1.1767
    1277       1.1785
    1278       1.0881
    1279       1.0567
    1280       1.1267
    1281       1.1569
    1282       1.2574
    1283       1.1953
    1284       1.1760
    1285       1.1805
    1286       1.1761
    1287       1.1600
    1288       1.1728
    1289       1.0729
    1290       1.1222
    1291       1.1394
    1292       1.1703
    1293       1.0926
    1294       1.1347
    1295       1.1383
    1296       1.2383
    1297       1.2236
    1298       1.1939
    1299       1.2213
    1300       1.1439
    1301       1.1296
    1302       1.0971
    1303       1.1369
    1304       1.1476
    1305       1.1753
    1306       1.1879
    1307       1.1459
    1308       1.1284
    1309       1.1465
    1310       1.1552
    1311       1.0160
    1312       1.0727
    1313       1.0638
    1314       1.0101
    1315       0.9951
    1316       1.0257
    1317       1.0125
    1318       1.0262
    1319       1.0526
    1320       0.9755
    1321       0.9739
    1322       1.0403
    1323       1.0508
    1324       1.0521
    1325       1.0499
    1326       1.0152
    1327       1.0428
    1328       1.0637
    1329       1.0116
    1330       1.0563
    1331       1.1273
    1332       1.0614
    1333       1.1181
    1334       1.0714
    1335       1.0735
    1336       1.1287
    1337       1.0831
    1338       1.0961
    1339       1.1521
    1340       1.1703
    1341       1.0729
    1342       1.1521
    1343       1.1126
    1344       1.0961
    1345       1.1132
    1346       1.1063
    1347       1.0571
    1348       1.0584
    1349       1.1032
    1350       1.0977
    1351       1.0437
    1352       1.0576
    1353       1.0751
    1354       1.0210
    1355       1.0290
    1356       1.0414
    1357       1.0437
    1358       1.0268
    1359       1.0397
    1360       1.0062
    1361       1.0343
    1362       1.0317
    1363       1.0506
    1364       1.1111
    1365       1.1263
    1366       1.0562
    1367       1.2005
    1368       1.1091
    1369       1.0750
    1370       1.0237
    1371       1.0550
    1372       1.0573
    1373       1.0060
    1374       0.9889
    1375       0.9087
    1376       0.9685
    1377       0.9924
    1378       1.0313
    1379       1.0998
    1380       1.1294
    1381       1.1207
    1382       1.0845
    1383       1.0958
    1384       1.0891
    1385       1.0742
    1386       1.1241
    1387       1.1791
    1388       1.0981
    1389       1.0557
    1390       1.1485
    1391       1.2342
    1392       1.2326
    1393       1.2988
    1394       1.2165
    1395       1.2127
    1396       1.1898
    1397       1.1842
    1398       1.1754
    1399       1.1987
    1400       1.1360
    1401       1.1748
    1402       1.2768
    1403       1.2443
    1404       1.2165
    1405       1.2086
    1406       1.1445
    1407       1.1096
    1408       1.1730
    1409       1.0909
    1410       1.1080
    1411       1.1499
    1412       1.0630
    1413       1.1233
    1414       1.1723
    1415       1.0938
    1416       1.0893
    1417       1.0942
    1418       1.0848
    1419       1.1332
    1420       1.0875
    1421       1.1182
    1422       1.1241
    1423       1.1171
    1424       1.1203
    1425       1.0825
    1426       1.0308
    1427       1.0912
    1428       1.1418
    1429       1.0593
    1430       1.0309
    1431       0.9613
    1432       0.9845
    1433       0.9652
    1434       1.0062
    1435       0.9908
    1436       0.9834
    1437       1.1098
    1438       1.1069
    1439       1.0545
    1440       1.1037
    1441       1.1392
    1442       1.1145
    1443       1.1432
    1444       1.0702
    1445       1.1133
    1446       1.0391
    1447       1.0857
    1448       1.1124
    1449       1.0928
    1450       1.0150
    1451       1.0329
    1452       1.0888
    1453       1.0302
    1454       1.0705
    1455       1.0887
    1456       1.0708
    1457       1.0441
    1458       1.0769
    1459       1.1005
    1460       1.0416
    1461       1.0675
    1462       1.0552
    1463       1.0833
    1464       1.0422
    1465       1.0796
    1466       1.1193
    1467       1.0908
    1468       1.0127
    1469       1.0546
    1470       1.0190
    1471       1.0457
    1472       1.0244
    1473       0.9920
    1474       1.0058
    1475       1.0558
    1476       1.0989
    1477       1.0710
    1478       1.0343
    1479       1.0373
    1480       1.0299
    1481       1.0156
    1482       1.0857
    1483       1.0702
    1484       1.0300
    1485       1.0071
    1486       1.0422
    1487       1.0216
    1488       1.0334
    1489       1.0334
    1490       1.0068
    1491       1.0008
    1492       0.9889
    1493       1.0275
    1494       1.0510
    1495       1.0078
    1496       1.0377
    1497       1.1193
    1498       1.1567
    1499       1.2112
    1500       1.1739
    1501       1.1273
    1502       1.1341
    1503       1.1400
    1504       1.1395
    1505       1.2074
    1506       1.1824
    1507       1.1991
    1508       1.2094
    1509       1.2287
    1510       1.2443
    1511       1.1936
    1512       1.1318
    1513       1.1443
    1514       1.1055
    1515       1.1241
    1516       1.0856
    1517       1.1434
    1518       1.0761
    1519       1.1033
    1520       1.0861
    1521       1.0431
    1522       1.0318
    1523       0.9817
    1524       1.0241
    1525       0.9811
    1526       1.0655
    1527       1.0235
    1528       1.0936
    1529       1.0911
    1530       1.1097
    1531       1.0687
    1532       1.1278
    1533       1.1395
    1534       1.2258
    1535       1.2099
    1536       1.1693
    1537       1.2026
    1538       1.1502
    1539       1.2082
    1540       1.2998
    1541       1.2050
    1542       1.2193
    1543       1.1101
    1544       1.1790
    1545       1.1388
    1546       1.2190
    1547       1.2334
    1548       1.3118
    1549       1.2608
    1550       1.2325
    1551       1.1632
    1552       1.1588
    1553       1.1904
    1554       1.1776
    1555       1.1580
    1556       1.1351
    1557       1.2403
    1558       1.2775
    1559       1.2504
    1560       1.2324
    1561       1.2122
    1562       1.2032
    1563       1.2277
    1564       1.1680
    1565       1.2295
    1566       1.2313
    1567       1.2804
    1568       1.2123
    1569       1.2258
    1570       1.2304
    1571       1.2197
    1572       1.2368
    1573       1.1623
    1574       1.1632
    1575       1.2163
    1576       1.2058
    1577       1.2760
    1578       1.1942
    1579       1.2747
    1580       1.1959
    1581       1.2216
    1582       1.2121
    1583       1.2594
    1584       1.3177
    1585       1.2774
    1586       1.2295
    1587       1.2321
    1588       1.2403
    1589       1.2110
    1590       1.2693
    1591       1.2302
    1592       1.1903
    1593       1.1747
    1594       1.1545
    1595       1.2032
    1596       1.2773
    1597       1.2089
    1598       1.1785
    1599       1.2032
    1600       1.1816
    1601       1.1993
    1602       1.2235
    1603       1.2288
    1604       1.2016
    1605       1.2256
    1606       1.1238
    1607       1.1148
    1608       1.1386
    1609       1.0729
    1610       1.1022
    1611       1.1961
    1612       1.1498
    1613       1.1356
    1614       1.1866
    1615       1.1939
    1616       1.2530
    1617       1.2568
    1618       1.2026
    1619       1.1443
    1620       1.1878
    1621       1.2487
    1622       1.2194
    1623       1.1967
    1624       1.2268
    1625       1.1960
    1626       1.1171
    1627       1.1894
    1628       1.1960
    1629       1.1973
    1630       1.1285
    1631       1.1112
    1632       1.0982
    1633       1.0941
    1634       1.1152
    1635       1.2133
    1636       1.2702
    1637       1.1897
    1638       1.1353
    1639       1.1186
    1640       1.0750
    1641       1.0609
    1642       1.1052
    1643       1.0882
    1644       1.0581
    1645       1.0850
    1646       1.0775
    1647       1.1595
    1648       1.1286
    1649       1.1934
    1650       1.2593
    1651       1.2597
    1652       1.1653
    1653       1.1055
    1654       1.0915
    1655       1.0560
    1656       1.0677
    1657       1.0717
    1658       1.0954
    1659       1.1516
    1660       1.1283
    1661       1.2137
    1662       1.1715
    1663       1.1477
    1664       1.1786
    1665       1.1778
    1666       1.2289
    1667       1.2505
    1668       1.2047
    1669       1.2663
    1670       1.2926
    1671       1.3100
    1672       1.2078
    1673       1.1864
    1674       1.2443
    1675       1.2069
    1676       1.1750
    1677       1.1662
    1678       1.1879
    1679       1.1078
    1680       1.1225
    1681       1.0603
    1682       1.0606
    1683       1.0283
    1684       1.0596
    1685       0.9947
    1686       1.0327
    1687       1.0862
    1688       1.1176
    1689       1.1104
    1690       1.1853
    1691       1.1160
    1692       1.2399
    1693       1.1465
    1694       1.1287
    1695       1.1557
    1696       1.1591
    1697       1.1246
    1698       1.0444
    1699       1.0755
    1700       1.1024
    1701       1.1031
    1702       1.0459
    1703       0.9997
    1704       1.1745
    1705       1.2505
    1706       1.3127
    1707       1.3159
    1708       1.2305
    1709       1.2539
    1710       1.2750
    1711       1.2258
    1712       1.2169
    1713       1.1220
    1714       1.1179
    1715       1.1855
    1716       1.1244
    1717       1.1971
    1718       1.1309
    1719       1.2407
    1720       1.2193
    1721       1.1738
    1722       1.1894
    1723       1.2705
    1724       1.2014
    1725       1.1372
    1726       1.1246
    1727       1.1347
    1728       1.2256
    1729       1.1857
    1730       1.1850
    1731       1.1260
    1732       1.1503
    1733       1.1241
    1734       1.0799
    1735       1.0898
    1736       1.1485
    1737       1.0486
    1738       1.0952
    1739       1.1009
    1740       1.1044
    1741       1.2085
    1742       1.1459
    1743       1.1551
    1744       1.1425
    1745       1.1136
    1746       1.1597
    1747       1.1549
    1748       1.2242
    1749       1.1738
    1750       1.2076
    1751       1.2164
    1752       1.2511
    1753       1.2534
    1754       1.2726
    1755       1.1991
    1756       1.2283
    1757       1.2698
    1758       1.1500
    1759       1.1407
    1760       1.1681
    1761       1.2353
    1762       1.1972
    1763       1.1864
    1764       1.1816
    1765       1.1956
    1766       1.2278
    1767       1.1748
    1768       1.2757
    1769       1.3021
    1770       1.3700
    1771       1.3316
    1772       1.2784
    1773       1.2304
    1774       1.2499
    1775       1.2872
    1776       1.3299
    1777       1.2232
    1778       1.1922
    1779       1.3011
    1780       1.2732
    1781       1.3302
    1782       1.3459
    1783       1.2962
    1784       1.2835
    1785       1.4226
    1786       1.4041
    1787       1.4004
    1788       1.3505
    1789       1.3015
    1790       1.2571
    1791       1.2607
    1792       1.2546
    1793       1.2360
    1794       1.2609
    1795       1.2602
    1796       1.3685
    1797       1.2801
    1798       1.4551
    1799       1.4636
    1800       1.4104
    1801       1.3773
    1802       1.3829
    1803       1.4809
    1804       1.5020
    1805       1.4955
    1806       1.4732
    1807       1.3867
    1808       1.3106
    1809       1.3396
    1810       1.3699
    1811       1.3945
    1812       1.4564
    1813       1.4442
    1814       1.4948
    1815       1.4250
    1816       1.4987
    1817       1.4312
    1818       1.4191
    1819       1.3528
    1820       1.3466
    1821       1.3605
    1822       1.4119
    1823       1.4487
    1824       1.5109
    1825       1.3792
    1826       1.3897
    1827       1.4044
    1828       1.4199
    1829       1.4046
    1830       1.3209
    1831       1.4015
    1832       1.4442
    1833       1.4710
    1834       1.3712
    1835       1.2683
    1836       1.3263
    1837       1.3543
    1838       1.5172
    1839       1.6286
    1840       1.5003
    1841       1.4635
    1842       1.4331
    1843       1.4776
    1844       1.4262
    1845       1.3931
    1846       1.3211
    1847       1.3044
    1848       1.2035
    1849       1.2118
    1850       1.1645
    1851       1.1276
    1852       1.1690
    1853       1.2060
    1854       1.1808
    1855       1.1772
    1856       1.2284
    1857       1.2596
    1858       1.2444
    1859       1.3546
    1860       1.2822
    1861       1.1574
    1862       1.1686
    1863       1.2302
    1864       1.2392
    1865       1.2311
    1866       1.2260
    1867       1.2096
    1868       1.2838
    1869       1.2977
    1870       1.2316
    1871       1.1841
    1872       1.2975
    1873       1.2789
    1874       1.2708
    1875       1.1697
    1876       1.2082
    1877       1.2513
    1878       1.2989
    1879       1.3530
    1880       1.3080
    1881       1.3658
    1882       1.3288
    1883       1.2721
    1884       1.1734
    1885       1.1948
    1886       1.2065
    1887       1.2442
    1888       1.1850
    1889       1.1963
    1890       1.1805
    1891       1.1593
    1892       1.1239
    1893       1.0746
    1894       1.1102
    1895       1.0845
    1896       1.0705
    1897       1.0840
    1898       1.0832
    1899       1.1458
    1900       1.1597
    1901       1.1512
    1902       1.1001
    1903       1.0766
    1904       1.1214
    1905       1.0714
    1906       1.0263
    1907       1.1643
    1908       1.1887
    1909       1.1119
    1910       1.2285
    1911       1.2930
    1912       1.3258
    1913       1.2655
    1914       1.2324
    1915       1.2153
    1916       1.2590
    1917       1.2404
    1918       1.2278
    1919       1.2200
    1920       1.2282
    1921       1.1869
    1922       1.1738
    1923       1.1491
    1924       1.1564
    1925       1.1750
    1926       1.3016
    1927       1.2792
    1928       1.2930
    1929       1.2995
    1930       1.4337
    1931       1.3271
    1932       1.3366
    1933       1.2886
    1934       1.2600
    1935       1.3176
    1936       1.3386
    1937       1.3506
    1938       1.4344
    1939       1.3203
    1940       1.3415
    1941       1.1783
    1942       1.1934
    1943       1.1515
    1944       1.1112
    1945       1.1547
    1946       1.0744
    1947       1.1281
    1948       1.0833
    1949       1.1050
    1950       1.1140
    1951       1.1111
    1952       1.1008
    1953       1.0399
    1954       1.0681
    1955       1.0396
    1956       1.0534
    1957       0.9883
    1958       1.0821
    1959       1.0310
    1960       1.0148
    1961       1.1592
    1962       1.1486
    1963       1.2255
    1964       1.2440
    1965       1.1842
    1966       1.1732
    1967       1.2347
    1968       1.1732
    1969       1.2428
    1970       1.3285
    1971       1.2656
    1972       1.1708
    1973       1.0827
    1974       1.1521
    1975       1.2636
    1976       1.2223
    1977       1.2169
    1978       1.1535
    1979       1.0908
    1980       1.0597
    1981       1.0076
    1982       1.0079
    1983       1.1040
    1984       1.0817
    1985       1.0249
    1986       1.0545
    1987       1.0495
    1988       1.0396
    1989       1.0285
    1990       1.0592
    1991       1.1001
    1992       1.1054
    1993       1.1082
    1994       1.0958
    1995       1.0997
    1996       1.1084
    1997       1.1270
    1998       1.1142
    1999       1.1092
    2000       1.1120
    2001       1.1329
    2002       1.0957
    2003       1.0392
    2004       1.0913
    2005       1.0501
    2006       1.0561
    2007       1.0924
    2008       1.0933
    2009       1.0717
    2010       1.1221
    2011       1.1326
    2012       1.1250
    2013       1.0876
    2014       1.1214
    2015       1.1747
    2016       1.1760
    2017       1.2064
    2018       1.2931
    2019       1.3288
    2020       1.2953
    2021       1.2442
    2022       1.2706
    2023       1.2298
    2024       1.1947
    2025       1.2508
    2026       1.1801
    2027       1.1163
    2028       1.1238
    2029       1.1714
    2030       1.1090
    2031       1.2637
    2032       1.2613
    2033       1.1721
    2034       1.1373
    2035       1.1603
    2036       1.1378
    2037       1.0928
    2038       1.1555
    2039       1.2357
    2040       1.2736
    2041       1.2062
    2042       1.1535
    2043       1.1668
    2044       1.0917
    2045       1.0607
    2046       1.0407
    2047       1.0243
    2048       1.0959
    2049       1.1578
    2050       1.0967
    2051       1.1110
    2052       1.0995
    2053       1.0467
    2054       1.1149
    2055       1.0972
    2056       1.0837
    2057       1.0386
    2058       1.0979
    2059       1.1337
    2060       1.1236
    2061       1.0469
    2062       1.0464
    2063       1.0417
    2064       1.0464
    2065       1.0048
    2066       1.0308
    2067       1.0083
    2068       1.0681
    2069       1.0771
    2070       1.1194
    2071       1.0901
    2072       1.0357
    2073       1.0746
    2074       0.9903
    2075       1.0470
    2076       1.0733
    2077       0.9711
    2078       1.0109
    2079       1.0152
    2080       1.0457
    2081       1.0564
    2082       1.0366
    2083       0.9700
    2084       1.0300
    2085       1.0079
    2086       1.0474
    2087       1.1153
    2088       1.1088
    2089       1.0581
    2090       1.0845
    2091       1.0825
    2092       1.1484
    2093       1.0647
    2094       1.0923
    2095       1.1694
    2096       1.2318
    2097       1.1894
    2098       1.2116
    2099       1.2165
    2100       1.1897
    2101       1.1718
    2102       1.1335
    2103       1.1632
    2104       1.1640
    2105       1.1901
    2106       1.1436
    2107       1.1306
    2108       1.1125
    2109       1.1294
    2110       1.1654
    2111       1.1546
    2112       1.1663
    2113       1.1552
    2114       1.1732
    2115       1.1819
    2116       1.2231
    2117       1.2121
    2118       1.2329
    2119       1.2675
    2120       1.1684
    2121       1.1878
    2122       1.2179
    2123       1.2349
    2124       1.2201
    2125       1.2353
    2126       1.2916
    2127       1.2669
    2128       1.2540
    2129       1.2245
    2130       1.1276
    2131       1.1746
    2132       1.1638
    2133       1.0678
    2134       1.0559
    2135       1.0382
    2136       1.0381
    2137       1.0559
    2138       1.0393
    2139       1.0545
    2140       1.0066
    2141       1.0708
    2142       1.0642
    2143       1.0565
    2144       1.0491
    2145       1.0683
    2146       1.0588
    2147       1.0769
    2148       1.0992
    2149       1.1876
    2150       1.1827
    2151       1.1201
    2152       1.0944
    2153       1.1025
    2154       1.2230
    2155       1.1429
    2156       1.1424
    2157       1.0839
    2158       1.0724
    2159       1.0131
    2160       1.1297
    2161       1.1531
    2162       1.0669
    2163       1.0870
    2164       1.1065
    2165       1.1497
    2166       1.1563
    2167       1.1232
    2168       1.1403
    2169       1.0994
    2170       1.1197
    2171       1.1705
    2172       1.1027
    2173       1.0942
    2174       1.1426
    2175       1.1250
    2176       1.1281
    2177       1.1394
    2178       1.1449
    2179       1.0742
    2180       1.1322
    2181       1.1024
    2182       1.0662
    2183       1.1185
    2184       1.0693
    2185       1.0398
    2186       1.1000
    2187       1.1156
    2188       1.1946
    2189       1.1801
    2190       1.0667
    2191       1.1284
    2192       1.1110
    2193       1.1279
    2194       1.1362
    2195       1.1505
    2196       1.1776
    2197       1.1457
    2198       1.1511
    2199       1.1724
    2200       1.1325
    2201       1.1734
    2202       1.1859
    2203       1.2310
    2204       1.2215
    2205       1.2014
    2206       1.1978
    2207       1.1432
    2208       1.1896
    2209       1.0763
    2210       1.1128
    2211       1.0981
    2212       1.1014
    2213       1.0589
    2214       1.0294
    2215       1.0970
    2216       1.1117
    2217       1.1887
    2218       1.1502
    2219       1.1126
    2220       1.1557
    2221       1.1401
    2222       1.1385
    2223       1.1217
    2224       1.1159
    2225       1.1039
    2226       1.1092
    2227       1.0706
    2228       1.1208
    2229       1.1105
    2230       1.0954
    2231       1.0861
    2232       1.1058
    2233       1.1150
    2234       1.0714
    2235       1.1206
    2236       1.1122
    2237       1.0260
    2238       1.0194
    2239       1.0326
    2240       1.0176
    2241       1.0148
    2242       0.9778
    2243       1.0503
    2244       1.0650
    2245       1.1050
    2246       1.1462
    2247       1.1246
    2248       1.1236
    2249       1.1284
    2250       1.0570
    2251       1.1163
    2252       1.0853
    2253       1.1323
    2254       1.1094
    2255       1.0489
    2256       1.0669
    2257       1.0223
    2258       1.0613
    2259       1.0524
    2260       1.0728
    2261       1.1033
    2262       1.1298
    2263       1.0433
    2264       1.0819
    2265       1.0081
    2266       1.0389
    2267       1.0377
    2268       1.0302
    2269       1.0036
    2270       0.9862
    2271       0.9938
    2272       0.9927
    2273       1.0563
    2274       1.0219
    2275       1.0406
    2276       1.0638
    2277       1.0405
    2278       1.0679
    2279       1.1011
    2280       1.1053
    2281       1.0781
    2282       1.0521
    2283       1.0656
    2284       1.0984
    2285       1.1266
    2286       1.1504
    2287       1.1102
    2288       1.1246
    2289       1.2132
    2290       1.1230
    2291       1.1728
    2292       1.1835
    2293       1.1764
    2294       1.1470
    2295       1.1299
    2296       1.0962
    2297       1.1519
    2298       1.1013
    2299       1.1079
    2300       1.0304
    2301       1.0858
    2302       1.1188
    2303       1.1143
    2304       1.0498
    2305       1.0800
    2306       1.0449
    2307       1.1119
    2308       1.0898
    2309       1.1471
    2310       1.1092
    2311       1.0811
    2312       1.1031
    2313       1.1579
    2314       1.0688
    2315       1.1463
    2316       1.1158
    2317       1.0915
    2318       1.0968
    2319       1.1269
    2320       1.1107
    2321       1.1531
    2322       1.1609
    2323       1.1774
    2324       1.2343
    2325       1.1422
    2326       1.1868
    2327       1.1332
    2328       1.0981
    2329       1.1427
    2330       1.1317
    2331       1.1945
    2332       1.1535
    2333       1.0990
    2334       1.0707
    2335       1.0634
    2336       1.0955
    2337       1.0931
    2338       1.0786
    2339       1.0750
    2340       1.0448
    2341       1.0795
    2342       1.0707
    2343       1.1277
    2344       1.1083
    2345       1.0892
    2346       1.1425
    2347       1.1388
    2348       1.0555
    2349       1.1720
    2350       1.0718
    2351       1.0080
    2352       1.0400
    2353       1.0467
    2354       1.0882
    2355       1.0876
    2356       1.1275
    2357       1.0938
    2358       1.0886
    2359       1.0841
    2360       1.1043
    2361       1.1403
    2362       1.1777
    2363       1.1065
    2364       1.1513
    2365       1.1927
    2366       1.1712
    2367       1.1168
    2368       1.1218
    2369       1.1150
    2370       1.0821
    2371       1.1015
    2372       1.1478
    2373       1.0824
    2374       1.1003
    2375       1.1097
    2376       1.1500
    2377       1.1233
    2378       1.1004
    2379       1.1440
    2380       1.0712
    2381       1.0143
    2382       1.0260
    2383       1.0457
    2384       1.0489
    2385       1.1175
    2386       1.0843
    2387       1.0706
    2388       1.0354
    2389       1.0378
    2390       1.0630
    2391       1.0789
    2392       1.0921
    2393       1.1029
    2394       1.0944
    2395       1.0298
    2396       1.0319
    2397       1.0063
    2398       1.0451
    2399       1.0564
    2400       1.1543
    2401       1.1293
    2402       1.0746
    2403       1.0897
    2404       1.1179
    2405       1.0533
    2406       1.0573
    2407       0.9915
    2408       1.0403
    2409       1.0570
    2410       1.0834
    2411       1.0850
    2412       1.1012
    2413       1.1120
    2414       1.0424
    2415       1.0938
    2416       1.1725
    2417       1.0947
    2418       1.1351
    2419       1.0715
    2420       1.1376
    2421       1.0504
    2422       1.0471
    2423       1.0561
    2424       1.1709
    2425       1.2085
    2426       1.1270
    2427       1.1192
    2428       1.1229
    2429       1.0380
    2430       1.0630
    2431       1.0989
    2432       1.0682
    2433       1.0549
    2434       1.0802
    2435       1.1146
    2436       1.0237
    2437       1.0409
    2438       1.0295
    2439       1.0722
    2440       1.1275
    2441       1.0953
    2442       1.0254
    2443       1.0078
    2444       1.0380
    2445       1.0767
    2446       1.0555
    2447       1.0537
    2448       1.0690
    2449       1.1233
    2450       1.0879
    2451       1.1046
    2452       1.0758
    2453       1.0585
    2454       1.0432
    2455       1.1116
    2456       1.0440
    2457       1.1087
    2458       1.0773
    2459       1.0962
    2460       1.0904
    2461       1.0206
    2462       1.1490
    2463       1.1596
    2464       1.1226
    2465       1.1366
    2466       1.0939
    2467       1.1502
    2468       1.1015
    2469       1.0601
    2470       1.0407
    2471       1.1136
    2472       1.0551
    2473       1.0989
    2474       1.0531
    2475       1.0773
    2476       1.0358
    2477       1.0684
    2478       1.1374
    2479       1.0889
    2480       1.0511
    2481       1.0665
    2482       1.1391
    2483       1.0795
    2484       1.0642
    2485       1.1082
    2486       1.0835
    2487       1.0930
    2488       1.1099
    2489       1.0532
    2490       1.1172
    2491       1.1617
    2492       1.1838
    2493       1.1899
    2494       1.0871
    2495       1.1773
    2496       1.1563
    2497       1.1462
    2498       1.1037
    2499       1.1236
    2500       1.1483
    2501       1.1657
    2502       1.1788
    2503       1.1520
    2504       1.0990
    2505       1.1105
    2506       1.1281
    2507       1.1726
    2508       1.1825
    2509       1.1416
    2510       1.1537
    2511       1.1518
    2512       1.1875
    2513       1.1032
    2514       1.1293
    2515       1.1841
    2516       1.1823
    2517       1.1535
    2518       1.1672
    2519       1.0968
    2520       1.1197
    2521       1.0853
    2522       1.1679
    2523       1.1420
    2524       1.1616
    2525       1.1419
    2526       1.1422
    2527       1.1453
    2528       1.1697
    2529       1.1468
    2530       1.1348
    2531       1.1791
    2532       1.2437
    2533       1.1239
    2534       1.1102
    2535       1.1355
    2536       1.1422
    2537       1.1051
    2538       1.1030
    2539       1.1088
    2540       1.1025
    2541       1.0904
    2542       1.1072
    2543       1.0750
    2544       1.1203
    2545       1.1028
    2546       1.1347
    2547       1.1417
    2548       1.0928
    2549       1.1443
    2550       1.1784
    2551       1.1423
    2552       1.1941
    2553       1.1995
    2554       1.1251
    2555       1.1805
    2556       1.0859
    2557       1.1177
    2558       1.1395
    2559       1.1396
    2560       1.1205
    2561       1.0951
    2562       1.1348
    2563       1.1573
    2564       1.1754
    2565       1.1942
    2566       1.1887
    2567       1.2179
    2568       1.1747
    2569       1.1272
    2570       1.0904
    2571       1.1070
    2572       1.0742
    2573       1.1330
    2574       1.1571
    2575       1.1106
    2576       1.1741
    2577       1.0988
    2578       1.0956
    2579       1.1279
    2580       1.0801
    2581       1.1220
    2582       1.1140
    2583       1.1424
    2584       1.1757
    2585       1.1777
    2586       1.1848
    2587       1.2370
    2588       1.2690
    2589       1.2551
    2590       1.1977
    2591       1.2258
    2592       1.2442
    2593       1.1911
    2594       1.2588
    2595       1.2518
    2596       1.2964
    2597       1.2981
    2598       1.2368
    2599       1.2449
    2600       1.1393
    2601       1.2175
    2602       1.1757
    2603       1.1654
    2604       1.2058
    2605       1.2283
    2606       1.1896
    2607       1.1552
    2608       1.1528
    2609       1.1740
    2610       1.1998
    2611       1.1790
    2612       1.1572
    2613       1.1193
    2614       1.1525
    2615       1.1769
    2616       1.1651
    2617       1.1634
    2618       1.1274
    2619       1.1129
    2620       1.2349
    2621       1.2160
    2622       1.1478
    2623       1.2059
    2624       1.2924
    2625       1.2082
    2626       1.2073
    2627       1.1225
    2628       1.1656
    2629       1.1634
    2630       1.1110
    2631       1.1598
    2632       1.1493
    2633       1.1795
    2634       1.1865
    2635       1.1639
    2636       1.1627
    2637       1.1623
    2638       1.2369
    2639       1.1804
    2640       1.1906
    2641       1.1710
    2642       1.2163
    2643       1.2052
    2644       1.1968
    2645       1.1084
    2646       1.1252
    2647       1.1523
    2648       1.1469
    2649       1.2554
    2650       1.2793
    2651       1.2927
    2652       1.1315
    2653       1.1882
    2654       1.2033
    2655       1.2236
    2656       1.2356
    2657       1.2347
    2658       1.2071
    2659       1.2262
    2660       1.1728
    2661       1.1374
    2662       1.1196
    2663       1.1301
    2664       1.1619
    2665       1.1771
    2666       1.2162
    2667       1.1471
    2668       1.1963
    2669       1.2482
    2670       1.1802
    2671       1.1534
    2672       1.1657
    2673       1.1615
    2674       1.1944
    2675       1.1539
    2676       1.1845
    2677       1.1841
    2678       1.1967
    2679       1.1846
    2680       1.1046
    2681       1.1494
    2682       1.1218
    2683       1.1813
    2684       1.1627
    2685       1.1944
    2686       1.1314
    2687       1.1554
    2688       1.1549
    2689       1.1713
    2690       1.1480
    2691       1.1081
    2692       1.1335
    2693       1.1600
    2694       1.1971
    2695       1.1705
    2696       1.1667
    2697       1.1785
    2698       1.1479
    2699       1.1580
    2700       1.1683
    2701       1.2004
    2702       1.0877
    2703       1.1165
    2704       1.0890
    2705       1.1392
    2706       1.1384
    2707       1.1342
    2708       1.1844
    2709       1.1596
    2710       1.2051
    2711       1.1610
    2712       1.1426
    2713       1.2000
    2714       1.1490
    2715       1.1296
    2716       1.0708
    2717       1.1230
    2718       1.0629
    2719       1.1116
    2720       1.1032
    2721       1.0689
    2722       1.1539
    2723       1.2084
    2724       1.1957
    2725       1.2071
    2726       1.2367
    2727       1.1646
    2728       1.2261
    2729       1.2203
    2730       1.1832
    2731       1.1888
    2732       1.1331
    2733       1.1641
    2734       1.1542
    2735       1.1696
    2736       1.1921
    2737       1.1434
    2738       1.1814
    2739       1.1450
    2740       1.1717
    2741       1.1927
    2742       1.2128
    2743       1.1914
    2744       1.1690
    2745       1.1618
    2746       1.1990
    2747       1.1515
    2748       1.1762
    2749       1.1727
    2750       1.1357
    2751       1.2170
    2752       1.1799
    2753       1.3032
    2754       1.2956
    2755       1.2535
    2756       1.2409
    2757       1.2295
    2758       1.1974
    2759       1.2302
    2760       1.2506
    2761       1.2552
    2762       1.2822
    2763       1.2617
    2764       1.2539
    2765       1.2266
    2766       1.2537
    2767       1.2862
    2768       1.2027
    2769       1.1799
    2770       1.1941
    2771       1.1949
    2772       1.1440
    2773       1.1635
    2774       1.2217
    2775       1.2203
    2776       1.2108
    2777       1.1972
    2778       1.1642
    2779       1.1598
    2780       1.1205
    2781       1.1542
    2782       1.1614
    2783       1.1516
    2784       1.1280
    2785       1.2241
    2786       1.2654
    2787       1.3004
    2788       1.3598
    2789       1.3325
    2790       1.2411
    2791       1.2584
    2792       1.2294
    2793       1.2498
    2794       1.2155
    2795       1.2237
    2796       1.2582
    2797       1.2356
    2798       1.1610
    2799       1.1543
    2800       1.1929
    2801       1.1946
    2802       1.1595
    2803       1.1560
    2804       1.2138
    2805       1.1421
    2806       1.2101
    2807       1.2043
    2808       1.2299
    2809       1.2291
    2810       1.2091
    2811       1.1741
    2812       1.1870
    2813       1.2085
    2814       1.1953
    2815       1.2095
    2816       1.2027
    2817       1.3080
    2818       1.3182
    2819       1.3803
    2820       1.3953
    2821       1.2186
    2822       1.2403
    2823       1.1821
    2824       1.2520
    2825       1.2521
    2826       1.2164
    2827       1.3149
    2828       1.3418
    2829       1.3001
    2830       1.2529
    2831       1.2578
    2832       1.2067
    2833       1.2439
    2834       1.3018
    2835       1.2964
    2836       1.2761
    2837       1.1971
    2838       1.1768
    2839       1.2448
    2840       1.2984
    2841       1.2553
    2842       1.3100
    2843       1.2717
    2844       1.1761
    2845       1.1335
    2846       1.1417
    2847       1.1414
    2848       1.1009
    2849       1.0952
    2850       1.1576
    2851       1.1579
    2852       1.2303
    2853       1.2824
    2854       1.2457
    2855       1.3306
    2856       1.2046
    2857       1.1877
    2858       1.1694
    2859       1.1605
    2860       1.2139
    2861       1.2483
    2862       1.2642
    2863       1.3295
    2864       1.2388
    2865       1.2851
    2866       1.2667
    2867       1.2172
    2868       1.1705
    2869       1.2223
    2870       1.2276
    2871       1.1823
    2872       1.2289
    2873       1.1866
    2874       1.1382
    2875       1.1429
    2876       1.1296
    2877       1.1188
    2878       1.0942
    2879       1.1678
    2880       1.1193
    2881       1.1236
    2882       1.1351
    2883       1.1960
    2884       1.1603
    2885       1.2055
    2886       1.2096
    2887       1.1654
    2888       1.2420
    2889       1.1976
    2890       1.2023
    2891       1.1815
    2892       1.1952
    2893       1.2106
    2894       1.1952
    2895       1.2307
    2896       1.1865
    2897       1.1139
    2898       1.1505
    2899       1.1447
    2900       1.2091
    2901       1.2234
    2902       1.1779
    2903       1.2557
    2904       1.3251
    2905       1.2641
    2906       1.3047
    2907       1.1315
    2908       1.1472
    2909       1.2304
    2910       1.2211
    2911       1.3744
    2912       1.2244
    2913       1.3105
    2914       1.2570
    2915       1.2201
    2916       1.2382
    2917       1.1498
    2918       1.2464
    2919       1.2057
    2920       1.3409
    2921       1.2512
    2922       1.2942
    2923       1.3051
    2924       1.1687
    2925       1.2817
    2926       1.2287
    2927       1.2359
    2928       1.2927
    2929       1.2129
    2930       1.2096
    2931       1.2224
    2932       1.2632
    2933       1.2415
    2934       1.2644
    2935       1.2417
    2936       1.2193
    2937       1.1691
    2938       1.2104
    2939       1.1730
    2940       1.1996
    2941       1.2615
    2942       1.2454
    2943       1.2129
    2944       1.1991
    2945       1.1899
    2946       1.2238
    2947       1.2230
    2948       1.3359
    2949       1.2542
    2950       1.2398
    2951       1.2141
    2952       1.2020
    2953       1.1873
    2954       1.2052
    2955       1.2185
    2956       1.2179
    2957       1.1216
    2958       1.1410
    2959       1.1204
    2960       1.1091
    2961       1.1590
    2962       1.1574
    2963       1.1552
    2964       1.1576
    2965       1.1743
    2966       1.1748
    2967       1.1998
    2968       1.1513
    2969       1.1619
    2970       1.1780
    2971       1.2138
    2972       1.2445
    2973       1.2313
    2974       1.2717
    2975       1.2921
    2976       1.2310
    2977       1.2446
    2978       1.3017
    2979       1.2294
    2980       1.1907
    2981       1.2883
    2982       1.2334
    2983       1.2534
    2984       1.2083
    2985       1.2352
    2986       1.2083
    2987       1.2132
    2988       1.1855
    2989       1.2197
    2990       1.2094
    2991       1.1874
    2992       1.1714
    2993       1.2763
    2994       1.1827
    2995       1.2272
    2996       1.1949
    2997       1.1977
    2998       1.1994
    2999       1.2004
    3000       1.2175
    3001       1.2273
    3002       1.2271
    3003       1.2303
    3004       1.1888
    3005       1.2362
    3006       1.2832
    3007       1.1900
    3008       1.1807
    3009       1.2455
    3010       1.2758
    3011       1.2372
    3012       1.1897
    3013       1.1958
    3014       1.1534
    3015       1.1357
    3016       1.1410
    3017       1.1986
    3018       1.1907
    3019       1.1322
    3020       1.1294
    3021       1.1361
    3022       1.1642
    3023       1.1335
    3024       1.1808
    3025       1.1576
    3026       1.1949
    3027       1.1790
    3028       1.1631
    3029       1.1959
    3030       1.2054
    3031       1.1544
    3032       1.1786
    3033       1.2006
    3034       1.2127
    3035       1.1857
    3036       1.1739
    3037       1.1312
    3038       1.2080
    3039       1.2049
    3040       1.1915
    3041       1.1736
    3042       1.1409
    3043       1.1614
    3044       1.1778
    3045       1.2036
    3046       1.1645
    3047       1.2265
    3048       1.1741
    3049       1.2216
    3050       1.1894
    3051       1.2564
    3052       1.2300
    3053       1.2744
    3054       1.1875
    3055       1.1691
    3056       1.1445
    3057       1.1808
    3058       1.1988
    3059       1.1801
    3060       1.1352
    3061       1.1708
    3062       1.1090
    3063       1.1181
    3064       1.1268
    3065       1.0892
    3066       1.0745
    3067       1.1483
    3068       1.1964
    3069       1.2316
    3070       1.2188
    3071       1.1280
    3072       1.1962
    3073       1.2355
    3074       1.1922
    3075       1.2321
    3076       1.1733
    3077       1.0815
    3078       1.0986
    3079       1.1090
    3080       1.2206
    3081       1.1988
    3082       1.1423
    3083       1.1465
    3084       1.1581
    3085       1.1703
    3086       1.1308
    3087       1.1642
    3088       1.1194
    3089       1.1477
    3090       1.1468
    3091       1.1895
    3092       1.1330
    3093       1.1119
    3094       1.0949
    3095       1.1652
    3096       1.1481
    3097       1.0825
    3098       1.1261
    3099       1.0979
    3100       1.1334
    3101       1.1948
    3102       1.1732
    3103       1.2197
    3104       1.1507
    3105       1.0747
    3106       1.1168
    3107       1.0631
    3108       1.0913
    3109       1.1595
    3110       1.1645
    3111       1.1587
    3112       1.1484
    3113       1.2386
    3114       1.2784
    3115       1.3093
    3116       1.3478
    3117       1.3157
    3118       1.2542
    3119       1.2467
    3120       1.2276
    3121       1.2799
    3122       1.2222
    3123       1.2224
    3124       1.1880
    3125       1.2259
