#Frame     RMSD_00001
       1       0.0000
       2       0.6378
       3       0.6928
       4       0.7667
       5       0.7578
       6       0.7239
       7       0.7507
       8       0.8457
       9       0.8398
      10       0.7934
      11       0.7586
      12       0.8117
      13       0.7848
      14       0.8249
      15       0.8448
      16       0.8478
      17       0.8072
      18       0.8170
      19       0.7747
      20       0.7572
      21       0.7611
      22       0.8023
      23       0.7453
      24       0.7954
      25       0.8998
      26       0.8251
      27       0.8312
      28       0.9205
      29       0.8881
      30       0.8531
      31       0.8637
      32       0.8709
      33       0.8025
      34       0.8163
      35       0.8687
      36       0.8030
      37       0.8649
      38       0.8196
      39       0.8092
      40       0.7556
      41       0.8258
      42       0.8222
      43       0.8612
      44       0.8826
      45       0.9416
      46       0.9414
      47       0.8588
      48       0.8755
      49       0.8114
      50       0.8249
      51       0.8273
      52       0.8367
      53       0.9765
      54       0.9611
      55       0.9997
      56       0.9312
      57       0.8938
      58       0.8467
      59       0.8549
      60       0.8577
      61       0.8589
      62       0.8945
      63       0.9138
      64       0.8823
      65       0.8967
      66       0.9001
      67       0.8739
      68       0.8364
      69       0.8031
      70       0.8322
      71       0.7816
      72       0.8466
      73       0.8287
      74       0.8623
      75       0.7818
      76       0.8704
      77       0.8470
      78       0.9213
      79       0.8515
      80       0.8951
      81       0.9838
      82       0.9847
      83       0.9765
      84       0.9374
      85       0.9265
      86       0.9107
      87       0.9153
      88       0.9087
      89       0.9279
      90       0.8935
      91       0.9095
      92       0.9590
      93       0.9808
      94       1.0072
      95       0.9256
      96       0.9555
      97       0.8335
      98       0.8815
      99       0.8935
     100       0.8522
     101       0.8949
     102       0.9660
     103       1.0011
     104       0.9391
     105       0.8860
     106       0.8940
     107       0.9541
     108       0.9046
     109       0.9301
     110       0.9139
     111       0.8765
     112       0.8724
     113       0.9190
     114       1.0030
     115       0.9855
     116       1.0055
     117       0.9803
     118       0.8961
     119       0.9510
     120       0.9190
     121       0.9332
     122       0.9519
     123       0.9109
     124       0.9333
     125       0.9148
     126       0.8740
     127       0.9414
     128       0.9270
     129       0.8707
     130       0.9246
     131       0.8883
     132       0.9223
     133       0.9244
     134       0.9205
     135       0.9522
     136       0.9450
     137       0.9226
     138       0.9508
     139       1.0142
     140       0.9055
     141       0.9402
     142       0.9658
     143       0.9131
     144       0.8752
     145       0.9182
     146       0.9072
     147       0.8990
     148       0.9252
     149       0.9079
     150       0.8143
     151       0.8928
     152       0.8252
     153       0.8054
     154       0.8525
     155       0.8900
     156       0.8765
     157       0.8738
     158       0.8824
     159       0.8899
     160       0.9069
     161       0.9218
     162       0.9453
     163       0.9451
     164       0.9568
     165       1.0016
     166       0.9432
     167       0.8752
     168       0.8723
     169       0.8668
     170       0.9386
     171       0.8743
     172       0.8497
     173       0.8667
     174       0.8988
     175       0.9654
     176       0.9441
     177       0.9353
     178       0.9142
     179       0.9485
     180       0.9667
     181       0.9566
     182       0.9818
     183       0.9290
     184       0.9171
     185       0.9681
     186       0.9400
     187       0.9900
     188       0.9459
     189       0.9982
     190       0.9698
     191       0.9695
     192       0.9617
     193       0.9805
     194       0.9800
     195       0.9472
     196       0.8999
     197       0.9715
     198       0.9391
     199       0.9266
     200       0.9277
     201       0.8977
     202       0.8983
     203       1.0340
     204       0.9858
     205       0.9352
     206       0.9842
     207       0.9578
     208       0.9525
     209       0.9762
     210       0.9781
     211       0.9612
     212       0.9660
     213       0.9665
     214       1.0133
     215       0.9435
     216       0.9114
     217       0.9419
     218       0.9574
     219       0.9270
     220       1.0104
     221       0.9648
     222       0.9523
     223       0.9990
     224       1.0388
     225       1.0013
     226       0.9718
     227       1.0233
     228       0.9589
     229       0.8974
     230       0.9134
     231       0.9363
     232       0.9466
     233       0.9287
     234       0.9325
     235       0.9361
     236       0.9014
     237       0.9312
     238       0.9824
     239       1.0247
     240       0.9433
     241       0.9573
     242       0.9024
     243       0.9564
     244       0.8966
     245       0.9475
     246       0.9735
     247       0.9398
     248       0.9611
     249       0.9628
     250       1.0533
     251       0.9870
     252       0.9965
     253       0.9766
     254       0.9691
     255       1.0506
     256       1.1557
     257       1.1359
     258       1.1291
     259       1.0649
     260       1.0509
     261       0.9991
     262       0.9497
     263       0.9330
     264       0.9487
     265       0.9678
     266       0.9877
     267       0.9269
     268       0.9261
     269       0.9560
     270       0.9169
     271       0.9589
     272       0.9331
     273       0.9613
     274       0.9249
     275       0.9862
     276       0.9589
     277       0.9774
     278       1.0273
     279       0.9738
     280       0.9840
     281       0.9194
     282       0.9481
     283       0.9952
     284       1.0114
     285       1.0027
     286       0.9987
     287       0.9612
     288       0.9653
     289       0.9411
     290       0.9352
     291       0.8784
     292       0.9159
     293       0.9850
     294       1.0157
     295       0.9966
     296       0.9475
     297       0.9296
     298       0.9548
     299       0.8976
     300       0.8788
     301       0.9294
     302       0.9133
     303       0.9096
     304       0.9356
     305       0.9421
     306       0.9446
     307       0.9305
     308       0.8635
     309       0.9125
     310       0.8745
     311       0.9021
     312       0.9260
     313       0.9921
     314       1.0081
     315       1.0646
     316       1.0042
     317       0.9957
     318       0.9586
     319       0.9594
     320       0.9933
     321       1.0270
     322       0.9747
     323       1.0011
     324       1.0010
     325       0.9527
     326       0.9336
     327       0.9389
     328       0.9820
     329       0.9760
     330       0.9764
     331       0.9882
     332       1.0615
     333       1.1128
     334       1.0051
     335       1.0548
     336       1.1060
     337       1.0103
     338       1.0341
     339       0.9664
     340       1.0533
     341       0.9765
     342       0.9044
     343       0.9411
     344       0.9301
     345       0.9516
     346       1.0007
     347       1.0154
     348       0.9654
     349       0.9413
     350       0.9881
     351       0.9809
     352       1.0108
     353       1.0181
     354       0.9965
     355       0.9613
     356       0.9215
     357       0.9092
     358       0.8929
     359       0.9387
     360       0.9795
     361       0.9871
     362       0.9391
     363       1.0389
     364       1.1147
     365       1.1102
     366       1.0776
     367       1.0336
     368       1.0112
     369       1.0161
     370       0.9990
     371       1.0337
     372       0.9365
     373       0.9418
     374       0.9893
     375       1.0021
     376       0.9097
     377       0.9068
     378       0.9169
     379       0.9783
     380       0.9409
     381       1.0108
     382       0.9782
     383       0.8978
     384       0.8957
     385       0.9287
     386       0.9742
     387       0.9339
     388       0.8538
     389       0.9172
     390       0.9053
     391       0.8644
     392       0.8989
     393       0.9114
     394       0.9171
     395       0.9584
     396       0.9713
     397       0.9119
     398       0.8886
     399       0.8880
     400       0.9610
     401       0.9629
     402       0.9602
     403       1.0210
     404       1.0244
     405       0.9665
     406       1.0177
     407       0.9896
     408       0.9652
     409       1.0408
     410       1.0835
     411       1.0666
     412       1.0953
     413       1.0608
     414       1.1368
     415       1.1158
     416       1.1042
     417       1.1257
     418       1.1097
     419       1.0492
     420       1.0280
     421       1.0498
     422       1.0204
     423       1.0042
     424       0.9442
     425       1.0408
     426       1.0135
     427       1.0609
     428       1.0056
     429       1.0051
     430       0.9920
     431       0.9994
     432       1.0051
     433       1.0419
     434       1.0714
     435       1.0269
     436       1.1453
     437       1.1176
     438       1.0713
     439       1.1361
     440       1.0990
     441       1.0950
     442       1.0666
     443       1.0548
     444       1.0636
     445       1.0941
     446       1.0437
     447       1.0696
     448       1.0334
     449       1.0245
     450       1.0597
     451       1.0390
     452       1.0793
     453       1.0916
     454       1.0598
     455       0.9965
     456       1.0018
     457       1.0110
     458       1.0447
     459       1.0767
     460       1.0572
     461       1.0459
     462       1.0319
     463       0.9970
     464       1.0238
     465       1.0254
     466       1.0069
     467       1.0490
     468       1.0324
     469       1.0232
     470       1.0380
     471       1.0809
     472       1.0609
     473       1.0797
     474       1.1372
     475       1.0603
     476       1.0962
     477       1.2433
     478       1.1005
     479       1.1658
     480       1.1336
     481       1.0600
     482       1.0680
     483       1.0904
     484       1.0885
     485       1.0491
     486       1.0520
     487       1.0278
     488       1.0824
     489       1.0748
     490       1.0787
     491       0.9822
     492       1.0328
     493       0.9645
     494       0.9867
     495       1.0741
     496       1.0535
     497       1.0740
     498       0.9949
     499       1.0971
     500       1.0929
     501       1.0740
     502       1.1083
     503       1.0964
     504       1.1276
     505       1.0561
     506       1.0454
     507       1.0342
     508       1.0306
     509       0.9840
     510       1.0408
     511       1.0316
     512       1.0639
     513       1.0121
     514       1.0236
     515       0.9998
     516       0.9747
     517       1.0587
     518       1.1216
     519       1.1554
     520       1.1172
     521       1.0250
     522       1.0147
     523       1.0600
     524       1.0686
     525       1.0659
     526       1.0395
     527       1.0579
     528       1.1767
     529       1.1249
     530       1.1658
     531       1.1499
     532       1.1468
     533       1.0833
     534       1.0653
     535       1.1039
     536       1.0226
     537       1.0091
     538       1.0305
     539       1.0727
     540       1.1271
     541       1.0503
     542       1.1233
     543       1.0960
     544       1.0512
     545       1.0307
     546       1.0300
     547       1.0824
     548       1.0603
     549       1.0323
     550       1.0554
     551       1.1216
     552       1.1083
     553       1.1278
     554       1.0817
     555       1.0870
     556       1.1831
     557       1.0603
     558       1.0509
     559       1.0737
     560       1.0458
     561       0.9858
     562       1.0248
     563       1.0526
     564       1.0614
     565       1.0566
     566       1.0852
     567       1.1364
     568       1.1404
     569       1.1392
     570       1.1334
     571       1.0740
     572       1.1193
     573       1.1497
     574       1.1359
     575       1.1267
     576       1.1409
     577       1.1238
     578       1.1742
     579       1.1864
     580       1.1854
     581       1.1910
     582       1.1504
     583       1.1469
     584       1.2516
     585       1.1798
     586       1.1906
     587       1.1918
     588       1.1920
     589       1.1377
     590       1.1429
     591       1.2149
     592       1.2672
     593       1.2314
     594       1.2092
     595       1.2609
     596       1.2073
     597       1.2007
     598       1.2235
     599       1.2441
     600       1.2242
     601       1.1980
     602       1.1830
     603       1.1339
     604       1.1187
     605       1.2335
     606       1.1633
     607       1.1968
     608       1.1449
     609       1.1918
     610       1.1898
     611       1.1988
     612       1.2261
     613       1.1699
     614       1.1647
     615       1.2437
     616       1.2441
     617       1.2922
     618       1.2975
     619       1.2488
     620       1.2335
     621       1.3486
     622       1.2915
     623       1.2220
     624       1.2663
     625       1.2905
     626       1.2173
     627       1.2980
     628       1.2511
     629       1.2881
     630       1.2106
     631       1.1666
     632       1.2088
     633       1.2286
     634       1.1386
     635       1.1334
     636       1.1531
     637       1.2443
     638       1.2555
     639       1.2304
     640       1.2188
     641       1.1895
     642       1.1822
     643       1.1720
     644       1.1673
     645       1.2240
     646       1.2139
     647       1.0644
     648       1.1814
     649       1.2009
     650       1.2046
     651       1.2187
     652       1.1943
     653       1.1596
     654       1.1191
     655       1.1150
     656       1.1539
     657       1.1466
     658       1.1372
     659       1.0749
     660       1.1722
     661       1.0899
     662       1.0851
     663       1.1046
     664       1.0997
     665       1.0925
     666       1.1106
     667       1.1113
     668       1.1342
     669       1.1290
     670       1.1397
     671       1.1013
     672       1.0680
     673       1.0722
     674       1.1213
     675       1.2028
     676       1.1550
     677       1.1712
     678       1.1916
     679       1.1384
     680       1.1175
     681       1.0759
     682       1.0175
     683       1.0701
     684       1.1414
     685       1.1464
     686       1.0905
     687       1.0802
     688       1.1235
     689       1.2197
     690       1.2518
     691       1.1884
     692       1.1410
     693       1.1838
     694       1.1609
     695       1.1131
     696       1.0546
     697       1.1389
     698       1.1676
     699       1.1565
     700       1.1658
     701       1.1180
     702       1.0655
     703       1.1435
     704       1.1240
     705       1.0584
     706       1.0863
     707       1.0402
     708       1.1188
     709       1.0909
     710       1.1807
     711       1.2338
     712       1.1274
     713       1.2096
     714       1.1462
     715       1.2519
     716       1.2071
     717       1.1950
     718       1.1693
     719       1.1094
     720       1.1085
     721       1.1671
     722       1.1628
     723       1.1883
     724       1.1360
     725       1.1773
     726       1.0943
     727       1.1361
     728       1.1237
     729       1.1734
     730       1.2009
     731       1.2100
     732       1.1719
     733       1.1149
     734       1.1598
     735       1.1880
     736       1.1029
     737       1.0423
     738       1.0436
     739       1.0274
     740       1.0560
     741       1.1504
     742       1.0963
     743       1.1487
     744       1.1750
     745       1.1335
     746       1.0753
     747       1.1536
     748       1.1411
     749       1.2074
     750       1.2294
     751       1.2858
     752       1.2881
     753       1.3406
     754       1.1965
     755       1.2508
     756       1.2964
     757       1.2136
     758       1.2153
     759       1.2826
     760       1.2311
     761       1.2195
     762       1.1929
     763       1.1437
     764       1.1484
     765       1.1258
     766       1.1292
     767       1.1170
     768       1.2008
     769       1.2540
     770       1.2406
     771       1.2935
     772       1.3155
     773       1.2506
     774       1.2597
     775       1.2705
     776       1.2422
     777       1.2276
     778       1.2215
     779       1.1873
     780       1.2021
     781       1.2669
     782       1.3157
     783       1.2107
     784       1.2254
     785       1.2481
     786       1.2250
     787       1.2278
     788       1.1949
     789       1.1925
     790       1.2389
     791       1.0926
     792       1.1331
     793       1.2119
     794       1.1567
     795       1.1791
     796       1.1806
     797       1.1479
     798       1.1699
     799       1.2424
     800       1.1850
     801       1.2149
     802       1.2595
     803       1.2441
     804       1.2102
     805       1.1863
     806       1.1446
     807       1.1106
     808       1.0774
     809       1.1673
     810       1.1767
     811       1.1572
     812       1.2230
     813       1.1892
     814       1.1257
     815       1.1640
     816       1.1390
     817       1.1750
     818       1.2129
     819       1.2508
     820       1.2569
     821       1.2732
     822       1.2627
     823       1.2537
     824       1.1986
     825       1.1928
     826       1.1904
     827       1.1713
     828       1.2386
     829       1.2780
     830       1.2103
     831       1.1751
     832       1.3112
     833       1.2753
     834       1.2537
     835       1.3400
     836       1.3803
     837       1.3647
     838       1.2949
     839       1.2747
     840       1.2653
     841       1.3708
     842       1.2353
     843       1.2690
     844       1.2496
     845       1.2861
     846       1.3136
     847       1.3041
     848       1.3029
     849       1.3040
     850       1.3270
     851       1.3619
     852       1.3090
     853       1.2959
     854       1.2563
     855       1.2169
     856       1.2705
     857       1.3050
     858       1.3197
     859       1.2954
     860       1.2535
     861       1.2988
     862       1.3341
     863       1.2960
     864       1.1894
     865       1.1855
     866       1.1514
     867       1.1440
     868       1.1971
     869       1.1280
     870       1.1425
     871       1.1652
     872       1.2000
     873       1.2145
     874       1.2471
     875       1.2590
     876       1.3049
     877       1.3263
     878       1.2749
     879       1.2925
     880       1.2698
     881       1.2552
     882       1.2632
     883       1.2695
     884       1.3430
     885       1.2674
     886       1.2715
     887       1.2043
     888       1.2062
     889       1.2137
     890       1.1716
     891       1.1836
     892       1.1976
     893       1.2912
     894       1.2764
     895       1.2362
     896       1.2391
     897       1.1918
     898       1.1511
     899       1.2226
     900       1.2297
     901       1.2390
     902       1.1835
     903       1.1689
     904       1.2293
     905       1.2050
     906       1.2035
     907       1.1223
     908       1.1856
     909       1.2374
     910       1.2355
     911       1.1458
     912       1.2229
     913       1.2377
     914       1.2201
     915       1.2304
     916       1.1670
     917       1.2363
     918       1.1497
     919       1.1741
     920       1.2390
     921       1.2186
     922       1.1847
     923       1.2164
     924       1.2055
     925       1.2605
     926       1.1916
     927       1.1924
     928       1.2379
     929       1.2584
     930       1.2011
     931       1.1245
     932       1.1811
     933       1.2090
     934       1.2001
     935       1.2668
     936       1.2114
     937       1.2109
     938       1.1723
     939       1.1774
     940       1.1338
     941       1.1298
     942       1.1716
     943       1.1721
     944       1.1501
     945       1.1791
     946       1.2528
     947       1.2395
     948       1.3021
     949       1.1691
     950       1.1895
     951       1.1615
     952       1.2188
     953       1.1954
     954       1.2401
     955       1.2819
     956       1.2613
     957       1.2937
     958       1.2197
     959       1.1732
     960       1.1840
     961       1.2666
     962       1.2655
     963       1.2142
     964       1.1850
     965       1.1786
     966       1.1782
     967       1.1822
     968       1.1936
     969       1.1582
     970       1.2366
     971       1.1923
     972       1.1628
     973       1.1485
     974       1.1722
     975       1.1545
     976       1.1672
     977       1.1776
     978       1.1702
     979       1.1337
     980       1.1352
     981       1.2011
     982       1.1731
     983       1.1743
     984       1.1990
     985       1.2222
     986       1.1770
     987       1.2180
     988       1.1724
     989       1.1738
     990       1.0859
     991       1.1565
     992       1.1542
     993       1.1692
     994       1.1903
     995       1.2500
     996       1.1924
     997       1.2321
     998       1.2150
     999       1.1533
    1000       1.1772
    1001       1.1590
    1002       1.1668
    1003       1.1099
    1004       1.1366
    1005       1.1350
    1006       1.2130
    1007       1.1693
    1008       1.2424
    1009       1.2337
    1010       1.2916
    1011       1.2661
    1012       1.3294
    1013       1.2553
    1014       1.2664
    1015       1.2016
    1016       1.1771
    1017       1.2401
    1018       1.2162
    1019       1.2036
    1020       1.2086
    1021       1.1918
    1022       1.2422
    1023       1.2185
    1024       1.2593
    1025       1.1867
    1026       1.2780
    1027       1.2986
    1028       1.2416
    1029       1.2475
    1030       1.2609
    1031       1.3114
    1032       1.2978
    1033       1.3171
    1034       1.2202
    1035       1.2492
    1036       1.2846
    1037       1.3446
    1038       1.2872
    1039       1.3322
    1040       1.3233
    1041       1.2764
    1042       1.2163
    1043       1.2797
    1044       1.3107
    1045       1.2589
    1046       1.2905
    1047       1.1681
    1048       1.1625
    1049       1.2504
    1050       1.2696
    1051       1.2194
    1052       1.2281
    1053       1.2770
    1054       1.1961
    1055       1.1725
    1056       1.1804
    1057       1.1836
    1058       1.1408
    1059       1.2161
    1060       1.1742
    1061       1.2161
    1062       1.2382
    1063       1.1984
    1064       1.1543
    1065       1.1925
    1066       1.1737
    1067       1.1359
    1068       1.1751
    1069       1.1056
    1070       1.1433
    1071       1.1095
    1072       1.1836
    1073       1.1638
    1074       1.2001
    1075       1.2127
    1076       1.1837
    1077       1.1971
    1078       1.2454
    1079       1.1652
    1080       1.1478
    1081       1.1877
    1082       1.1832
    1083       1.1476
    1084       1.2123
    1085       1.2229
    1086       1.1968
    1087       1.1595
    1088       1.2178
    1089       1.1925
    1090       1.1373
    1091       1.1587
    1092       1.1617
    1093       1.1513
    1094       1.1690
    1095       1.1431
    1096       1.1958
    1097       1.1817
    1098       1.1581
    1099       1.1448
    1100       1.1595
    1101       1.1627
    1102       1.1936
    1103       1.2578
    1104       1.1799
    1105       1.1872
    1106       1.1629
    1107       1.1493
    1108       1.1548
    1109       1.1931
    1110       1.1617
    1111       1.2035
    1112       1.1557
    1113       1.1849
    1114       1.1898
    1115       1.1622
    1116       1.1072
    1117       1.2243
    1118       1.1461
    1119       1.1744
    1120       1.1700
    1121       1.1712
    1122       1.1871
    1123       1.1556
    1124       1.1992
    1125       1.1825
    1126       1.1292
    1127       1.1998
    1128       1.1349
    1129       1.1187
    1130       1.2023
    1131       1.1920
    1132       1.1747
    1133       1.1928
    1134       1.1917
    1135       1.2584
    1136       1.2324
    1137       1.2326
    1138       1.2263
    1139       1.2170
    1140       1.2407
    1141       1.2300
    1142       1.2133
    1143       1.2300
    1144       1.1943
    1145       1.1879
    1146       1.1776
    1147       1.2745
    1148       1.2483
    1149       1.3148
    1150       1.2234
    1151       1.2697
    1152       1.1744
    1153       1.1851
    1154       1.2254
    1155       1.2417
    1156       1.1736
    1157       1.1853
    1158       1.1491
    1159       1.1703
    1160       1.2194
    1161       1.2646
    1162       1.1670
    1163       1.1842
    1164       1.2724
    1165       1.2160
    1166       1.1787
    1167       1.2293
    1168       1.1657
    1169       1.1689
    1170       1.1602
    1171       1.1928
    1172       1.1483
    1173       1.1772
    1174       1.1334
    1175       1.1609
    1176       1.2015
    1177       1.2660
    1178       1.2565
    1179       1.2038
    1180       1.1850
    1181       1.1916
    1182       1.1761
    1183       1.1277
    1184       1.1428
    1185       1.1797
    1186       1.1370
    1187       1.1804
    1188       1.1629
    1189       1.1503
    1190       1.2228
    1191       1.2979
    1192       1.2361
    1193       1.1845
    1194       1.1709
    1195       1.1413
    1196       1.1524
    1197       1.1611
    1198       1.1726
    1199       1.1577
    1200       1.0925
    1201       1.1409
    1202       1.1386
    1203       1.1320
    1204       1.1552
    1205       1.1711
    1206       1.1651
    1207       1.1022
    1208       1.0800
    1209       1.0956
    1210       1.0720
    1211       1.1105
    1212       1.1215
    1213       1.1588
    1214       1.2420
    1215       1.2077
    1216       1.2249
    1217       1.2541
    1218       1.2150
    1219       1.2064
    1220       1.1974
    1221       1.1872
    1222       1.2809
    1223       1.2489
    1224       1.2469
    1225       1.2746
    1226       1.3397
    1227       1.2799
    1228       1.2109
    1229       1.2154
    1230       1.1990
    1231       1.2019
    1232       1.2240
    1233       1.2673
    1234       1.2292
    1235       1.2664
    1236       1.2267
    1237       1.2248
    1238       1.1922
    1239       1.2726
    1240       1.2263
    1241       1.3122
    1242       1.2515
    1243       1.1995
    1244       1.1876
    1245       1.2057
    1246       1.1723
    1247       1.1751
    1248       1.2620
    1249       1.2154
    1250       1.2383
    1251       1.2970
    1252       1.2894
    1253       1.2857
    1254       1.2726
    1255       1.2451
    1256       1.2070
    1257       1.2341
    1258       1.2410
    1259       1.2659
    1260       1.2596
    1261       1.1871
    1262       1.1918
    1263       1.1648
    1264       1.1379
    1265       1.1527
    1266       1.2054
    1267       1.1911
    1268       1.2844
    1269       1.2441
    1270       1.2286
    1271       1.2419
    1272       1.2478
    1273       1.2572
    1274       1.2151
    1275       1.2686
    1276       1.2869
    1277       1.3305
    1278       1.2739
    1279       1.2985
    1280       1.3588
    1281       1.3247
    1282       1.2943
    1283       1.2250
    1284       1.2899
    1285       1.2781
    1286       1.2203
    1287       1.2602
    1288       1.2475
    1289       1.2220
    1290       1.1922
    1291       1.2255
    1292       1.2239
    1293       1.2987
    1294       1.2303
    1295       1.1590
    1296       1.1719
    1297       1.2048
    1298       1.1594
    1299       1.1989
    1300       1.2280
    1301       1.2355
    1302       1.2420
    1303       1.3340
    1304       1.2910
    1305       1.2543
    1306       1.3176
    1307       1.2874
    1308       1.2333
    1309       1.2115
    1310       1.2370
    1311       1.1311
    1312       1.2085
    1313       1.1487
    1314       1.2513
    1315       1.2147
    1316       1.2222
    1317       1.3403
    1318       1.2429
    1319       1.2422
    1320       1.2533
    1321       1.2221
    1322       1.2439
    1323       1.1828
    1324       1.1598
    1325       1.1668
    1326       1.1599
    1327       1.1834
    1328       1.1985
    1329       1.1675
    1330       1.2007
    1331       1.1887
    1332       1.2455
    1333       1.1869
    1334       1.1620
    1335       1.1324
    1336       1.1821
    1337       1.1757
    1338       1.1852
    1339       1.2571
    1340       1.2518
    1341       1.2895
    1342       1.2505
    1343       1.2301
    1344       1.1939
    1345       1.2058
    1346       1.1801
    1347       1.2406
    1348       1.1729
    1349       1.1900
    1350       1.2256
    1351       1.1927
    1352       1.2145
    1353       1.2620
    1354       1.3074
    1355       1.2595
    1356       1.2021
    1357       1.2095
    1358       1.2302
    1359       1.2337
    1360       1.2095
    1361       1.1993
    1362       1.2104
    1363       1.1504
    1364       1.1785
    1365       1.1622
    1366       1.2091
    1367       1.1293
    1368       1.0929
    1369       1.0976
    1370       1.1565
    1371       1.1650
    1372       1.1919
    1373       1.2349
    1374       1.2358
    1375       1.2087
    1376       1.1646
    1377       1.2329
    1378       1.2525
    1379       1.1864
    1380       1.1564
    1381       1.1550
    1382       1.2376
    1383       1.2262
    1384       1.3013
    1385       1.1897
    1386       1.1885
    1387       1.2427
    1388       1.2312
    1389       1.2014
    1390       1.1779
    1391       1.2142
    1392       1.2140
    1393       1.2128
    1394       1.2502
    1395       1.3334
    1396       1.2811
    1397       1.3059
    1398       1.2795
    1399       1.2644
    1400       1.3315
    1401       1.3333
    1402       1.2215
    1403       1.3521
    1404       1.3346
    1405       1.3104
    1406       1.3617
    1407       1.3664
    1408       1.3750
    1409       1.3240
    1410       1.3413
    1411       1.2674
    1412       1.2443
    1413       1.2451
    1414       1.2379
    1415       1.2130
    1416       1.1852
    1417       1.1768
    1418       1.1916
    1419       1.1818
    1420       1.1627
    1421       1.1231
    1422       1.1351
    1423       1.2443
    1424       1.1756
    1425       1.1964
    1426       1.0993
    1427       1.1104
    1428       1.0752
    1429       1.1376
    1430       1.0537
    1431       1.0920
    1432       1.1350
    1433       1.1227
    1434       1.1130
    1435       1.2140
    1436       1.2112
    1437       1.2491
    1438       1.1924
    1439       1.1619
    1440       1.1639
    1441       1.2353
    1442       1.2010
    1443       1.1995
    1444       1.1902
    1445       1.2552
    1446       1.2755
    1447       1.2158
    1448       1.2786
    1449       1.2428
    1450       1.2534
    1451       1.3635
    1452       1.3598
    1453       1.1919
    1454       1.2614
    1455       1.2917
    1456       1.1314
    1457       1.1187
    1458       1.2475
    1459       1.1420
    1460       1.1592
    1461       1.1688
    1462       1.1776
    1463       1.2719
    1464       1.2204
    1465       1.1219
    1466       1.1676
    1467       1.1403
    1468       1.1740
    1469       1.1734
    1470       1.1214
    1471       1.1496
    1472       1.2039
    1473       1.1853
    1474       1.2047
    1475       1.2439
    1476       1.2662
    1477       1.3137
    1478       1.3500
    1479       1.3014
    1480       1.3829
    1481       1.3406
    1482       1.2897
    1483       1.2501
    1484       1.2061
    1485       1.2656
    1486       1.3588
    1487       1.3415
    1488       1.2427
    1489       1.2480
    1490       1.2630
    1491       1.1966
    1492       1.1123
    1493       1.1502
    1494       1.1575
    1495       1.2086
    1496       1.2642
    1497       1.2224
    1498       1.1963
    1499       1.2395
    1500       1.2395
    1501       1.2522
    1502       1.2847
    1503       1.2120
    1504       1.2695
    1505       1.1648
    1506       1.2654
    1507       1.2306
    1508       1.3132
    1509       1.1883
    1510       1.1650
    1511       1.1886
    1512       1.1805
    1513       1.2108
    1514       1.1961
    1515       1.1949
    1516       1.1758
    1517       1.2253
    1518       1.1985
    1519       1.1364
    1520       1.1176
    1521       1.0649
    1522       1.0842
    1523       1.1428
    1524       1.2375
    1525       1.2450
    1526       1.1338
    1527       1.1589
    1528       1.1880
    1529       1.2237
    1530       1.0992
    1531       1.1346
    1532       1.1190
    1533       1.1036
    1534       1.1592
    1535       1.1330
    1536       1.1356
    1537       1.1516
    1538       1.1107
    1539       1.1015
    1540       1.1370
    1541       1.1292
    1542       1.1536
    1543       1.0963
    1544       1.0860
    1545       1.0858
    1546       1.0979
    1547       1.0976
    1548       1.0726
    1549       1.1937
    1550       1.1844
    1551       1.1673
    1552       1.2399
    1553       1.1650
    1554       1.2228
    1555       1.2438
    1556       1.3355
    1557       1.2838
    1558       1.2336
    1559       1.3095
    1560       1.2385
    1561       1.2865
    1562       1.3232
    1563       1.2871
    1564       1.2983
    1565       1.3046
    1566       1.2822
    1567       1.2954
    1568       1.2716
    1569       1.2661
    1570       1.2347
    1571       1.2122
    1572       1.2648
    1573       1.2167
    1574       1.2746
    1575       1.2529
    1576       1.2122
    1577       1.2497
    1578       1.3043
    1579       1.2706
    1580       1.2793
    1581       1.3338
    1582       1.3267
    1583       1.3603
    1584       1.3164
    1585       1.3897
    1586       1.3534
    1587       1.3454
    1588       1.2907
    1589       1.2318
    1590       1.3019
    1591       1.3596
    1592       1.3006
    1593       1.2766
    1594       1.1811
    1595       1.2422
    1596       1.2497
    1597       1.3141
    1598       1.3251
    1599       1.2949
    1600       1.2881
    1601       1.2621
    1602       1.2563
    1603       1.3248
    1604       1.2962
    1605       1.2170
    1606       1.3239
    1607       1.3248
    1608       1.3058
    1609       1.2505
    1610       1.2189
    1611       1.2259
    1612       1.2778
    1613       1.2206
    1614       1.2651
    1615       1.2292
    1616       1.2600
    1617       1.3099
    1618       1.2315
    1619       1.2711
    1620       1.2351
    1621       1.2430
    1622       1.2200
    1623       1.2406
    1624       1.2214
    1625       1.3583
    1626       1.3576
    1627       1.3307
    1628       1.3069
    1629       1.3247
    1630       1.3690
    1631       1.3376
    1632       1.3218
    1633       1.3064
    1634       1.3326
    1635       1.3723
    1636       1.3087
    1637       1.2647
    1638       1.2313
    1639       1.2134
    1640       1.2849
    1641       1.3017
    1642       1.2471
    1643       1.3033
    1644       1.3729
    1645       1.3619
    1646       1.3710
    1647       1.3936
    1648       1.4648
    1649       1.3962
    1650       1.3860
    1651       1.4132
    1652       1.4566
    1653       1.4011
    1654       1.3268
    1655       1.3317
    1656       1.3293
    1657       1.3589
    1658       1.2576
    1659       1.2765
    1660       1.3337
    1661       1.3491
    1662       1.3101
    1663       1.3109
    1664       1.2748
    1665       1.2550
    1666       1.2992
    1667       1.3182
    1668       1.2243
    1669       1.3109
    1670       1.3110
    1671       1.3059
    1672       1.3769
    1673       1.3397
    1674       1.3311
    1675       1.4015
    1676       1.3835
    1677       1.3610
    1678       1.4042
    1679       1.3095
    1680       1.3602
    1681       1.3056
    1682       1.2630
    1683       1.3046
    1684       1.3195
    1685       1.3038
    1686       1.3183
    1687       1.2816
    1688       1.2296
    1689       1.3102
    1690       1.2853
    1691       1.2361
    1692       1.1744
    1693       1.1782
    1694       1.1949
    1695       1.1591
    1696       1.1855
    1697       1.1490
    1698       1.1519
    1699       1.1246
    1700       1.1815
    1701       1.1809
    1702       1.1702
    1703       1.1411
    1704       1.2182
    1705       1.1503
    1706       1.2304
    1707       1.2263
    1708       1.1815
    1709       1.2217
    1710       1.2194
    1711       1.2188
    1712       1.2105
    1713       1.2005
    1714       1.2316
    1715       1.1989
    1716       1.2043
    1717       1.1776
    1718       1.1428
    1719       1.2123
    1720       1.2102
    1721       1.2749
    1722       1.2503
    1723       1.2907
    1724       1.2944
    1725       1.2310
    1726       1.2193
    1727       1.2737
    1728       1.1956
    1729       1.1835
    1730       1.2283
    1731       1.2167
    1732       1.1973
    1733       1.1912
    1734       1.2280
    1735       1.2526
    1736       1.2309
    1737       1.2100
    1738       1.1824
    1739       1.2535
    1740       1.2331
    1741       1.2451
    1742       1.2578
    1743       1.2574
    1744       1.2705
    1745       1.2543
    1746       1.3010
    1747       1.3086
    1748       1.2656
    1749       1.2984
    1750       1.3291
    1751       1.2483
    1752       1.2628
    1753       1.3177
    1754       1.3243
    1755       1.3599
    1756       1.3585
    1757       1.2930
    1758       1.2761
    1759       1.3295
    1760       1.3086
    1761       1.3079
    1762       1.2277
    1763       1.2450
    1764       1.2612
    1765       1.2705
    1766       1.2430
    1767       1.2026
    1768       1.2608
    1769       1.2707
    1770       1.3030
    1771       1.2682
    1772       1.2316
    1773       1.2991
    1774       1.2698
    1775       1.3116
    1776       1.2372
    1777       1.2565
    1778       1.2733
    1779       1.2505
    1780       1.2591
    1781       1.2785
    1782       1.2532
    1783       1.3155
    1784       1.2774
    1785       1.2565
    1786       1.2463
    1787       1.2498
    1788       1.2587
    1789       1.2425
    1790       1.2566
    1791       1.2292
    1792       1.3136
    1793       1.2445
    1794       1.2682
    1795       1.2892
    1796       1.3213
    1797       1.3557
    1798       1.3760
    1799       1.3792
    1800       1.3338
    1801       1.3683
    1802       1.3665
    1803       1.2890
    1804       1.2602
    1805       1.3105
    1806       1.2875
    1807       1.3615
    1808       1.3025
    1809       1.3226
    1810       1.3256
    1811       1.2951
    1812       1.2919
    1813       1.2282
    1814       1.3070
    1815       1.2660
    1816       1.3429
    1817       1.3650
    1818       1.3014
    1819       1.3522
    1820       1.3523
    1821       1.3783
    1822       1.3715
    1823       1.3135
    1824       1.2773
    1825       1.3104
    1826       1.4715
    1827       1.4496
    1828       1.3422
    1829       1.4015
    1830       1.3369
    1831       1.3353
    1832       1.2914
    1833       1.3000
    1834       1.2806
    1835       1.3638
    1836       1.3699
    1837       1.3196
    1838       1.2961
    1839       1.2620
    1840       1.3148
    1841       1.2879
    1842       1.3468
    1843       1.3376
    1844       1.3329
    1845       1.3406
    1846       1.3168
    1847       1.3078
    1848       1.2543
    1849       1.3201
    1850       1.3026
    1851       1.2426
    1852       1.2281
    1853       1.2343
    1854       1.1822
    1855       1.2136
    1856       1.2540
    1857       1.3002
    1858       1.2661
    1859       1.3225
    1860       1.2523
    1861       1.2764
    1862       1.2426
    1863       1.2584
    1864       1.3123
    1865       1.2847
    1866       1.3321
    1867       1.3405
    1868       1.2635
    1869       1.2240
    1870       1.2785
    1871       1.2941
    1872       1.2698
    1873       1.2588
    1874       1.2319
    1875       1.3255
    1876       1.3137
    1877       1.3211
    1878       1.3717
    1879       1.2759
    1880       1.3016
    1881       1.2983
    1882       1.2370
    1883       1.3012
    1884       1.2371
    1885       1.2992
    1886       1.2700
    1887       1.2330
    1888       1.2354
    1889       1.2473
    1890       1.2371
    1891       1.2617
    1892       1.2687
    1893       1.2318
    1894       1.2214
    1895       1.2882
    1896       1.3153
    1897       1.3132
    1898       1.3071
    1899       1.3110
    1900       1.3054
    1901       1.2931
    1902       1.2904
    1903       1.3652
    1904       1.3151
    1905       1.2734
    1906       1.3306
    1907       1.4104
    1908       1.3919
    1909       1.3891
    1910       1.3675
    1911       1.4658
    1912       1.3972
    1913       1.3578
    1914       1.3813
    1915       1.3258
    1916       1.3897
    1917       1.3641
    1918       1.3231
    1919       1.3433
    1920       1.4136
    1921       1.3361
    1922       1.2436
    1923       1.3192
    1924       1.2449
    1925       1.3052
    1926       1.3607
    1927       1.3238
    1928       1.2459
    1929       1.2599
    1930       1.2337
    1931       1.3091
    1932       1.3297
    1933       1.3443
    1934       1.3661
    1935       1.3128
    1936       1.3702
    1937       1.5117
    1938       1.4147
    1939       1.4612
    1940       1.5440
    1941       1.4892
    1942       1.4723
    1943       1.3977
    1944       1.3854
    1945       1.3544
    1946       1.3537
    1947       1.3569
    1948       1.3307
    1949       1.4714
    1950       1.3597
    1951       1.3756
    1952       1.3151
    1953       1.3838
    1954       1.4019
    1955       1.4731
    1956       1.4539
    1957       1.3972
    1958       1.4317
    1959       1.4464
    1960       1.3343
    1961       1.3902
    1962       1.3475
    1963       1.3070
    1964       1.3537
    1965       1.3236
    1966       1.3371
    1967       1.2983
    1968       1.2972
    1969       1.3089
    1970       1.3052
    1971       1.3150
    1972       1.2773
    1973       1.2226
    1974       1.2282
    1975       1.2630
    1976       1.2891
    1977       1.3094
    1978       1.3369
    1979       1.3178
    1980       1.3541
    1981       1.3758
    1982       1.3307
    1983       1.3759
    1984       1.4351
    1985       1.4396
    1986       1.3214
    1987       1.2786
    1988       1.3325
    1989       1.3604
    1990       1.2798
    1991       1.2615
    1992       1.3626
    1993       1.3721
    1994       1.3603
    1995       1.3939
    1996       1.4723
    1997       1.4770
    1998       1.3724
    1999       1.3886
    2000       1.3566
    2001       1.3027
    2002       1.3395
    2003       1.3033
    2004       1.2885
    2005       1.3723
    2006       1.3190
    2007       1.3618
    2008       1.3489
    2009       1.3384
    2010       1.4068
    2011       1.2912
    2012       1.3231
    2013       1.2699
    2014       1.2861
    2015       1.2545
    2016       1.1913
    2017       1.1652
    2018       1.1919
    2019       1.2376
    2020       1.1989
    2021       1.2169
    2022       1.2299
    2023       1.2622
    2024       1.2763
    2025       1.2754
    2026       1.3041
    2027       1.2707
    2028       1.2493
    2029       1.2734
    2030       1.3058
    2031       1.2851
    2032       1.2815
    2033       1.3215
    2034       1.3202
    2035       1.3194
    2036       1.3132
    2037       1.2613
    2038       1.2912
    2039       1.1974
    2040       1.2036
    2041       1.2782
    2042       1.2614
    2043       1.2867
    2044       1.2961
    2045       1.3473
    2046       1.2762
    2047       1.2191
    2048       1.2485
    2049       1.3004
    2050       1.2945
    2051       1.3577
    2052       1.3657
    2053       1.3479
    2054       1.4930
    2055       1.4845
    2056       1.4255
    2057       1.4130
    2058       1.3760
    2059       1.3299
    2060       1.3319
    2061       1.3219
    2062       1.3933
    2063       1.3252
    2064       1.3533
    2065       1.3130
    2066       1.3458
    2067       1.3512
    2068       1.3283
    2069       1.3393
    2070       1.3568
    2071       1.3779
    2072       1.4130
    2073       1.4006
    2074       1.3212
    2075       1.3492
    2076       1.3325
    2077       1.3386
    2078       1.4051
    2079       1.3550
    2080       1.3338
    2081       1.3157
    2082       1.3424
    2083       1.4042
    2084       1.3946
    2085       1.4147
    2086       1.3627
    2087       1.3322
    2088       1.3386
    2089       1.2542
    2090       1.2826
    2091       1.2354
    2092       1.2109
    2093       1.2966
    2094       1.2329
    2095       1.2606
    2096       1.2171
    2097       1.2743
    2098       1.2436
    2099       1.3092
    2100       1.2907
    2101       1.2594
    2102       1.3129
    2103       1.3154
    2104       1.2530
    2105       1.3019
    2106       1.2526
    2107       1.2703
    2108       1.2908
    2109       1.2646
    2110       1.2944
    2111       1.2587
    2112       1.2464
    2113       1.2907
    2114       1.2358
    2115       1.1859
    2116       1.2262
    2117       1.1935
    2118       1.1905
    2119       1.1741
    2120       1.2012
    2121       1.2167
    2122       1.2448
    2123       1.3599
    2124       1.3442
    2125       1.2765
    2126       1.2375
    2127       1.1926
    2128       1.2485
    2129       1.3226
    2130       1.2980
    2131       1.2466
    2132       1.2740
    2133       1.3402
    2134       1.3030
    2135       1.3054
    2136       1.3228
    2137       1.2855
    2138       1.2889
    2139       1.2637
    2140       1.2167
    2141       1.2916
    2142       1.3420
    2143       1.3741
    2144       1.4790
    2145       1.3706
    2146       1.2980
    2147       1.2911
    2148       1.2782
    2149       1.2718
    2150       1.2696
    2151       1.2938
    2152       1.2432
    2153       1.2865
    2154       1.3185
    2155       1.3857
    2156       1.3226
    2157       1.3894
    2158       1.4192
    2159       1.4426
    2160       1.4614
    2161       1.4308
    2162       1.3379
    2163       1.3148
    2164       1.3074
    2165       1.3289
    2166       1.3790
    2167       1.3815
    2168       1.3175
    2169       1.3241
    2170       1.3417
    2171       1.3326
    2172       1.3655
    2173       1.3015
    2174       1.3724
    2175       1.3589
    2176       1.4163
    2177       1.4090
    2178       1.4217
    2179       1.2999
    2180       1.3905
    2181       1.4067
    2182       1.5026
    2183       1.4857
    2184       1.3636
    2185       1.4860
    2186       1.3517
    2187       1.2832
    2188       1.2828
    2189       1.2678
    2190       1.2596
    2191       1.1729
    2192       1.1875
    2193       1.1814
    2194       1.1704
    2195       1.1553
    2196       1.1683
    2197       1.1425
    2198       1.1503
    2199       1.1301
    2200       1.0985
    2201       1.1529
    2202       1.1594
    2203       1.1579
    2204       1.1923
    2205       1.2411
    2206       1.2659
    2207       1.2102
    2208       1.2559
    2209       1.2182
    2210       1.2344
    2211       1.1873
    2212       1.1575
    2213       1.1923
    2214       1.1416
    2215       1.1615
    2216       1.1459
    2217       1.1560
    2218       1.1391
    2219       1.0914
    2220       1.1582
    2221       1.0426
    2222       1.0944
    2223       1.1827
    2224       1.1908
    2225       1.1362
    2226       1.1073
    2227       1.0641
    2228       1.0908
    2229       1.0506
    2230       1.0998
    2231       1.1121
    2232       1.0705
    2233       1.0830
    2234       1.1261
    2235       1.1512
    2236       1.1575
    2237       1.1838
    2238       1.1148
    2239       1.1378
    2240       1.1590
    2241       1.1512
    2242       1.1601
    2243       1.1556
    2244       1.1986
    2245       1.2093
    2246       1.1219
    2247       1.1329
    2248       1.2137
    2249       1.1536
    2250       1.1668
    2251       1.1916
    2252       1.1655
    2253       1.1798
    2254       1.1363
    2255       1.1393
    2256       1.1277
    2257       1.1073
    2258       1.1309
    2259       1.0729
    2260       1.1101
    2261       1.0535
    2262       1.1258
    2263       1.2026
    2264       1.2017
    2265       1.2033
    2266       1.1657
    2267       1.2260
    2268       1.2395
    2269       1.2349
    2270       1.2106
    2271       1.1589
    2272       1.1246
    2273       1.1451
    2274       1.1950
    2275       1.1490
    2276       1.1462
    2277       1.1649
    2278       1.1227
    2279       1.1616
    2280       1.2123
    2281       1.1925
    2282       1.1942
    2283       1.1527
    2284       1.1686
    2285       1.2177
    2286       1.2028
    2287       1.2206
    2288       1.2587
    2289       1.2812
    2290       1.1918
    2291       1.2437
    2292       1.1911
    2293       1.1774
    2294       1.1989
    2295       1.2058
    2296       1.2472
    2297       1.2606
    2298       1.2150
    2299       1.1938
    2300       1.1817
    2301       1.2653
    2302       1.1919
    2303       1.2023
    2304       1.2701
    2305       1.1926
    2306       1.1808
    2307       1.3172
    2308       1.2473
    2309       1.3229
    2310       1.2602
    2311       1.3531
    2312       1.2930
    2313       1.3148
    2314       1.2610
    2315       1.2106
    2316       1.2338
    2317       1.2221
    2318       1.2215
    2319       1.2554
    2320       1.1860
    2321       1.2928
    2322       1.2811
    2323       1.2801
    2324       1.2203
    2325       1.3200
    2326       1.3608
    2327       1.3468
    2328       1.3448
    2329       1.3294
    2330       1.3656
    2331       1.2995
    2332       1.4126
    2333       1.3315
    2334       1.2981
    2335       1.3790
    2336       1.3707
    2337       1.3730
    2338       1.2814
    2339       1.3461
    2340       1.2991
    2341       1.3134
    2342       1.2478
    2343       1.3101
    2344       1.2943
    2345       1.3658
    2346       1.3865
    2347       1.3375
    2348       1.2845
    2349       1.3192
    2350       1.2479
    2351       1.2857
    2352       1.3544
    2353       1.2831
    2354       1.2301
    2355       1.2071
    2356       1.2265
    2357       1.2872
    2358       1.2737
    2359       1.3227
    2360       1.3372
    2361       1.2690
    2362       1.3615
    2363       1.2964
    2364       1.3184
    2365       1.3937
    2366       1.3109
    2367       1.2981
    2368       1.2926
    2369       1.3254
    2370       1.2743
    2371       1.3407
    2372       1.3411
    2373       1.3255
    2374       1.3223
    2375       1.3012
    2376       1.3200
    2377       1.2690
    2378       1.2496
    2379       1.3190
    2380       1.2920
    2381       1.2861
    2382       1.3009
    2383       1.2931
    2384       1.3030
    2385       1.2437
    2386       1.2885
    2387       1.2085
    2388       1.2088
    2389       1.1971
    2390       1.2639
    2391       1.2355
    2392       1.1999
    2393       1.3004
    2394       1.3626
    2395       1.3445
    2396       1.3068
    2397       1.3172
    2398       1.3139
    2399       1.3952
    2400       1.4802
    2401       1.4075
    2402       1.3570
    2403       1.3505
    2404       1.2776
    2405       1.2835
    2406       1.3058
    2407       1.3442
    2408       1.2886
    2409       1.3224
    2410       1.3793
    2411       1.3799
    2412       1.3647
    2413       1.3787
    2414       1.3272
    2415       1.3303
    2416       1.3394
    2417       1.3741
    2418       1.3030
    2419       1.3102
    2420       1.2609
    2421       1.2653
    2422       1.3286
    2423       1.3635
    2424       1.3647
    2425       1.3934
    2426       1.4102
    2427       1.4338
    2428       1.3850
    2429       1.5037
    2430       1.4603
    2431       1.4932
    2432       1.5412
    2433       1.4922
    2434       1.4040
    2435       1.4136
    2436       1.4134
    2437       1.3027
    2438       1.3677
    2439       1.3630
    2440       1.3048
    2441       1.2774
    2442       1.2815
    2443       1.2510
    2444       1.2361
    2445       1.2635
    2446       1.2421
    2447       1.2371
    2448       1.2794
    2449       1.3063
    2450       1.3182
    2451       1.3051
    2452       1.2962
    2453       1.3696
    2454       1.3003
    2455       1.3517
    2456       1.3591
    2457       1.3412
    2458       1.2848
    2459       1.2972
    2460       1.3022
    2461       1.2875
    2462       1.2891
    2463       1.3159
    2464       1.2744
    2465       1.3482
    2466       1.2821
    2467       1.3061
    2468       1.3427
    2469       1.3317
    2470       1.3572
    2471       1.3712
    2472       1.4213
    2473       1.4718
    2474       1.4244
    2475       1.3925
    2476       1.4274
    2477       1.4679
    2478       1.4060
    2479       1.3153
    2480       1.3885
    2481       1.4224
    2482       1.3577
    2483       1.3444
    2484       1.3246
    2485       1.3141
    2486       1.3104
    2487       1.3444
    2488       1.2668
    2489       1.2912
    2490       1.3052
    2491       1.2311
    2492       1.2608
    2493       1.3032
    2494       1.2997
    2495       1.3142
    2496       1.2235
    2497       1.3042
    2498       1.3161
    2499       1.2631
    2500       1.3177
    2501       1.3965
    2502       1.3890
    2503       1.4032
    2504       1.4341
    2505       1.3654
    2506       1.4169
    2507       1.3355
    2508       1.3687
    2509       1.3910
    2510       1.4114
    2511       1.3228
    2512       1.3196
    2513       1.3110
    2514       1.2403
    2515       1.1773
    2516       1.2726
    2517       1.2581
    2518       1.2363
    2519       1.2682
    2520       1.2027
    2521       1.2279
    2522       1.2035
    2523       1.1943
    2524       1.1577
    2525       1.1632
    2526       1.3086
    2527       1.2708
    2528       1.2607
    2529       1.2214
    2530       1.2906
    2531       1.2006
    2532       1.1925
    2533       1.2833
    2534       1.2416
    2535       1.1654
    2536       1.2232
    2537       1.2502
    2538       1.3047
    2539       1.2520
    2540       1.2483
    2541       1.3212
    2542       1.3090
    2543       1.3072
    2544       1.2527
    2545       1.2041
    2546       1.1913
    2547       1.1388
    2548       1.1831
    2549       1.2467
    2550       1.2568
    2551       1.2169
    2552       1.1950
    2553       1.1741
    2554       1.1867
    2555       1.1115
    2556       1.1919
    2557       1.1746
    2558       1.1409
    2559       1.1442
    2560       1.0664
    2561       1.0916
    2562       1.1451
    2563       1.1441
    2564       1.1402
    2565       1.2200
    2566       1.2212
    2567       1.1738
    2568       1.1607
    2569       1.1596
    2570       1.1333
    2571       1.1636
    2572       1.1850
    2573       1.1681
    2574       1.1948
    2575       1.1948
    2576       1.1594
    2577       1.1745
    2578       1.1815
    2579       1.1989
    2580       1.1978
    2581       1.1565
    2582       1.1397
    2583       1.1629
    2584       1.1964
    2585       1.1440
    2586       1.1206
    2587       1.1075
    2588       1.1356
    2589       1.1995
    2590       1.1386
    2591       1.1442
    2592       1.2292
    2593       1.2355
    2594       1.3176
    2595       1.3240
    2596       1.2976
    2597       1.2926
    2598       1.3013
    2599       1.3071
    2600       1.3312
    2601       1.2932
    2602       1.2842
    2603       1.2932
    2604       1.3210
    2605       1.3091
    2606       1.2697
    2607       1.2780
    2608       1.2492
    2609       1.2342
    2610       1.2826
    2611       1.2657
    2612       1.3169
    2613       1.3459
    2614       1.2998
    2615       1.1941
    2616       1.2159
    2617       1.2093
    2618       1.2945
    2619       1.3043
    2620       1.3199
    2621       1.4018
    2622       1.4248
    2623       1.4077
    2624       1.3988
    2625       1.4284
    2626       1.3576
    2627       1.4226
    2628       1.3968
    2629       1.4100
    2630       1.3271
    2631       1.2885
    2632       1.2885
    2633       1.3435
    2634       1.2693
    2635       1.2802
    2636       1.2468
    2637       1.2091
    2638       1.2696
    2639       1.3494
    2640       1.3927
    2641       1.3804
    2642       1.4354
    2643       1.3609
    2644       1.3163
    2645       1.3053
    2646       1.3069
    2647       1.2101
    2648       1.1814
    2649       1.1731
    2650       1.1962
    2651       1.2155
    2652       1.2832
    2653       1.2245
    2654       1.2537
    2655       1.2445
    2656       1.1976
    2657       1.1822
    2658       1.2442
    2659       1.2188
    2660       1.2143
    2661       1.2079
    2662       1.2275
    2663       1.2377
    2664       1.1648
    2665       1.2001
    2666       1.1755
    2667       1.1610
    2668       1.1619
    2669       1.1747
    2670       1.2678
    2671       1.2052
    2672       1.1707
    2673       1.2168
    2674       1.2648
    2675       1.2701
    2676       1.2288
    2677       1.1965
    2678       1.2302
    2679       1.2427
    2680       1.2075
    2681       1.2252
    2682       1.2534
    2683       1.3167
    2684       1.3235
    2685       1.3931
    2686       1.3268
    2687       1.2994
    2688       1.2758
    2689       1.2099
    2690       1.2226
    2691       1.2775
    2692       1.2725
    2693       1.2908
    2694       1.3674
    2695       1.3772
    2696       1.3514
    2697       1.3595
    2698       1.3804
    2699       1.4372
    2700       1.3617
    2701       1.3575
    2702       1.3334
    2703       1.3251
    2704       1.3779
    2705       1.3873
    2706       1.4643
    2707       1.4219
    2708       1.4309
    2709       1.5281
    2710       1.4402
    2711       1.4314
    2712       1.4271
    2713       1.3651
    2714       1.2899
    2715       1.2835
    2716       1.3987
    2717       1.3314
    2718       1.3550
    2719       1.3445
    2720       1.2914
    2721       1.3580
    2722       1.3542
    2723       1.3098
    2724       1.2753
    2725       1.3094
    2726       1.3240
    2727       1.2556
    2728       1.2915
    2729       1.3523
    2730       1.3618
    2731       1.2694
    2732       1.2174
    2733       1.2278
    2734       1.2781
    2735       1.2705
    2736       1.2998
    2737       1.3251
    2738       1.2927
    2739       1.2702
    2740       1.1954
    2741       1.1925
    2742       1.1831
    2743       1.2141
    2744       1.2505
    2745       1.1872
    2746       1.2371
    2747       1.2386
    2748       1.2644
    2749       1.3072
    2750       1.2404
    2751       1.1956
    2752       1.2649
    2753       1.1960
    2754       1.2083
    2755       1.2153
    2756       1.1899
    2757       1.2049
    2758       1.2266
    2759       1.3321
    2760       1.3618
    2761       1.3061
    2762       1.3278
    2763       1.3624
    2764       1.3446
    2765       1.2472
    2766       1.2406
    2767       1.3042
    2768       1.2918
    2769       1.2803
    2770       1.2496
    2771       1.2374
    2772       1.2071
    2773       1.2397
    2774       1.1929
    2775       1.2226
    2776       1.1601
    2777       1.2062
    2778       1.2552
    2779       1.2501
    2780       1.3663
    2781       1.3931
    2782       1.3042
    2783       1.3270
    2784       1.3119
    2785       1.2723
    2786       1.3457
    2787       1.3587
    2788       1.3074
    2789       1.2907
    2790       1.2494
    2791       1.2639
    2792       1.3054
    2793       1.3329
    2794       1.3289
    2795       1.2739
    2796       1.2846
    2797       1.2528
    2798       1.2871
    2799       1.2498
    2800       1.2555
    2801       1.2984
    2802       1.3481
    2803       1.3702
    2804       1.3319
    2805       1.3588
    2806       1.4309
    2807       1.3607
    2808       1.3827
    2809       1.3008
    2810       1.2568
    2811       1.2845
    2812       1.2922
    2813       1.2496
    2814       1.2314
    2815       1.2315
    2816       1.2888
    2817       1.2935
    2818       1.2459
    2819       1.2799
    2820       1.2206
    2821       1.3137
    2822       1.3236
    2823       1.3797
    2824       1.3316
    2825       1.2840
    2826       1.3244
    2827       1.3415
    2828       1.2696
    2829       1.2959
    2830       1.3163
    2831       1.3571
    2832       1.2699
    2833       1.3024
    2834       1.2857
    2835       1.2437
    2836       1.2548
    2837       1.2803
    2838       1.2668
    2839       1.4143
    2840       1.3364
    2841       1.3482
    2842       1.3109
    2843       1.3360
    2844       1.3645
    2845       1.3524
    2846       1.3251
    2847       1.3346
    2848       1.3880
    2849       1.3850
    2850       1.3181
    2851       1.3496
    2852       1.3036
    2853       1.2856
    2854       1.3008
    2855       1.2826
    2856       1.2787
    2857       1.4210
    2858       1.4587
    2859       1.4880
    2860       1.4436
    2861       1.4047
    2862       1.3813
    2863       1.4210
    2864       1.4111
    2865       1.4388
    2866       1.4559
    2867       1.3688
    2868       1.4159
    2869       1.3168
    2870       1.3148
    2871       1.3293
    2872       1.2607
    2873       1.3029
    2874       1.2599
    2875       1.2581
    2876       1.2821
    2877       1.2481
    2878       1.2843
    2879       1.2874
    2880       1.2919
    2881       1.2517
    2882       1.2692
    2883       1.2909
    2884       1.2703
    2885       1.2563
    2886       1.3339
    2887       1.2784
    2888       1.3180
    2889       1.4077
    2890       1.3319
    2891       1.3065
    2892       1.2566
    2893       1.2489
    2894       1.2775
    2895       1.2454
    2896       1.2303
    2897       1.3061
    2898       1.2430
    2899       1.2662
    2900       1.2898
    2901       1.3207
    2902       1.2795
    2903       1.2765
    2904       1.2714
    2905       1.3274
    2906       1.3168
    2907       1.2978
    2908       1.2538
    2909       1.3094
    2910       1.2936
    2911       1.3010
    2912       1.2580
    2913       1.2935
    2914       1.2774
    2915       1.2453
    2916       1.2582
    2917       1.2467
    2918       1.2947
    2919       1.3291
    2920       1.3913
    2921       1.3772
    2922       1.3373
    2923       1.3340
    2924       1.3412
    2925       1.3687
    2926       1.3438
    2927       1.3708
    2928       1.2905
    2929       1.2665
    2930       1.3488
    2931       1.3524
    2932       1.3330
    2933       1.2949
    2934       1.4085
    2935       1.3271
    2936       1.2503
    2937       1.3340
    2938       1.3703
    2939       1.3880
    2940       1.3790
    2941       1.4265
    2942       1.3921
    2943       1.3702
    2944       1.3499
    2945       1.3170
    2946       1.2504
    2947       1.3000
    2948       1.2725
    2949       1.3551
    2950       1.4173
    2951       1.3750
    2952       1.3442
    2953       1.4249
    2954       1.4544
    2955       1.4982
    2956       1.4522
    2957       1.4175
    2958       1.3354
    2959       1.3506
    2960       1.3740
    2961       1.3077
    2962       1.3687
    2963       1.4140
    2964       1.3584
    2965       1.3602
    2966       1.2984
    2967       1.3399
    2968       1.4063
    2969       1.3986
    2970       1.3190
    2971       1.3318
    2972       1.3198
    2973       1.3806
    2974       1.3503
    2975       1.3498
    2976       1.4148
    2977       1.3519
    2978       1.3890
    2979       1.3740
    2980       1.3535
    2981       1.3494
    2982       1.4548
    2983       1.3455
    2984       1.3280
    2985       1.3127
    2986       1.2599
    2987       1.2666
    2988       1.2405
    2989       1.2986
    2990       1.3015
    2991       1.2963
    2992       1.2438
    2993       1.2403
    2994       1.2737
    2995       1.2192
    2996       1.2724
    2997       1.2358
    2998       1.3300
    2999       1.2958
    3000       1.2465
    3001       1.2219
    3002       1.2688
    3003       1.2503
    3004       1.2431
    3005       1.2804
    3006       1.2600
    3007       1.2671
    3008       1.3058
    3009       1.3057
    3010       1.3132
    3011       1.2753
    3012       1.2915
    3013       1.3098
    3014       1.2867
    3015       1.2389
    3016       1.3591
    3017       1.3247
    3018       1.2702
    3019       1.2795
    3020       1.2407
    3021       1.3040
    3022       1.2660
    3023       1.2843
    3024       1.3094
    3025       1.2724
    3026       1.2850
    3027       1.3013
    3028       1.3215
    3029       1.2865
    3030       1.3332
    3031       1.3116
    3032       1.2515
    3033       1.2394
    3034       1.2895
    3035       1.3192
    3036       1.3845
    3037       1.3481
    3038       1.3361
    3039       1.2797
    3040       1.2952
    3041       1.2974
    3042       1.2747
    3043       1.2968
    3044       1.2516
    3045       1.2684
    3046       1.2715
    3047       1.3124
    3048       1.2951
    3049       1.2975
    3050       1.3045
    3051       1.3146
    3052       1.2696
    3053       1.3616
    3054       1.2537
    3055       1.3012
    3056       1.3170
    3057       1.3269
    3058       1.2959
    3059       1.2958
    3060       1.2925
    3061       1.2943
    3062       1.3060
    3063       1.2670
    3064       1.3402
    3065       1.3133
    3066       1.3580
    3067       1.3392
    3068       1.3038
    3069       1.3443
    3070       1.3423
    3071       1.3804
    3072       1.3337
    3073       1.3152
    3074       1.3371
    3075       1.2755
    3076       1.2290
    3077       1.2520
    3078       1.2241
    3079       1.3195
    3080       1.3544
    3081       1.3511
    3082       1.3866
    3083       1.4041
    3084       1.3667
    3085       1.3502
    3086       1.3938
    3087       1.4010
    3088       1.3625
    3089       1.3925
    3090       1.4135
    3091       1.3860
    3092       1.3987
    3093       1.3058
    3094       1.4006
    3095       1.3901
    3096       1.3735
    3097       1.3654
    3098       1.3179
    3099       1.2678
    3100       1.2940
    3101       1.3584
    3102       1.3876
    3103       1.3744
    3104       1.2874
    3105       1.2648
    3106       1.2906
    3107       1.2613
    3108       1.3198
    3109       1.2856
    3110       1.2583
    3111       1.1757
    3112       1.2247
    3113       1.2235
    3114       1.2261
    3115       1.2706
    3116       1.3148
    3117       1.2880
    3118       1.3105
    3119       1.2480
    3120       1.2790
    3121       1.2757
    3122       1.3354
    3123       1.3937
    3124       1.3574
    3125       1.3716
