#Frame     RMSD_00001
       1       0.0000
       2       0.6638
       3       0.6445
       4       0.7001
       5       0.7702
       6       0.8379
       7       0.9168
       8       0.9974
       9       0.9386
      10       0.9763
      11       0.9255
      12       0.9368
      13       0.9441
      14       0.9600
      15       0.9760
      16       0.9724
      17       0.9278
      18       0.9003
      19       0.9397
      20       0.8975
      21       0.8597
      22       0.8440
      23       0.9015
      24       0.8123
      25       0.8721
      26       0.8700
      27       0.8774
      28       0.8266
      29       0.9268
      30       0.8511
      31       0.9178
      32       0.8573
      33       0.8435
      34       0.8648
      35       0.8173
      36       0.8706
      37       0.8287
      38       0.8909
      39       0.9533
      40       0.9139
      41       0.9620
      42       1.0434
      43       0.9475
      44       0.9998
      45       1.0227
      46       1.0839
      47       1.0878
      48       0.9824
      49       1.0464
      50       0.9823
      51       0.9494
      52       0.9641
      53       0.9636
      54       0.9610
      55       0.9530
      56       1.0238
      57       0.9717
      58       0.9836
      59       1.0028
      60       0.9922
      61       1.0053
      62       1.0628
      63       0.9567
      64       1.0834
      65       0.9068
      66       0.9557
      67       0.9693
      68       0.9383
      69       0.9213
      70       1.0102
      71       1.0615
      72       0.9690
      73       0.9459
      74       0.9216
      75       0.9251
      76       0.9695
      77       0.9064
      78       0.9834
      79       0.9923
      80       1.0088
      81       1.0158
      82       1.1142
      83       1.0629
      84       1.1252
      85       1.0374
      86       1.0323
      87       1.1495
      88       1.1098
      89       1.1622
      90       1.1025
      91       1.0892
      92       1.0888
      93       1.0647
      94       1.0264
      95       1.1102
      96       1.0578
      97       0.9742
      98       0.9650
      99       0.9665
     100       1.0363
     101       1.0296
     102       1.0743
     103       1.0555
     104       1.0809
     105       1.1455
     106       1.2013
     107       1.1532
     108       1.2421
     109       1.2683
     110       1.2166
     111       1.1482
     112       1.1031
     113       1.1277
     114       1.1403
     115       1.1783
     116       1.1994
     117       1.1313
     118       1.1244
     119       1.0831
     120       1.1361
     121       1.0143
     122       1.0174
     123       1.1754
     124       1.1879
     125       1.1591
     126       1.1606
     127       1.2114
     128       1.2548
     129       1.2008
     130       1.1285
     131       1.1555
     132       1.1141
     133       1.0873
     134       1.0440
     135       1.0522
     136       1.0494
     137       1.0454
     138       1.0613
     139       1.1371
     140       1.1529
     141       1.1058
     142       1.0967
     143       1.0616
     144       1.1229
     145       1.1291
     146       1.1337
     147       1.0859
     148       1.1550
     149       1.1926
     150       1.2592
     151       1.2419
     152       1.1830
     153       1.1856
     154       1.1256
     155       1.0433
     156       1.1011
     157       1.0981
     158       1.0892
     159       1.1197
     160       1.1013
     161       1.0576
     162       1.1669
     163       1.1025
     164       1.0689
     165       1.0409
     166       1.0447
     167       1.1069
     168       1.1048
     169       1.0077
     170       1.0297
     171       0.9698
     172       0.9856
     173       1.0324
     174       0.9883
     175       1.0676
     176       1.1172
     177       1.1400
     178       1.0938
     179       1.0702
     180       1.0634
     181       1.1247
     182       1.0999
     183       1.0603
     184       1.0178
     185       1.0828
     186       1.0901
     187       1.1467
     188       1.1399
     189       1.1012
     190       0.9979
     191       1.0142
     192       1.0514
     193       1.1158
     194       1.1544
     195       1.1422
     196       1.1315
     197       1.1496
     198       1.1437
     199       1.1280
     200       1.1247
     201       1.1229
     202       1.0829
     203       1.0592
     204       1.0810
     205       1.1189
     206       1.0919
     207       1.1022
     208       1.1359
     209       1.1483
     210       1.1376
     211       1.1237
     212       1.1438
     213       1.1484
     214       1.1389
     215       1.0937
     216       1.0314
     217       0.9740
     218       0.9911
     219       1.0471
     220       1.0670
     221       0.9789
     222       1.0703
     223       1.0714
     224       1.0790
     225       1.1786
     226       1.2208
     227       1.2574
     228       1.1447
     229       1.0921
     230       1.2061
     231       1.2283
     232       1.1307
     233       1.0866
     234       1.0177
     235       1.0521
     236       1.1129
     237       1.1175
     238       1.0730
     239       1.0642
     240       1.1280
     241       1.0751
     242       1.1310
     243       1.0777
     244       1.0392
     245       1.0352
     246       1.0639
     247       1.0339
     248       1.0423
     249       1.0244
     250       1.0356
     251       1.1482
     252       1.1916
     253       1.2150
     254       1.1208
     255       1.1279
     256       1.1236
     257       1.1342
     258       1.0679
     259       1.0446
     260       1.0549
     261       1.1075
     262       1.0923
     263       1.0468
     264       1.0865
     265       1.0331
     266       1.1335
     267       1.1059
     268       1.0959
     269       1.0938
     270       1.0664
     271       1.0895
     272       1.1533
     273       1.0605
     274       1.1708
     275       1.1688
     276       1.1983
     277       1.0984
     278       1.0620
     279       1.0611
     280       1.0998
     281       1.0911
     282       1.0778
     283       1.1014
     284       1.2012
     285       1.1682
     286       1.2351
     287       1.1448
     288       1.2225
     289       1.1526
     290       1.1517
     291       1.1478
     292       1.1931
     293       1.1484
     294       1.0695
     295       1.0827
     296       1.0564
     297       1.1111
     298       1.1309
     299       1.1236
     300       1.1669
     301       1.1159
     302       1.0914
     303       1.1626
     304       1.1597
     305       1.0344
     306       1.0755
     307       1.0047
     308       1.0350
     309       1.0309
     310       1.0973
     311       1.0788
     312       1.0651
     313       1.0811
     314       1.0846
     315       1.1341
     316       1.1263
     317       1.1654
     318       1.1311
     319       1.1036
     320       1.1287
     321       1.1185
     322       1.1408
     323       1.1342
     324       1.1169
     325       1.1305
     326       1.1777
     327       1.2394
     328       1.2259
     329       1.1953
     330       1.1022
     331       1.0076
     332       1.0599
     333       1.0963
     334       1.0145
     335       1.0973
     336       1.1184
     337       1.0769
     338       1.1139
     339       1.1755
     340       1.1244
     341       1.0922
     342       1.1144
     343       1.2015
     344       1.1822
     345       1.1761
     346       1.2189
     347       1.1494
     348       1.1904
     349       1.1889
     350       1.1522
     351       1.1825
     352       1.1908
     353       1.2265
     354       1.2399
     355       1.2210
     356       1.2226
     357       1.1887
     358       1.2672
     359       1.2370
     360       1.2424
     361       1.2612
     362       1.3160
     363       1.2188
     364       1.3063
     365       1.3001
     366       1.3048
     367       1.3216
     368       1.2604
     369       1.3061
     370       1.1829
     371       1.2338
     372       1.2962
     373       1.2321
     374       1.2191
     375       1.2672
     376       1.2458
     377       1.1955
     378       1.1860
     379       1.2264
     380       1.2392
     381       1.2254
     382       1.2219
     383       1.2600
     384       1.2662
     385       1.1967
     386       1.2588
     387       1.1333
     388       1.1522
     389       1.1510
     390       1.1888
     391       1.1642
     392       1.1547
     393       1.1510
     394       1.2039
     395       1.1920
     396       1.2533
     397       1.2261
     398       1.2317
     399       1.2317
     400       1.2235
     401       1.2043
     402       1.2714
     403       1.3166
     404       1.3089
     405       1.2708
     406       1.1969
     407       1.2311
     408       1.2627
     409       1.2215
     410       1.2064
     411       1.2135
     412       1.1976
     413       1.2141
     414       1.2800
     415       1.1982
     416       1.3338
     417       1.1943
     418       1.1904
     419       1.2775
     420       1.2539
     421       1.2829
     422       1.2907
     423       1.2543
     424       1.1996
     425       1.1240
     426       1.1118
     427       1.1377
     428       1.1276
     429       1.1341
     430       1.2367
     431       1.2068
     432       1.1894
     433       1.2313
     434       1.2681
     435       1.3065
     436       1.2801
     437       1.2724
     438       1.2839
     439       1.1561
     440       1.2318
     441       1.2132
     442       1.2316
     443       1.2614
     444       1.1668
     445       1.2310
     446       1.2899
     447       1.2586
     448       1.3073
     449       1.2990
     450       1.2970
     451       1.2946
     452       1.2930
     453       1.2988
     454       1.2456
     455       1.3253
     456       1.2678
     457       1.2274
     458       1.2276
     459       1.1719
     460       1.2487
     461       1.1812
     462       1.1804
     463       1.2603
     464       1.2683
     465       1.3337
     466       1.2734
     467       1.3316
     468       1.2904
     469       1.2945
     470       1.2874
     471       1.3296
     472       1.2842
     473       1.3126
     474       1.3336
     475       1.3942
     476       1.3896
     477       1.4203
     478       1.3673
     479       1.4609
     480       1.3868
     481       1.3737
     482       1.4378
     483       1.4359
     484       1.3914
     485       1.3977
     486       1.3705
     487       1.4203
     488       1.2855
     489       1.3023
     490       1.2795
     491       1.3227
     492       1.3225
     493       1.3002
     494       1.3283
     495       1.3794
     496       1.2872
     497       1.2744
     498       1.3236
     499       1.2533
     500       1.2767
     501       1.2525
     502       1.1734
     503       1.2779
     504       1.3344
     505       1.2944
     506       1.3069
     507       1.3300
     508       1.2631
     509       1.3071
     510       1.1483
     511       1.1745
     512       1.1316
     513       1.1687
     514       1.2656
     515       1.2182
     516       1.2042
     517       1.2145
     518       1.2904
     519       1.2485
     520       1.1796
     521       1.2429
     522       1.2777
     523       1.2858
     524       1.2732
     525       1.2077
     526       1.2622
     527       1.2233
     528       1.2922
     529       1.2676
     530       1.3097
     531       1.3963
     532       1.3633
     533       1.3975
     534       1.3771
     535       1.4098
     536       1.3520
     537       1.3299
     538       1.2421
     539       1.3945
     540       1.3487
     541       1.3478
     542       1.2751
     543       1.2940
     544       1.2211
     545       1.2033
     546       1.2674
     547       1.2840
     548       1.2147
     549       1.2286
     550       1.2938
     551       1.2172
     552       1.1735
     553       1.2944
     554       1.3181
     555       1.2459
     556       1.1581
     557       1.1895
     558       1.1703
     559       1.2583
     560       1.1068
     561       1.1848
     562       1.2059
     563       1.2119
     564       1.1840
     565       1.1941
     566       1.2097
     567       1.2168
     568       1.1990
     569       1.2243
     570       1.3605
     571       1.2279
     572       1.2245
     573       1.2753
     574       1.2157
     575       1.1806
     576       1.3372
     577       1.3201
     578       1.2447
     579       1.2235
     580       1.3107
     581       1.2991
     582       1.2774
     583       1.3509
     584       1.3194
     585       1.2303
     586       1.3767
     587       1.2757
     588       1.4116
     589       1.3005
     590       1.2393
     591       1.2365
     592       1.2671
     593       1.2564
     594       1.2168
     595       1.3525
     596       1.2779
     597       1.3431
     598       1.3350
     599       1.2968
     600       1.2996
     601       1.3507
     602       1.3163
     603       1.2996
     604       1.2631
     605       1.2412
     606       1.2330
     607       1.2536
     608       1.2457
     609       1.2870
     610       1.2645
     611       1.2291
     612       1.3366
     613       1.3482
     614       1.3968
     615       1.3449
     616       1.3407
     617       1.2785
     618       1.2550
     619       1.2559
     620       1.1815
     621       1.1757
     622       1.1943
     623       1.1712
     624       1.1637
     625       1.1100
     626       1.1167
     627       1.1515
     628       1.0970
     629       1.1830
     630       1.1016
     631       1.1974
     632       1.1463
     633       1.2078
     634       1.1319
     635       1.1841
     636       1.1839
     637       1.2315
     638       1.2326
     639       1.2263
     640       1.2133
     641       1.2036
     642       1.2465
     643       1.1914
     644       1.1791
     645       1.2139
     646       1.1878
     647       1.2745
     648       1.2549
     649       1.2430
     650       1.2955
     651       1.3083
     652       1.3133
     653       1.3074
     654       1.2875
     655       1.3136
     656       1.1983
     657       1.2532
     658       1.1511
     659       1.2121
     660       1.2887
     661       1.2189
     662       1.2855
     663       1.2278
     664       1.2214
     665       1.2230
     666       1.3288
     667       1.3173
     668       1.2984
     669       1.2853
     670       1.2369
     671       1.2958
     672       1.2304
     673       1.2139
     674       1.2877
     675       1.2629
     676       1.2357
     677       1.2155
     678       1.2630
     679       1.2232
     680       1.3294
     681       1.3115
     682       1.3423
     683       1.3292
     684       1.2561
     685       1.2387
     686       1.3348
     687       1.2063
     688       1.2578
     689       1.2259
     690       1.2361
     691       1.2480
     692       1.2127
     693       1.2315
     694       1.3412
     695       1.2414
     696       1.2407
     697       1.2103
     698       1.2214
     699       1.2433
     700       1.2119
     701       1.2719
     702       1.2970
     703       1.2498
     704       1.2130
     705       1.2371
     706       1.2839
     707       1.2624
     708       1.2882
     709       1.2954
     710       1.3761
     711       1.2855
     712       1.2616
     713       1.2479
     714       1.3066
     715       1.2727
     716       1.2300
     717       1.2441
     718       1.1714
     719       1.1934
     720       1.1984
     721       1.2500
     722       1.2128
     723       1.1342
     724       1.1731
     725       1.1474
     726       1.2052
     727       1.1312
     728       1.1619
     729       1.1840
     730       1.1894
     731       1.2216
     732       1.2360
     733       1.3061
     734       1.2001
     735       1.2467
     736       1.2378
     737       1.1883
     738       1.2284
     739       1.1862
     740       1.2916
     741       1.1282
     742       1.1027
     743       1.1571
     744       1.2228
     745       1.2414
     746       1.2675
     747       1.2614
     748       1.2601
     749       1.2999
     750       1.2878
     751       1.2713
     752       1.3550
     753       1.4056
     754       1.3997
     755       1.2839
     756       1.2996
     757       1.3138
     758       1.2637
     759       1.3497
     760       1.2830
     761       1.3018
     762       1.3278
     763       1.2882
     764       1.2410
     765       1.2898
     766       1.3721
     767       1.2642
     768       1.2546
     769       1.2481
     770       1.2031
     771       1.2769
     772       1.1641
     773       1.2206
     774       1.3215
     775       1.2956
     776       1.3115
     777       1.3240
     778       1.2877
     779       1.3389
     780       1.2778
     781       1.3919
     782       1.3305
     783       1.3541
     784       1.2296
     785       1.2503
     786       1.1966
     787       1.3010
     788       1.3088
     789       1.3086
     790       1.2779
     791       1.2304
     792       1.2476
     793       1.2353
     794       1.3086
     795       1.3326
     796       1.2801
     797       1.2926
     798       1.2005
     799       1.2800
     800       1.2364
     801       1.2695
     802       1.2281
     803       1.2117
     804       1.1631
     805       1.2639
     806       1.2356
     807       1.1929
     808       1.1705
     809       1.1659
     810       1.3001
     811       1.2355
     812       1.3123
     813       1.2984
     814       1.3237
     815       1.2990
     816       1.3623
     817       1.2601
     818       1.2336
     819       1.2327
     820       1.2862
     821       1.2449
     822       1.2684
     823       1.2897
     824       1.3046
     825       1.2757
     826       1.3314
     827       1.3570
     828       1.2929
     829       1.2522
     830       1.2666
     831       1.3370
     832       1.3113
     833       1.2914
     834       1.3220
     835       1.2567
     836       1.3183
     837       1.3581
     838       1.2642
     839       1.3202
     840       1.3288
     841       1.3305
     842       1.3615
     843       1.2716
     844       1.2744
     845       1.2999
     846       1.3155
     847       1.4042
     848       1.3933
     849       1.3735
     850       1.3656
     851       1.3157
     852       1.2262
     853       1.1748
     854       1.2724
     855       1.3079
     856       1.3692
     857       1.2733
     858       1.3101
     859       1.2658
     860       1.2399
     861       1.2734
     862       1.3204
     863       1.3535
     864       1.3885
     865       1.4232
     866       1.3546
     867       1.3071
     868       1.2946
     869       1.3775
     870       1.3568
     871       1.3756
     872       1.4163
     873       1.4421
     874       1.4329
     875       1.4608
     876       1.3828
     877       1.3603
     878       1.3827
     879       1.3406
     880       1.3104
     881       1.3366
     882       1.3534
     883       1.2729
     884       1.2917
     885       1.3187
     886       1.3228
     887       1.2522
     888       1.3049
     889       1.2671
     890       1.3592
     891       1.3171
     892       1.3098
     893       1.2855
     894       1.2572
     895       1.2018
     896       1.2597
     897       1.2376
     898       1.2401
     899       1.1941
     900       1.2535
     901       1.2124
     902       1.2453
     903       1.2100
     904       1.2875
     905       1.2604
     906       1.2202
     907       1.2722
     908       1.3058
     909       1.3327
     910       1.3150
     911       1.2768
     912       1.2511
     913       1.2828
     914       1.3036
     915       1.3297
     916       1.2900
     917       1.2710
     918       1.3255
     919       1.3613
     920       1.3528
     921       1.3471
     922       1.4146
     923       1.4876
     924       1.4309
     925       1.4358
     926       1.4037
     927       1.3239
     928       1.2837
     929       1.3733
     930       1.4274
     931       1.3968
     932       1.4367
     933       1.3489
     934       1.2809
     935       1.2155
     936       1.2990
     937       1.4000
     938       1.3190
     939       1.2782
     940       1.2550
     941       1.2500
     942       1.3102
     943       1.2620
     944       1.2920
     945       1.2214
     946       1.1835
     947       1.1562
     948       1.2218
     949       1.1585
     950       1.1919
     951       1.1354
     952       1.3036
     953       1.2219
     954       1.1933
     955       1.2435
     956       1.1770
     957       1.1819
     958       1.2036
     959       1.2277
     960       1.1392
     961       1.2106
     962       1.2292
     963       1.2307
     964       1.2703
     965       1.2378
     966       1.1412
     967       1.1713
     968       1.1467
     969       1.1533
     970       1.2123
     971       1.2066
     972       1.1779
     973       1.1756
     974       1.1524
     975       1.2084
     976       1.2156
     977       1.1754
     978       1.2318
     979       1.2657
     980       1.2582
     981       1.2170
     982       1.3002
     983       1.3008
     984       1.3156
     985       1.2997
     986       1.2931
     987       1.3265
     988       1.2640
     989       1.2108
     990       1.2244
     991       1.2130
     992       1.2888
     993       1.1871
     994       1.1734
     995       1.2442
     996       1.2675
     997       1.1683
     998       1.2392
     999       1.2443
    1000       1.3030
    1001       1.2532
    1002       1.1721
    1003       1.1468
    1004       1.1904
    1005       1.2208
    1006       1.2838
    1007       1.2854
    1008       1.1928
    1009       1.2019
    1010       1.2976
    1011       1.2812
    1012       1.3550
    1013       1.2857
    1014       1.3017
    1015       1.3334
    1016       1.3471
    1017       1.3377
    1018       1.3507
    1019       1.3228
    1020       1.2722
    1021       1.2183
    1022       1.3145
    1023       1.3219
    1024       1.3694
    1025       1.3360
    1026       1.4160
    1027       1.4136
    1028       1.3424
    1029       1.2990
    1030       1.2646
    1031       1.2626
    1032       1.2590
    1033       1.2213
    1034       1.2180
    1035       1.2095
    1036       1.2335
    1037       1.2310
    1038       1.2089
    1039       1.2560
    1040       1.3292
    1041       1.3108
    1042       1.2301
    1043       1.3398
    1044       1.1929
    1045       1.2453
    1046       1.1622
    1047       1.2136
    1048       1.2664
    1049       1.2931
    1050       1.2407
    1051       1.1940
    1052       1.2787
    1053       1.2424
    1054       1.2968
    1055       1.2971
    1056       1.2880
    1057       1.2008
    1058       1.1894
    1059       1.1282
    1060       1.1163
    1061       1.0926
    1062       1.2063
    1063       1.1401
    1064       1.1684
    1065       1.1736
    1066       1.1426
    1067       1.1964
    1068       1.1891
    1069       1.1868
    1070       1.2433
    1071       1.2664
    1072       1.2546
    1073       1.2046
    1074       1.2622
    1075       1.2374
    1076       1.2665
    1077       1.2407
    1078       1.2456
    1079       1.1724
    1080       1.2132
    1081       1.2120
    1082       1.2946
    1083       1.3120
    1084       1.2786
    1085       1.2033
    1086       1.2235
    1087       1.2282
    1088       1.2734
    1089       1.3219
    1090       1.1904
    1091       1.2605
    1092       1.2582
    1093       1.1545
    1094       1.1836
    1095       1.1465
    1096       1.1592
    1097       1.2343
    1098       1.1925
    1099       1.2334
    1100       1.2673
    1101       1.2172
    1102       1.1793
    1103       1.1664
    1104       1.1943
    1105       1.1512
    1106       1.1125
    1107       1.1504
    1108       1.0934
    1109       1.1122
    1110       1.1705
    1111       1.1403
    1112       1.0347
    1113       1.1020
    1114       1.1511
    1115       1.1887
    1116       1.1904
    1117       1.1669
    1118       1.1595
    1119       1.0964
    1120       1.1574
    1121       1.1186
    1122       1.1342
    1123       1.2289
    1124       1.2036
    1125       1.1302
    1126       1.1414
    1127       1.1518
    1128       1.1177
    1129       1.1350
    1130       1.0913
    1131       1.0947
    1132       1.1412
    1133       1.1439
    1134       1.1907
    1135       1.1659
    1136       1.2181
    1137       1.1879
    1138       1.2399
    1139       1.2776
    1140       1.2476
    1141       1.3253
    1142       1.2260
    1143       1.2240
    1144       1.1987
    1145       1.1855
    1146       1.1775
    1147       1.1647
    1148       1.1345
    1149       1.2173
    1150       1.1868
    1151       1.2069
    1152       1.1777
    1153       1.1942
    1154       1.1248
    1155       1.0893
    1156       1.0987
    1157       1.0443
    1158       1.0796
    1159       1.0862
    1160       1.0532
    1161       1.0991
    1162       1.1186
    1163       1.1674
    1164       1.0714
    1165       1.0174
    1166       1.0031
    1167       1.1213
    1168       1.1086
    1169       1.1082
    1170       1.1138
    1171       1.0755
    1172       1.2018
    1173       1.2498
    1174       1.2274
    1175       1.2582
    1176       1.2584
    1177       1.2438
    1178       1.1809
    1179       1.1140
    1180       1.1854
    1181       1.0150
    1182       1.1180
    1183       1.0859
    1184       1.1479
    1185       1.1472
    1186       1.1531
    1187       1.1613
    1188       1.2311
    1189       1.2060
    1190       1.2105
    1191       1.2729
    1192       1.3377
    1193       1.2807
    1194       1.2743
    1195       1.2717
    1196       1.3544
    1197       1.3531
    1198       1.3598
    1199       1.2883
    1200       1.2681
    1201       1.2980
    1202       1.3489
    1203       1.3228
    1204       1.3583
    1205       1.3093
    1206       1.2428
    1207       1.1740
    1208       1.2046
    1209       1.1517
    1210       1.2038
    1211       1.2273
    1212       1.2311
    1213       1.2578
    1214       1.1920
    1215       1.1912
    1216       1.2221
    1217       1.2834
    1218       1.2432
    1219       1.1754
    1220       1.1361
    1221       1.1660
    1222       1.2308
    1223       1.1515
    1224       1.2140
    1225       1.1625
    1226       1.2333
    1227       1.2426
    1228       1.2123
    1229       1.2102
    1230       1.1625
    1231       1.1932
    1232       1.2222
    1233       1.1550
    1234       1.1854
    1235       1.1207
    1236       1.0774
    1237       1.0911
    1238       1.0932
    1239       1.0746
    1240       1.0993
    1241       1.2066
    1242       1.1665
    1243       1.1136
    1244       1.0405
    1245       1.0189
    1246       1.0484
    1247       1.0410
    1248       1.0973
    1249       1.0632
    1250       1.0822
    1251       1.0993
    1252       1.0912
    1253       1.1472
    1254       1.1494
    1255       1.1870
    1256       1.2272
    1257       1.2101
    1258       1.1571
    1259       1.1948
    1260       1.1958
    1261       1.1892
    1262       1.1721
    1263       1.1085
    1264       1.1558
    1265       1.1707
    1266       1.2044
    1267       1.1636
    1268       1.1262
    1269       1.2066
    1270       1.1540
    1271       1.1042
    1272       1.1249
    1273       1.1850
    1274       1.2127
    1275       1.2462
    1276       1.2023
    1277       1.2093
    1278       1.2524
    1279       1.2171
    1280       1.1928
    1281       1.2287
    1282       1.2137
    1283       1.2216
    1284       1.2247
    1285       1.2138
    1286       1.3072
    1287       1.3175
    1288       1.2943
    1289       1.3505
    1290       1.2492
    1291       1.3593
    1292       1.3080
    1293       1.3402
    1294       1.3400
    1295       1.4053
    1296       1.4213
    1297       1.4084
    1298       1.3510
    1299       1.3598
    1300       1.3201
    1301       1.3122
    1302       1.2656
    1303       1.2758
    1304       1.2326
    1305       1.2274
    1306       1.2313
    1307       1.1965
    1308       1.2130
    1309       1.2367
    1310       1.2462
    1311       1.2897
    1312       1.2508
    1313       1.1884
    1314       1.2831
    1315       1.1968
    1316       1.1175
    1317       1.2039
    1318       1.2612
    1319       1.2128
    1320       1.1945
    1321       1.1827
    1322       1.2346
    1323       1.2437
    1324       1.2625
    1325       1.2380
    1326       1.2974
    1327       1.3141
    1328       1.2931
    1329       1.2225
    1330       1.1833
    1331       1.1802
    1332       1.1645
    1333       1.1673
    1334       1.1309
    1335       1.1423
    1336       1.1259
    1337       1.1422
    1338       1.2766
    1339       1.1775
    1340       1.2456
    1341       1.2768
    1342       1.2656
    1343       1.2913
    1344       1.2876
    1345       1.2988
    1346       1.3684
    1347       1.3417
    1348       1.3655
    1349       1.4541
    1350       1.4152
    1351       1.3565
    1352       1.3328
    1353       1.4117
    1354       1.3313
    1355       1.2043
    1356       1.1893
    1357       1.2098
    1358       1.2338
    1359       1.2621
    1360       1.1827
    1361       1.2174
    1362       1.2569
    1363       1.2271
    1364       1.2099
    1365       1.1895
    1366       1.1741
    1367       1.2098
    1368       1.2322
    1369       1.2340
    1370       1.3047
    1371       1.3215
    1372       1.3426
    1373       1.3440
    1374       1.2070
    1375       1.2002
    1376       1.2874
    1377       1.3082
    1378       1.2865
    1379       1.2867
    1380       1.2493
    1381       1.3220
    1382       1.2334
    1383       1.2268
    1384       1.2629
    1385       1.3056
    1386       1.3053
    1387       1.3479
    1388       1.4064
    1389       1.2337
    1390       1.3110
    1391       1.2979
    1392       1.3296
    1393       1.2964
    1394       1.3029
    1395       1.3214
    1396       1.2834
    1397       1.2140
    1398       1.2050
    1399       1.2072
    1400       1.1271
    1401       1.1059
    1402       1.0779
    1403       1.1885
    1404       1.2323
    1405       1.1906
    1406       1.2528
    1407       1.2134
    1408       1.3242
    1409       1.2882
    1410       1.1966
    1411       1.1429
    1412       1.2414
    1413       1.1897
    1414       1.1808
    1415       1.2315
    1416       1.2828
    1417       1.2348
    1418       1.3596
    1419       1.3522
    1420       1.3135
    1421       1.3483
    1422       1.2839
    1423       1.2305
    1424       1.2783
    1425       1.1769
    1426       1.2253
    1427       1.2826
    1428       1.2756
    1429       1.2450
    1430       1.1588
    1431       1.1658
    1432       1.2236
    1433       1.3732
    1434       1.3035
    1435       1.2978
    1436       1.2564
    1437       1.2263
    1438       1.2169
    1439       1.1786
    1440       1.1991
    1441       1.1923
    1442       1.1668
    1443       1.2135
    1444       1.2148
    1445       1.1864
    1446       1.1758
    1447       1.2460
    1448       1.3120
    1449       1.3386
    1450       1.2515
    1451       1.1731
    1452       1.1744
    1453       1.0913
    1454       1.1890
    1455       1.1175
    1456       1.1997
    1457       1.1432
    1458       1.1537
    1459       1.1299
    1460       1.0932
    1461       1.1984
    1462       1.1216
    1463       1.1478
    1464       1.1770
    1465       1.2611
    1466       1.1955
    1467       1.2070
    1468       1.2160
    1469       1.2858
    1470       1.1694
    1471       1.1196
    1472       1.1714
    1473       1.1506
    1474       1.2075
    1475       1.1979
    1476       1.2623
    1477       1.2144
    1478       1.1880
    1479       1.1755
    1480       1.2116
    1481       1.2756
    1482       1.2968
    1483       1.2489
    1484       1.3324
    1485       1.1924
    1486       1.2111
    1487       1.1819
    1488       1.2229
    1489       1.1663
    1490       1.1974
    1491       1.1900
    1492       1.0946
    1493       1.1331
    1494       1.1961
    1495       1.1861
    1496       1.1749
    1497       1.1682
    1498       1.1816
    1499       1.2576
    1500       1.3144
    1501       1.2382
    1502       1.2393
    1503       1.2590
    1504       1.1934
    1505       1.2400
    1506       1.1899
    1507       1.1949
    1508       1.1630
    1509       1.1970
    1510       1.2244
    1511       1.2943
    1512       1.2188
    1513       1.2062
    1514       1.2036
    1515       1.2190
    1516       1.2453
    1517       1.3072
    1518       1.3113
    1519       1.2754
    1520       1.2287
    1521       1.1654
    1522       1.2017
    1523       1.2173
    1524       1.1886
    1525       1.2170
    1526       1.2398
    1527       1.3446
    1528       1.2927
    1529       1.2209
    1530       1.3130
    1531       1.2887
    1532       1.2630
    1533       1.3833
    1534       1.3234
    1535       1.2736
    1536       1.2802
    1537       1.2291
    1538       1.1812
    1539       1.1944
    1540       1.2982
    1541       1.2187
    1542       1.1844
    1543       1.2317
    1544       1.2041
    1545       1.1974
    1546       1.2166
    1547       1.2461
    1548       1.2544
    1549       1.2907
    1550       1.3633
    1551       1.3470
    1552       1.2715
    1553       1.2472
    1554       1.3187
    1555       1.3285
    1556       1.2286
    1557       1.2558
    1558       1.2722
    1559       1.2455
    1560       1.3111
    1561       1.2640
    1562       1.3476
    1563       1.3546
    1564       1.2990
    1565       1.3271
    1566       1.2691
    1567       1.2667
    1568       1.1435
    1569       1.1690
    1570       1.1295
    1571       1.1149
    1572       1.1402
    1573       1.1792
    1574       1.2108
    1575       1.2933
    1576       1.2705
    1577       1.2499
    1578       1.2968
    1579       1.2744
    1580       1.2765
    1581       1.2444
    1582       1.2728
    1583       1.2586
    1584       1.3011
    1585       1.2659
    1586       1.3425
    1587       1.3505
    1588       1.2999
    1589       1.3462
    1590       1.3955
    1591       1.3073
    1592       1.3175
    1593       1.3518
    1594       1.3305
    1595       1.3436
    1596       1.3062
    1597       1.2455
    1598       1.2406
    1599       1.2520
    1600       1.2753
    1601       1.3434
    1602       1.2567
    1603       1.2845
    1604       1.2353
    1605       1.2644
    1606       1.2155
    1607       1.1632
    1608       1.1852
    1609       1.1382
    1610       1.2462
    1611       1.2243
    1612       1.1814
    1613       1.1785
    1614       1.2334
    1615       1.2228
    1616       1.1730
    1617       1.1652
    1618       1.1795
    1619       1.2572
    1620       1.3158
    1621       1.3850
    1622       1.3613
    1623       1.2699
    1624       1.3171
    1625       1.2522
    1626       1.2759
    1627       1.3046
    1628       1.2954
    1629       1.3816
    1630       1.3916
    1631       1.4855
    1632       1.4039
    1633       1.4066
    1634       1.3354
    1635       1.3476
    1636       1.4374
    1637       1.3869
    1638       1.4103
    1639       1.4587
    1640       1.4551
    1641       1.3193
    1642       1.2978
    1643       1.3031
    1644       1.2865
    1645       1.2917
    1646       1.2212
    1647       1.3337
    1648       1.3096
    1649       1.3113
    1650       1.3015
    1651       1.2125
    1652       1.2330
    1653       1.3150
    1654       1.4623
    1655       1.3907
    1656       1.3350
    1657       1.3177
    1658       1.2797
    1659       1.2853
    1660       1.2765
    1661       1.2314
    1662       1.2346
    1663       1.1920
    1664       1.2273
    1665       1.2613
    1666       1.2292
    1667       1.2290
    1668       1.2126
    1669       1.2450
    1670       1.2927
    1671       1.3134
    1672       1.2778
    1673       1.2129
    1674       1.1892
    1675       1.2907
    1676       1.2794
    1677       1.2120
    1678       1.2365
    1679       1.1928
    1680       1.2266
    1681       1.2822
    1682       1.2131
    1683       1.1630
    1684       1.1879
    1685       1.1646
    1686       1.1827
    1687       1.2750
    1688       1.3078
    1689       1.3526
    1690       1.3511
    1691       1.3119
    1692       1.2584
    1693       1.2841
    1694       1.2458
    1695       1.2643
    1696       1.1604
    1697       1.1880
    1698       1.2245
    1699       1.2036
    1700       1.1988
    1701       1.2304
    1702       1.2664
    1703       1.2953
    1704       1.3072
    1705       1.1977
    1706       1.2481
    1707       1.2067
    1708       1.2663
    1709       1.2734
    1710       1.1779
    1711       1.1859
    1712       1.1932
    1713       1.2243
    1714       1.2779
    1715       1.3900
    1716       1.3979
    1717       1.3287
    1718       1.2976
    1719       1.3241
    1720       1.2715
    1721       1.2760
    1722       1.3354
    1723       1.3730
    1724       1.3835
    1725       1.4910
    1726       1.3122
    1727       1.4297
    1728       1.4005
    1729       1.4742
    1730       1.4685
    1731       1.4588
    1732       1.4645
    1733       1.5268
    1734       1.4440
    1735       1.4097
    1736       1.3547
    1737       1.3162
    1738       1.3099
    1739       1.3426
    1740       1.3673
    1741       1.3344
    1742       1.3024
    1743       1.2860
    1744       1.2930
    1745       1.3555
    1746       1.2557
    1747       1.2819
    1748       1.3221
    1749       1.3773
    1750       1.3600
    1751       1.4143
    1752       1.2942
    1753       1.3026
    1754       1.2584
    1755       1.3438
    1756       1.3396
    1757       1.4264
    1758       1.4118
    1759       1.4686
    1760       1.4779
    1761       1.3895
    1762       1.5283
    1763       1.5346
    1764       1.4225
    1765       1.5048
    1766       1.4388
    1767       1.4379
    1768       1.3627
    1769       1.3965
    1770       1.3599
    1771       1.4216
    1772       1.3614
    1773       1.4156
    1774       1.4623
    1775       1.4914
    1776       1.3584
    1777       1.2952
    1778       1.2120
    1779       1.3186
    1780       1.3423
    1781       1.3660
    1782       1.3100
    1783       1.2814
    1784       1.2922
    1785       1.3911
    1786       1.4379
    1787       1.3689
    1788       1.3433
    1789       1.3310
    1790       1.2794
    1791       1.2676
    1792       1.3684
    1793       1.3724
    1794       1.3593
    1795       1.3892
    1796       1.4022
    1797       1.4086
    1798       1.4217
    1799       1.4746
    1800       1.4372
    1801       1.4067
    1802       1.4236
    1803       1.3746
    1804       1.3507
    1805       1.3627
    1806       1.4186
    1807       1.4294
    1808       1.3548
    1809       1.4310
    1810       1.3889
    1811       1.4648
    1812       1.6273
    1813       1.6095
    1814       1.5432
    1815       1.4804
    1816       1.5120
    1817       1.5242
    1818       1.5390
    1819       1.5717
    1820       1.5517
    1821       1.5431
    1822       1.6414
    1823       1.5729
    1824       1.5134
    1825       1.5819
    1826       1.6413
    1827       1.5955
    1828       1.4903
    1829       1.4471
    1830       1.4602
    1831       1.5403
    1832       1.4046
    1833       1.4283
    1834       1.4156
    1835       1.3812
    1836       1.3575
    1837       1.4003
    1838       1.3733
    1839       1.3758
    1840       1.3726
    1841       1.4087
    1842       1.5485
    1843       1.4962
    1844       1.5674
    1845       1.6213
    1846       1.4916
    1847       1.6415
    1848       1.5929
    1849       1.6272
    1850       1.5044
    1851       1.5655
    1852       1.5262
    1853       1.5351
    1854       1.6338
    1855       1.4558
    1856       1.5307
    1857       1.6390
    1858       1.7695
    1859       1.7443
    1860       1.7166
    1861       1.7293
    1862       1.6999
    1863       1.7025
    1864       1.7029
    1865       1.7408
    1866       1.9045
    1867       1.9098
    1868       1.9906
    1869       1.9191
    1870       1.9355
    1871       1.9047
    1872       1.8060
    1873       1.9068
    1874       1.8860
    1875       1.6934
    1876       1.6069
    1877       1.7713
    1878       1.7652
    1879       1.7439
    1880       1.7106
    1881       1.7329
    1882       1.6732
    1883       1.6415
    1884       1.6929
    1885       1.6787
    1886       1.5855
    1887       1.5870
    1888       1.6402
    1889       1.6385
    1890       1.6895
    1891       1.7054
    1892       1.6706
    1893       1.6486
    1894       1.6637
    1895       1.6272
    1896       1.5408
    1897       1.5250
    1898       1.5310
    1899       1.5421
    1900       1.5451
    1901       1.5778
    1902       1.5395
    1903       1.3746
    1904       1.4243
    1905       1.4735
    1906       1.5040
    1907       1.5016
    1908       1.4115
    1909       1.4298
    1910       1.4977
    1911       1.4912
    1912       1.5271
    1913       1.4892
    1914       1.5222
    1915       1.4630
    1916       1.3977
    1917       1.4442
    1918       1.4868
    1919       1.4729
    1920       1.4475
    1921       1.4573
    1922       1.5513
    1923       1.5564
    1924       1.7741
    1925       1.8383
    1926       1.7811
    1927       1.8465
    1928       1.8225
    1929       1.8365
    1930       1.8964
    1931       1.8857
    1932       1.8608
    1933       1.7883
    1934       1.8891
    1935       1.7896
    1936       1.7160
    1937       1.8140
    1938       1.7930
    1939       1.7419
    1940       1.7305
    1941       1.7221
    1942       1.8342
    1943       1.7537
    1944       1.8958
    1945       1.8449
    1946       1.7891
    1947       1.7836
    1948       1.7259
    1949       1.6719
    1950       1.5329
    1951       1.5693
    1952       1.4958
    1953       1.6006
    1954       1.6116
    1955       1.5146
    1956       1.5713
    1957       1.5840
    1958       1.6384
    1959       1.5306
    1960       1.4512
    1961       1.4230
    1962       1.4511
    1963       1.3613
    1964       1.4654
    1965       1.5626
    1966       1.5488
    1967       1.5515
    1968       1.6102
    1969       1.5057
    1970       1.5402
    1971       1.5721
    1972       1.5687
    1973       1.6141
    1974       1.6522
    1975       1.6468
    1976       1.6495
    1977       1.5950
    1978       1.6230
    1979       1.4905
    1980       1.5216
    1981       1.4527
    1982       1.5741
    1983       1.6101
    1984       1.6312
    1985       1.5296
    1986       1.5465
    1987       1.5299
    1988       1.6504
    1989       1.6169
    1990       1.6184
    1991       1.6359
    1992       1.6634
    1993       1.6020
    1994       1.6411
    1995       1.6293
    1996       1.5677
    1997       1.5191
    1998       1.5505
    1999       1.5598
    2000       1.5525
    2001       1.5519
    2002       1.6030
    2003       1.5236
    2004       1.6038
    2005       1.6930
    2006       1.7407
    2007       1.6667
    2008       1.7052
    2009       1.6980
    2010       1.5905
    2011       1.6379
    2012       1.7241
    2013       1.6368
    2014       1.6368
    2015       1.5854
    2016       1.6934
    2017       1.7981
    2018       1.6421
    2019       1.7239
    2020       1.7504
    2021       1.6155
    2022       1.6273
    2023       1.7110
    2024       1.7641
    2025       1.8648
    2026       1.8408
    2027       1.7131
    2028       1.8180
    2029       1.7464
    2030       1.7222
    2031       1.6486
    2032       1.5620
    2033       1.4941
    2034       1.4531
    2035       1.4807
    2036       1.4460
    2037       1.4772
    2038       1.6016
    2039       1.6416
    2040       1.5707
    2041       1.5410
    2042       1.5723
    2043       1.5103
    2044       1.5021
    2045       1.5356
    2046       1.4865
    2047       1.5731
    2048       1.5189
    2049       1.4747
    2050       1.4729
    2051       1.4135
    2052       1.3365
    2053       1.3850
    2054       1.3832
    2055       1.3768
    2056       1.3866
    2057       1.2675
    2058       1.2889
    2059       1.3278
    2060       1.3225
    2061       1.3796
    2062       1.3825
    2063       1.3982
    2064       1.3588
    2065       1.4254
    2066       1.3566
    2067       1.3644
    2068       1.2919
    2069       1.3139
    2070       1.2897
    2071       1.3076
    2072       1.3219
    2073       1.3500
    2074       1.3453
    2075       1.3305
    2076       1.3200
    2077       1.3598
    2078       1.3417
    2079       1.3117
    2080       1.3748
    2081       1.4720
    2082       1.5675
    2083       1.5234
    2084       1.3522
    2085       1.3792
    2086       1.4132
    2087       1.4440
    2088       1.4296
    2089       1.4986
    2090       1.5441
    2091       1.4865
    2092       1.4992
    2093       1.4288
    2094       1.4978
    2095       1.4662
    2096       1.4786
    2097       1.4943
    2098       1.4674
    2099       1.5446
    2100       1.5961
    2101       1.5442
    2102       1.4718
    2103       1.4749
    2104       1.5115
    2105       1.5057
    2106       1.3961
    2107       1.3606
    2108       1.3416
    2109       1.2876
    2110       1.2027
    2111       1.3698
    2112       1.3625
    2113       1.3616
    2114       1.3369
    2115       1.4385
    2116       1.4312
    2117       1.4923
    2118       1.3967
    2119       1.3962
    2120       1.3422
    2121       1.5230
    2122       1.5001
    2123       1.4300
    2124       1.5621
    2125       1.4742
    2126       1.5333
    2127       1.5374
    2128       1.4800
    2129       1.5478
    2130       1.4659
    2131       1.3738
    2132       1.4216
    2133       1.4220
    2134       1.3992
    2135       1.3739
    2136       1.4738
    2137       1.5316
    2138       1.5168
    2139       1.4662
    2140       1.5887
    2141       1.4143
    2142       1.3431
    2143       1.3558
    2144       1.4428
    2145       1.3827
    2146       1.4537
    2147       1.4564
    2148       1.5688
    2149       1.5284
    2150       1.5860
    2151       1.4461
    2152       1.3972
    2153       1.4713
    2154       1.5313
    2155       1.4659
    2156       1.5950
    2157       1.5077
    2158       1.5212
    2159       1.5666
    2160       1.5763
    2161       1.6017
    2162       1.6399
    2163       1.7153
    2164       1.6131
    2165       1.5546
    2166       1.6401
    2167       1.6213
    2168       1.6949
    2169       1.5444
    2170       1.6600
    2171       1.6406
    2172       1.6052
    2173       1.5880
    2174       1.6107
    2175       1.5932
    2176       1.5842
    2177       1.5007
    2178       1.4209
    2179       1.5151
    2180       1.5024
    2181       1.5684
    2182       1.4709
    2183       1.6614
    2184       1.7274
    2185       1.6733
    2186       1.6746
    2187       1.5811
    2188       1.5415
    2189       1.5143
    2190       1.6327
    2191       1.6493
    2192       1.5983
    2193       1.5405
    2194       1.4830
    2195       1.6146
    2196       1.5955
    2197       1.6000
    2198       1.5869
    2199       1.4690
    2200       1.5086
    2201       1.4894
    2202       1.4851
    2203       1.6080
    2204       1.5264
    2205       1.4405
    2206       1.3948
    2207       1.3346
    2208       1.3022
    2209       1.3140
    2210       1.3311
    2211       1.4226
    2212       1.5726
    2213       1.4566
    2214       1.4040
    2215       1.4942
    2216       1.4912
    2217       1.3915
    2218       1.3195
    2219       1.2477
    2220       1.2415
    2221       1.2590
    2222       1.3402
    2223       1.3733
    2224       1.2288
    2225       1.1768
    2226       1.2166
    2227       1.1939
    2228       1.2266
    2229       1.2803
    2230       1.2102
    2231       1.2635
    2232       1.3149
    2233       1.3341
    2234       1.3255
    2235       1.3227
    2236       1.3550
    2237       1.2907
    2238       1.3238
    2239       1.3909
    2240       1.3746
    2241       1.3499
    2242       1.3317
    2243       1.3866
    2244       1.3100
    2245       1.2294
    2246       1.2603
    2247       1.2598
    2248       1.2965
    2249       1.3660
    2250       1.4109
    2251       1.4726
    2252       1.5298
    2253       1.5160
    2254       1.4554
    2255       1.4479
    2256       1.5169
    2257       1.4071
    2258       1.4569
    2259       1.5120
    2260       1.5804
    2261       1.5996
    2262       1.5913
    2263       1.5084
    2264       1.5683
    2265       1.4203
    2266       1.4172
    2267       1.3493
    2268       1.3888
    2269       1.3667
    2270       1.4369
    2271       1.4724
    2272       1.4553
    2273       1.4651
    2274       1.4352
    2275       1.4753
    2276       1.4641
    2277       1.4724
    2278       1.4412
    2279       1.4958
    2280       1.4793
    2281       1.5458
    2282       1.5074
    2283       1.4539
    2284       1.4835
    2285       1.4991
    2286       1.5097
    2287       1.5198
    2288       1.4959
    2289       1.5245
    2290       1.6526
    2291       1.6662
    2292       1.6343
    2293       1.7839
    2294       1.6358
    2295       1.5669
    2296       1.5534
    2297       1.4930
    2298       1.5012
    2299       1.5237
    2300       1.5342
    2301       1.5564
    2302       1.5958
    2303       1.5599
    2304       1.5697
    2305       1.5573
    2306       1.5874
    2307       1.6106
    2308       1.5413
    2309       1.5308
    2310       1.6646
    2311       1.6025
    2312       1.5344
    2313       1.5718
    2314       1.6049
    2315       1.6480
    2316       1.6142
    2317       1.5976
    2318       1.6387
    2319       1.6857
    2320       1.7155
    2321       1.7167
    2322       1.8268
    2323       1.7925
    2324       1.8051
    2325       1.8411
    2326       1.8782
    2327       1.8202
    2328       1.8461
    2329       1.7608
    2330       1.8413
    2331       1.7897
    2332       1.8386
    2333       1.8486
    2334       1.8196
    2335       1.9825
    2336       1.7198
    2337       1.7986
    2338       1.8011
    2339       1.6904
    2340       1.7344
    2341       1.6404
    2342       1.6558
    2343       1.6237
    2344       1.6639
    2345       1.5409
    2346       1.6436
    2347       1.6572
    2348       1.6996
    2349       1.7055
    2350       1.6967
    2351       1.6263
    2352       1.6568
    2353       1.6238
    2354       1.6525
    2355       1.6883
    2356       1.6904
    2357       1.7248
    2358       1.8753
    2359       1.9314
    2360       1.8317
    2361       1.5800
    2362       1.5546
    2363       1.7124
    2364       1.6280
    2365       1.6174
    2366       1.5888
    2367       1.5056
    2368       1.5163
    2369       1.4591
    2370       1.5463
    2371       1.5402
    2372       1.5798
    2373       1.5677
    2374       1.5369
    2375       1.5117
    2376       1.4915
    2377       1.4483
    2378       1.4628
    2379       1.4093
    2380       1.4201
    2381       1.5470
    2382       1.5554
    2383       1.4991
    2384       1.5445
    2385       1.5016
    2386       1.6572
    2387       1.6513
    2388       1.6166
    2389       1.6340
    2390       1.7723
    2391       1.8387
    2392       1.7365
    2393       1.7762
    2394       1.8164
    2395       1.8498
    2396       1.7636
    2397       1.7139
    2398       1.7567
    2399       1.7503
    2400       1.7345
    2401       1.7787
    2402       1.8816
    2403       1.9200
    2404       1.8346
    2405       1.7504
    2406       1.7289
    2407       1.6920
    2408       1.7640
    2409       1.6866
    2410       1.7596
    2411       1.6509
    2412       1.5997
    2413       1.5569
    2414       1.6407
    2415       1.6026
    2416       1.5496
    2417       1.6090
    2418       1.5592
    2419       1.5306
    2420       1.6515
    2421       1.6157
    2422       1.6109
    2423       1.5908
    2424       1.6532
    2425       1.6208
    2426       1.5835
    2427       1.6133
    2428       1.6715
    2429       1.6729
    2430       1.7038
    2431       1.6916
    2432       1.6328
    2433       1.6525
    2434       1.7599
    2435       1.8186
    2436       1.9029
    2437       1.7237
    2438       1.7397
    2439       1.7673
    2440       1.7843
    2441       1.7019
    2442       1.7586
    2443       1.7363
    2444       1.7298
    2445       1.8733
    2446       1.8227
    2447       1.9109
    2448       1.8446
    2449       1.9388
    2450       2.0763
    2451       2.0045
    2452       2.0478
    2453       1.8933
    2454       2.0122
    2455       1.9755
    2456       1.8213
    2457       1.7510
    2458       1.7629
    2459       1.7378
    2460       1.7116
    2461       1.7533
    2462       1.6113
    2463       1.5384
    2464       1.5382
    2465       1.6665
    2466       1.6330
    2467       1.6851
    2468       1.7030
    2469       1.6293
    2470       1.5654
    2471       1.5621
    2472       1.5318
    2473       1.5430
    2474       1.4150
    2475       1.3879
    2476       1.4583
    2477       1.4927
    2478       1.4917
    2479       1.5450
    2480       1.3885
    2481       1.4391
    2482       1.4772
    2483       1.5580
    2484       1.4452
    2485       1.4733
    2486       1.3745
    2487       1.4333
    2488       1.4467
    2489       1.3567
    2490       1.3038
    2491       1.3805
    2492       1.3923
    2493       1.3871
    2494       1.4047
    2495       1.4382
    2496       1.4674
    2497       1.4740
    2498       1.5583
    2499       1.4587
    2500       1.5062
    2501       1.4819
    2502       1.4882
    2503       1.5415
    2504       1.5585
    2505       1.4459
    2506       1.4513
    2507       1.4624
    2508       1.4929
    2509       1.5330
    2510       1.5538
    2511       1.5594
    2512       1.5253
    2513       1.4982
    2514       1.5190
    2515       1.4388
    2516       1.4421
    2517       1.4625
    2518       1.5227
    2519       1.5137
    2520       1.3913
    2521       1.3777
    2522       1.3962
    2523       1.3699
    2524       1.3028
    2525       1.4019
    2526       1.4006
    2527       1.3793
    2528       1.4520
    2529       1.6215
    2530       1.6520
    2531       1.5373
    2532       1.5669
    2533       1.5691
    2534       1.5180
    2535       1.4357
    2536       1.4467
    2537       1.4709
    2538       1.3587
    2539       1.5353
    2540       1.5235
    2541       1.4897
    2542       1.5109
    2543       1.6221
    2544       1.7244
    2545       1.7387
    2546       1.6406
    2547       1.7239
    2548       1.5826
    2549       1.7180
    2550       1.8851
    2551       1.7917
    2552       1.7765
    2553       1.6951
    2554       1.8042
    2555       1.7171
    2556       1.7011
    2557       1.7155
    2558       1.7718
    2559       1.7573
    2560       1.8495
    2561       1.7798
    2562       1.6251
    2563       1.6520
    2564       1.6493
    2565       1.6898
    2566       1.5594
    2567       1.6668
    2568       1.5849
    2569       1.6695
    2570       1.6492
    2571       1.5297
    2572       1.5567
    2573       1.6751
    2574       1.6403
    2575       1.6511
    2576       1.6313
    2577       1.7046
    2578       1.6772
    2579       1.5811
    2580       1.5633
    2581       1.5156
    2582       1.5549
    2583       1.5363
    2584       1.4181
    2585       1.4350
    2586       1.4407
    2587       1.4062
    2588       1.5332
    2589       1.6411
    2590       1.7097
    2591       1.8104
    2592       1.7943
    2593       1.7432
    2594       1.6702
    2595       1.6973
    2596       1.7335
    2597       1.6619
    2598       1.6308
    2599       1.6545
    2600       1.7781
    2601       1.7432
    2602       1.6634
    2603       1.5855
    2604       1.5723
    2605       1.6434
    2606       1.6528
    2607       1.4862
    2608       1.4829
    2609       1.4300
    2610       1.4962
    2611       1.4612
    2612       1.6286
    2613       1.5997
    2614       1.5464
    2615       1.5775
    2616       1.7056
    2617       1.6944
    2618       1.6633
    2619       1.6502
    2620       1.6196
    2621       1.6504
    2622       1.5735
    2623       1.6324
    2624       1.6113
    2625       1.5852
    2626       1.5636
    2627       1.5491
    2628       1.4009
    2629       1.5314
    2630       1.4881
    2631       1.4251
    2632       1.5156
    2633       1.5569
    2634       1.5666
    2635       1.5294
    2636       1.6055
    2637       1.6202
    2638       1.5175
    2639       1.5313
    2640       1.5982
    2641       1.5969
    2642       1.4358
    2643       1.5313
    2644       1.6402
    2645       1.6720
    2646       1.6577
    2647       1.4921
    2648       1.4885
    2649       1.6379
    2650       1.5062
    2651       1.5718
    2652       1.5407
    2653       1.5989
    2654       1.4277
    2655       1.4856
    2656       1.5442
    2657       1.5145
    2658       1.5395
    2659       1.5869
    2660       1.3955
    2661       1.4304
    2662       1.2963
    2663       1.4492
    2664       1.4751
    2665       1.5575
    2666       1.4853
    2667       1.4411
    2668       1.4346
    2669       1.4715
    2670       1.5169
    2671       1.4291
    2672       1.3898
    2673       1.4337
    2674       1.4266
    2675       1.4568
    2676       1.4353
    2677       1.3522
    2678       1.3598
    2679       1.3853
    2680       1.3751
    2681       1.3953
    2682       1.3631
    2683       1.3301
    2684       1.3755
    2685       1.3831
    2686       1.2725
    2687       1.2463
    2688       1.2684
    2689       1.4420
    2690       1.5007
    2691       1.5319
    2692       1.5110
    2693       1.4332
    2694       1.5291
    2695       1.5431
    2696       1.5982
    2697       1.6494
    2698       1.5958
    2699       1.6101
    2700       1.6143
    2701       1.5651
    2702       1.4768
    2703       1.4130
    2704       1.4575
    2705       1.5491
    2706       1.5528
    2707       1.4352
    2708       1.3970
    2709       1.4412
    2710       1.4105
    2711       1.3989
    2712       1.5201
    2713       1.5220
    2714       1.4545
    2715       1.4858
    2716       1.4616
    2717       1.4324
    2718       1.4137
    2719       1.4291
    2720       1.4379
    2721       1.5191
    2722       1.5485
    2723       1.4649
    2724       1.5235
    2725       1.6260
    2726       1.5119
    2727       1.4706
    2728       1.3919
    2729       1.3835
    2730       1.3709
    2731       1.3444
    2732       1.3768
    2733       1.4102
    2734       1.4292
    2735       1.4277
    2736       1.4505
    2737       1.4520
    2738       1.3455
    2739       1.3551
    2740       1.3589
    2741       1.3395
    2742       1.3452
    2743       1.2506
    2744       1.2706
    2745       1.3770
    2746       1.3599
    2747       1.1978
    2748       1.2583
    2749       1.2201
    2750       1.2808
    2751       1.3316
    2752       1.3971
    2753       1.3984
    2754       1.4246
    2755       1.4857
    2756       1.4740
    2757       1.4955
    2758       1.5778
    2759       1.5482
    2760       1.5073
    2761       1.4901
    2762       1.4809
    2763       1.3901
    2764       1.3801
    2765       1.3297
    2766       1.2730
    2767       1.3042
    2768       1.2748
    2769       1.4049
    2770       1.5247
    2771       1.5886
    2772       1.5305
    2773       1.2891
    2774       1.3453
    2775       1.3611
    2776       1.3547
    2777       1.3657
    2778       1.3618
    2779       1.4296
    2780       1.3591
    2781       1.2528
    2782       1.3414
    2783       1.2725
    2784       1.2873
    2785       1.3503
    2786       1.3122
    2787       1.3729
    2788       1.3973
    2789       1.3263
    2790       1.3310
    2791       1.3705
    2792       1.3940
    2793       1.5240
    2794       1.4844
    2795       1.3841
    2796       1.4280
    2797       1.3986
    2798       1.4756
    2799       1.4734
    2800       1.4855
    2801       1.4018
    2802       1.3423
    2803       1.3952
    2804       1.3068
    2805       1.2558
    2806       1.3449
    2807       1.3546
    2808       1.3160
    2809       1.3078
    2810       1.3518
    2811       1.3705
    2812       1.4847
    2813       1.4336
    2814       1.4158
    2815       1.3471
    2816       1.3634
    2817       1.3858
    2818       1.4605
    2819       1.5062
    2820       1.4131
    2821       1.4283
    2822       1.4381
    2823       1.4912
    2824       1.3584
    2825       1.3777
    2826       1.5203
    2827       1.4714
    2828       1.5262
    2829       1.3504
    2830       1.2697
    2831       1.3920
    2832       1.4004
    2833       1.3030
    2834       1.3553
    2835       1.2427
    2836       1.2344
    2837       1.2743
    2838       1.3048
    2839       1.2341
    2840       1.2085
    2841       1.3001
    2842       1.3171
    2843       1.3098
    2844       1.3619
    2845       1.3476
    2846       1.4222
    2847       1.3971
    2848       1.4004
    2849       1.4580
    2850       1.4546
    2851       1.5533
    2852       1.3467
    2853       1.4818
    2854       1.5490
    2855       1.5896
    2856       1.6222
    2857       1.5956
    2858       1.6224
    2859       1.7382
    2860       1.8334
    2861       1.7346
    2862       1.8045
    2863       1.6643
    2864       1.5932
    2865       1.6962
    2866       1.7652
    2867       1.7374
    2868       1.7606
    2869       1.6344
    2870       1.5410
    2871       1.6025
    2872       1.6240
    2873       1.5423
    2874       1.5877
    2875       1.5859
    2876       1.6113
    2877       1.4536
    2878       1.4778
    2879       1.5544
    2880       1.5307
    2881       1.6800
    2882       1.6593
    2883       1.6441
    2884       1.7236
    2885       1.7557
    2886       1.6871
    2887       1.6097
    2888       1.7136
    2889       1.6375
    2890       1.6988
    2891       1.8724
    2892       1.7995
    2893       1.7134
    2894       1.7524
    2895       1.7047
    2896       1.7197
    2897       1.7055
    2898       1.5913
    2899       1.5610
    2900       1.5634
    2901       1.5215
    2902       1.4864
    2903       1.5837
    2904       1.6198
    2905       1.6868
    2906       1.5647
    2907       1.5854
    2908       1.6546
    2909       1.6613
    2910       1.6956
    2911       1.5895
    2912       1.5605
    2913       1.6433
    2914       1.6014
    2915       1.6654
    2916       1.5782
    2917       1.6223
    2918       1.6209
    2919       1.6577
    2920       1.6491
    2921       1.6044
    2922       1.5265
    2923       1.5962
    2924       1.6008
    2925       1.5874
    2926       1.6171
    2927       1.6214
    2928       1.5648
    2929       1.4465
    2930       1.4774
    2931       1.4663
    2932       1.4070
    2933       1.4464
    2934       1.3736
    2935       1.4168
    2936       1.3354
    2937       1.4423
    2938       1.3206
    2939       1.4096
    2940       1.3182
    2941       1.3022
    2942       1.2545
    2943       1.2506
    2944       1.3207
    2945       1.3110
    2946       1.3058
    2947       1.3064
    2948       1.4171
    2949       1.4103
    2950       1.4301
    2951       1.4305
    2952       1.5100
    2953       1.5439
    2954       1.6938
    2955       1.7306
    2956       1.7816
    2957       1.6832
    2958       1.6103
    2959       1.6943
    2960       1.5355
    2961       1.6150
    2962       1.6005
    2963       1.6467
    2964       1.5982
    2965       1.6340
    2966       1.6021
    2967       1.5800
    2968       1.5963
    2969       1.5237
    2970       1.5170
    2971       1.5149
    2972       1.5127
    2973       1.4684
    2974       1.4277
    2975       1.4479
    2976       1.4993
    2977       1.5851
    2978       1.5993
    2979       1.6074
    2980       1.6367
    2981       1.5978
    2982       1.5718
    2983       1.5723
    2984       1.6642
    2985       1.6311
    2986       1.6932
    2987       1.4697
    2988       1.5469
    2989       1.5325
    2990       1.5736
    2991       1.4834
    2992       1.4360
    2993       1.2940
    2994       1.3491
    2995       1.3992
    2996       1.4019
    2997       1.4219
    2998       1.4309
    2999       1.3324
    3000       1.3641
    3001       1.3394
    3002       1.3308
    3003       1.3638
    3004       1.2136
    3005       1.3137
    3006       1.3323
    3007       1.4048
    3008       1.3826
    3009       1.3338
    3010       1.3069
    3011       1.4022
    3012       1.3902
    3013       1.3721
    3014       1.4913
    3015       1.5613
    3016       1.5998
    3017       1.5071
    3018       1.4553
    3019       1.5547
    3020       1.5629
    3021       1.6198
    3022       1.5165
    3023       1.5549
    3024       1.5509
    3025       1.6001
    3026       1.6010
    3027       1.5283
    3028       1.5584
    3029       1.4882
    3030       1.4085
    3031       1.3610
    3032       1.4457
    3033       1.5137
    3034       1.4974
    3035       1.4804
    3036       1.4796
    3037       1.4665
    3038       1.3703
    3039       1.2821
    3040       1.4275
    3041       1.3854
    3042       1.3628
    3043       1.3332
    3044       1.3211
    3045       1.2840
    3046       1.4379
    3047       1.3283
    3048       1.3348
    3049       1.2462
    3050       1.2207
    3051       1.1679
    3052       1.2274
    3053       1.2382
    3054       1.2912
    3055       1.3221
    3056       1.3153
    3057       1.2857
    3058       1.3241
    3059       1.2728
    3060       1.3938
    3061       1.3823
    3062       1.3524
    3063       1.2597
    3064       1.3547
    3065       1.3359
    3066       1.3072
    3067       1.4404
    3068       1.4429
    3069       1.4953
    3070       1.5095
    3071       1.4208
    3072       1.4109
    3073       1.3550
    3074       1.4312
    3075       1.4032
    3076       1.3765
    3077       1.3233
    3078       1.3861
    3079       1.2884
    3080       1.2214
    3081       1.2184
    3082       1.2300
    3083       1.2878
    3084       1.3277
    3085       1.3954
    3086       1.4265
    3087       1.4483
    3088       1.3865
    3089       1.4410
    3090       1.4534
    3091       1.3523
    3092       1.4041
    3093       1.3839
    3094       1.2833
    3095       1.3419
    3096       1.3763
    3097       1.2396
    3098       1.1968
    3099       1.2661
    3100       1.2689
    3101       1.3294
    3102       1.3576
    3103       1.3748
    3104       1.3443
    3105       1.3598
    3106       1.3648
    3107       1.3552
    3108       1.3483
    3109       1.3911
    3110       1.3914
    3111       1.4175
    3112       1.3765
    3113       1.4855
    3114       1.4496
    3115       1.4320
    3116       1.4247
    3117       1.3532
    3118       1.3712
    3119       1.4021
    3120       1.3713
    3121       1.2737
    3122       1.3019
    3123       1.3384
    3124       1.3784
    3125       1.3747
