#Frame     RMSD_00001
       1       0.0000
       2       0.7326
       3       0.7343
       4       0.7315
       5       0.7631
       6       0.7578
       7       0.8305
       8       0.8452
       9       0.8738
      10       0.9034
      11       0.8505
      12       0.8564
      13       0.8846
      14       0.8739
      15       0.9139
      16       0.9356
      17       0.9377
      18       0.9289
      19       0.8202
      20       0.8879
      21       0.9132
      22       0.8379
      23       0.8341
      24       0.8360
      25       0.8786
      26       0.8745
      27       0.9086
      28       0.9002
      29       0.8230
      30       0.9301
      31       0.9254
      32       0.9214
      33       0.9762
      34       0.8907
      35       0.8937
      36       0.8625
      37       0.9317
      38       0.9550
      39       0.8891
      40       0.8901
      41       0.9312
      42       0.9520
      43       0.8491
      44       1.0182
      45       0.9787
      46       0.9616
      47       0.9516
      48       0.9515
      49       1.0034
      50       1.0357
      51       0.9860
      52       0.9070
      53       0.9409
      54       0.9785
      55       0.9345
      56       0.9467
      57       0.9193
      58       0.9313
      59       0.8977
      60       0.8589
      61       0.9235
      62       0.8896
      63       0.9097
      64       0.9308
      65       0.9320
      66       0.9403
      67       0.8999
      68       0.8759
      69       0.9545
      70       0.9666
      71       1.0407
      72       0.9945
      73       0.9825
      74       0.9838
      75       0.9287
      76       0.8906
      77       0.8543
      78       0.8778
      79       0.8655
      80       0.8799
      81       0.8631
      82       0.9271
      83       1.0130
      84       1.0104
      85       0.9363
      86       1.0252
      87       0.9565
      88       0.9505
      89       0.9667
      90       1.0527
      91       1.0253
      92       1.1475
      93       1.1570
      94       1.1127
      95       1.1077
      96       1.1352
      97       1.1779
      98       1.1928
      99       1.3007
     100       1.3729
     101       1.3456
     102       1.3493
     103       1.3541
     104       1.2514
     105       1.1712
     106       1.0583
     107       0.9841
     108       1.0743
     109       1.0105
     110       1.0029
     111       0.9788
     112       0.9718
     113       0.9648
     114       0.9795
     115       0.9202
     116       0.9190
     117       0.8349
     118       0.9243
     119       1.0235
     120       0.9492
     121       0.9984
     122       0.9887
     123       1.0291
     124       0.9874
     125       1.0050
     126       1.0280
     127       1.0538
     128       1.0937
     129       1.1054
     130       1.0942
     131       1.0720
     132       1.0640
     133       1.0399
     134       1.0485
     135       1.0259
     136       1.0663
     137       0.9414
     138       0.8992
     139       0.9114
     140       0.9962
     141       1.0915
     142       0.9993
     143       1.0072
     144       1.0686
     145       1.1037
     146       1.1879
     147       1.0785
     148       1.0348
     149       1.0328
     150       1.1306
     151       1.0492
     152       1.0645
     153       1.0106
     154       0.9603
     155       1.0268
     156       0.9789
     157       0.9778
     158       0.9424
     159       1.0211
     160       1.0231
     161       0.9980
     162       1.0680
     163       1.0869
     164       1.0398
     165       1.1282
     166       1.0555
     167       1.0691
     168       1.0977
     169       1.0388
     170       1.1168
     171       0.9914
     172       1.0870
     173       1.0912
     174       1.1016
     175       1.0087
     176       1.1017
     177       1.1408
     178       1.1170
     179       1.0612
     180       1.1065
     181       1.2404
     182       1.1683
     183       1.1965
     184       1.1900
     185       1.2093
     186       1.1483
     187       1.1550
     188       1.1368
     189       1.1126
     190       1.0506
     191       1.0672
     192       1.0985
     193       1.1329
     194       1.1559
     195       1.1173
     196       1.1627
     197       1.1072
     198       1.0786
     199       1.0923
     200       1.0942
     201       1.1395
     202       1.1053
     203       1.1233
     204       1.1414
     205       1.0965
     206       1.0678
     207       1.1591
     208       1.1321
     209       1.0878
     210       1.0697
     211       1.0198
     212       0.9243
     213       0.9089
     214       0.9850
     215       0.9636
     216       0.8951
     217       0.9202
     218       0.8693
     219       0.8632
     220       0.9134
     221       1.0242
     222       0.9673
     223       1.0153
     224       1.0390
     225       1.0478
     226       1.1083
     227       1.1361
     228       1.1679
     229       1.1051
     230       1.0965
     231       1.1427
     232       1.1940
     233       1.1903
     234       1.1113
     235       1.1665
     236       1.0676
     237       1.0448
     238       1.0847
     239       1.1515
     240       1.1453
     241       1.1990
     242       1.1422
     243       1.1533
     244       1.0479
     245       1.0263
     246       1.0520
     247       1.0620
     248       1.1240
     249       1.1240
     250       1.1237
     251       1.0949
     252       1.0114
     253       1.0214
     254       0.9866
     255       1.0392
     256       1.0352
     257       1.0891
     258       1.1128
     259       1.1263
     260       1.1237
     261       1.1156
     262       1.0615
     263       1.1039
     264       1.2049
     265       1.1483
     266       1.1541
     267       1.2542
     268       1.2370
     269       1.3413
     270       1.4241
     271       1.4694
     272       1.2916
     273       1.4147
     274       1.3259
     275       1.3159
     276       1.3288
     277       1.3461
     278       1.2341
     279       1.2225
     280       1.2472
     281       1.2401
     282       1.2423
     283       1.1439
     284       1.1944
     285       1.1577
     286       1.1308
     287       1.1364
     288       1.1538
     289       1.2204
     290       1.2831
     291       1.2758
     292       1.2039
     293       1.1561
     294       1.2072
     295       1.2472
     296       1.3069
     297       1.3067
     298       1.3612
     299       1.2543
     300       1.2196
     301       1.1943
     302       1.2568
     303       1.1922
     304       1.1439
     305       1.1880
     306       1.2529
     307       1.3005
     308       1.1917
     309       1.1066
     310       1.1375
     311       1.1653
     312       1.1479
     313       1.1015
     314       1.1017
     315       1.0727
     316       1.1590
     317       1.1318
     318       1.1126
     319       1.0904
     320       1.0556
     321       1.1223
     322       1.1861
     323       1.2264
     324       1.2158
     325       1.1586
     326       1.1241
     327       1.1938
     328       1.1243
     329       1.0999
     330       1.0821
     331       1.1911
     332       1.1520
     333       1.1363
     334       1.1506
     335       1.1376
     336       1.1315
     337       1.1477
     338       1.2283
     339       1.2752
     340       1.2101
     341       1.1814
     342       1.1788
     343       1.1086
     344       1.2281
     345       1.0769
     346       1.0646
     347       1.0901
     348       1.1523
     349       1.1222
     350       1.0327
     351       1.0116
     352       1.0328
     353       1.0079
     354       1.0173
     355       0.9754
     356       1.0053
     357       1.0101
     358       1.0618
     359       1.0447
     360       1.0399
     361       1.0834
     362       1.0713
     363       1.0535
     364       1.1162
     365       1.1420
     366       1.0727
     367       0.9959
     368       1.0350
     369       1.0061
     370       1.0240
     371       1.0351
     372       1.0610
     373       1.0727
     374       1.0669
     375       1.0675
     376       1.0775
     377       1.0972
     378       1.1262
     379       1.1662
     380       1.1529
     381       1.1261
     382       1.0882
     383       1.0748
     384       1.1029
     385       1.0703
     386       1.1429
     387       1.0627
     388       1.1249
     389       1.1446
     390       1.0275
     391       1.0248
     392       1.0172
     393       1.0343
     394       1.0292
     395       1.0336
     396       0.9858
     397       0.9837
     398       1.0260
     399       1.0788
     400       1.1299
     401       1.1127
     402       1.0579
     403       1.0353
     404       1.0765
     405       1.1140
     406       1.0781
     407       1.0734
     408       1.0575
     409       1.1273
     410       1.1318
     411       1.2095
     412       1.1689
     413       1.1836
     414       1.1577
     415       1.2567
     416       1.1444
     417       1.2273
     418       1.1031
     419       1.1172
     420       1.1229
     421       1.1507
     422       1.1278
     423       1.1221
     424       1.0876
     425       1.0616
     426       1.1445
     427       1.1323
     428       1.1540
     429       1.1973
     430       1.1612
     431       1.1823
     432       1.0772
     433       1.1335
     434       1.1897
     435       1.1726
     436       1.1946
     437       1.1875
     438       1.1015
     439       1.1524
     440       1.1711
     441       1.1578
     442       1.1576
     443       1.1767
     444       1.1329
     445       1.1421
     446       1.1675
     447       1.1121
     448       1.1429
     449       1.1998
     450       1.1420
     451       1.1458
     452       1.1097
     453       1.1001
     454       1.1024
     455       1.1569
     456       1.1087
     457       1.1833
     458       1.0610
     459       1.1259
     460       1.1389
     461       1.1444
     462       1.1315
     463       1.2709
     464       1.2406
     465       1.2160
     466       1.2019
     467       1.2135
     468       1.1547
     469       1.1099
     470       1.1436
     471       1.1532
     472       1.1779
     473       1.2017
     474       1.0829
     475       1.1473
     476       1.1086
     477       1.1189
     478       1.1207
     479       1.0931
     480       1.0694
     481       1.1114
     482       1.1714
     483       1.0750
     484       1.1220
     485       1.1531
     486       1.1283
     487       1.2001
     488       1.1116
     489       1.0990
     490       1.1559
     491       1.2244
     492       1.2648
     493       1.1964
     494       1.1430
     495       1.1504
     496       1.2079
     497       1.0936
     498       1.0978
     499       1.1190
     500       1.1222
     501       1.1572
     502       1.1619
     503       1.1931
     504       1.2037
     505       1.2022
     506       1.2249
     507       1.1857
     508       1.1459
     509       1.1046
     510       1.1271
     511       1.1442
     512       1.2148
     513       1.1010
     514       1.1381
     515       1.1412
     516       1.1354
     517       1.1668
     518       1.1205
     519       1.1588
     520       1.1065
     521       1.2189
     522       1.1880
     523       1.1573
     524       1.1960
     525       1.2125
     526       1.1897
     527       1.1931
     528       1.2127
     529       1.1764
     530       1.2527
     531       1.2223
     532       1.2210
     533       1.2742
     534       1.2483
     535       1.1889
     536       1.2569
     537       1.3230
     538       1.3341
     539       1.4168
     540       1.3318
     541       1.3419
     542       1.4066
     543       1.4180
     544       1.3786
     545       1.3379
     546       1.2375
     547       1.2672
     548       1.2266
     549       1.2913
     550       1.2400
     551       1.3119
     552       1.3758
     553       1.3444
     554       1.2205
     555       1.3027
     556       1.2565
     557       1.2525
     558       1.2283
     559       1.2829
     560       1.2539
     561       1.2605
     562       1.2711
     563       1.2728
     564       1.2508
     565       1.2808
     566       1.2920
     567       1.2721
     568       1.2282
     569       1.2353
     570       1.2141
     571       1.2535
     572       1.2531
     573       1.2755
     574       1.2660
     575       1.2980
     576       1.3492
     577       1.2892
     578       1.2809
     579       1.2427
     580       1.2091
     581       1.1777
     582       1.2104
     583       1.2431
     584       1.1721
     585       1.2785
     586       1.2601
     587       1.2511
     588       1.3310
     589       1.3534
     590       1.2575
     591       1.3174
     592       1.2925
     593       1.2485
     594       1.2357
     595       1.3246
     596       1.4457
     597       1.3975
     598       1.3415
     599       1.3006
     600       1.2802
     601       1.2347
     602       1.2815
     603       1.2097
     604       1.2465
     605       1.1814
     606       1.1624
     607       1.1622
     608       1.2816
     609       1.2960
     610       1.2642
     611       1.2108
     612       1.1746
     613       1.2912
     614       1.2070
     615       1.1749
     616       1.1780
     617       1.1595
     618       1.2735
     619       1.1273
     620       1.1652
     621       1.1714
     622       1.1904
     623       1.1178
     624       1.1329
     625       1.1737
     626       1.1532
     627       1.1597
     628       1.2007
     629       1.2751
     630       1.3517
     631       1.2837
     632       1.2117
     633       1.1932
     634       1.1764
     635       1.1768
     636       1.1283
     637       1.1909
     638       1.1939
     639       1.1933
     640       1.2142
     641       1.2534
     642       1.2479
     643       1.2461
     644       1.3129
     645       1.2848
     646       1.2858
     647       1.2390
     648       1.1622
     649       1.1546
     650       1.2326
     651       1.1448
     652       1.1232
     653       1.1084
     654       1.1428
     655       1.2025
     656       1.2907
     657       1.3308
     658       1.3207
     659       1.3554
     660       1.2646
     661       1.2218
     662       1.1815
     663       1.2297
     664       1.2653
     665       1.2589
     666       1.3392
     667       1.2635
     668       1.3507
     669       1.3961
     670       1.4100
     671       1.5752
     672       1.4079
     673       1.4386
     674       1.3861
     675       1.3364
     676       1.3245
     677       1.2562
     678       1.3272
     679       1.3670
     680       1.3364
     681       1.3504
     682       1.3962
     683       1.3589
     684       1.2909
     685       1.2877
     686       1.3951
     687       1.3498
     688       1.3585
     689       1.2970
     690       1.3253
     691       1.3586
     692       1.3550
     693       1.4033
     694       1.3283
     695       1.2370
     696       1.2279
     697       1.3069
     698       1.4022
     699       1.4128
     700       1.3798
     701       1.3206
     702       1.2960
     703       1.3016
     704       1.2701
     705       1.3210
     706       1.2552
     707       1.2818
     708       1.3861
     709       1.4040
     710       1.4180
     711       1.4425
     712       1.4867
     713       1.5017
     714       1.4492
     715       1.4375
     716       1.5173
     717       1.4536
     718       1.4452
     719       1.4364
     720       1.3998
     721       1.4378
     722       1.3533
     723       1.4282
     724       1.3755
     725       1.4048
     726       1.3781
     727       1.2852
     728       1.2194
     729       1.2822
     730       1.2479
     731       1.2456
     732       1.2832
     733       1.3192
     734       1.3406
     735       1.2253
     736       1.4676
     737       1.5565
     738       1.4130
     739       1.4895
     740       1.5154
     741       1.5899
     742       1.5907
     743       1.4990
     744       1.5723
     745       1.5420
     746       1.5837
     747       1.5256
     748       1.4970
     749       1.5255
     750       1.4949
     751       1.5871
     752       1.5501
     753       1.5166
     754       1.4799
     755       1.4139
     756       1.4333
     757       1.4396
     758       1.3977
     759       1.4085
     760       1.3635
     761       1.3574
     762       1.3595
     763       1.4193
     764       1.4064
     765       1.3918
     766       1.4171
     767       1.4591
     768       1.4173
     769       1.4117
     770       1.3593
     771       1.2973
     772       1.2999
     773       1.2826
     774       1.3558
     775       1.3716
     776       1.3661
     777       1.3026
     778       1.3404
     779       1.3369
     780       1.3236
     781       1.2824
     782       1.2511
     783       1.3548
     784       1.3564
     785       1.4828
     786       1.4905
     787       1.4747
     788       1.4616
     789       1.4878
     790       1.4703
     791       1.4020
     792       1.3764
     793       1.4568
     794       1.5173
     795       1.4975
     796       1.4500
     797       1.5306
     798       1.4284
     799       1.4089
     800       1.4361
     801       1.3804
     802       1.3750
     803       1.3342
     804       1.4361
     805       1.3277
     806       1.3190
     807       1.3233
     808       1.1947
     809       1.2389
     810       1.2324
     811       1.2234
     812       1.2865
     813       1.2842
     814       1.2817
     815       1.2511
     816       1.2362
     817       1.2474
     818       1.2057
     819       1.2117
     820       1.1537
     821       1.1640
     822       1.1165
     823       1.2536
     824       1.2565
     825       1.2096
     826       1.2251
     827       1.2471
     828       1.1801
     829       1.2134
     830       1.2008
     831       1.1572
     832       1.1845
     833       1.1309
     834       1.1843
     835       1.2301
     836       1.2594
     837       1.2544
     838       1.2668
     839       1.2472
     840       1.2649
     841       1.2057
     842       1.3401
     843       1.3218
     844       1.3143
     845       1.2357
     846       1.2360
     847       1.1526
     848       1.1866
     849       1.1622
     850       1.1728
     851       1.2478
     852       1.2146
     853       1.2227
     854       1.3131
     855       1.3012
     856       1.1289
     857       1.1902
     858       1.2126
     859       1.3570
     860       1.3853
     861       1.3193
     862       1.2986
     863       1.3585
     864       1.3882
     865       1.3494
     866       1.3488
     867       1.3350
     868       1.3081
     869       1.3335
     870       1.4080
     871       1.4471
     872       1.2930
     873       1.2555
     874       1.4048
     875       1.4009
     876       1.4685
     877       1.3967
     878       1.4520
     879       1.3417
     880       1.2625
     881       1.3275
     882       1.2833
     883       1.3425
     884       1.3317
     885       1.3878
     886       1.3507
     887       1.3525
     888       1.3948
     889       1.3619
     890       1.2563
     891       1.2292
     892       1.3209
     893       1.3454
     894       1.3393
     895       1.4847
     896       1.4097
     897       1.4778
     898       1.5330
     899       1.4227
     900       1.4468
     901       1.3801
     902       1.3933
     903       1.4315
     904       1.4770
     905       1.4761
     906       1.5872
     907       1.5339
     908       1.3556
     909       1.2830
     910       1.3615
     911       1.3475
     912       1.4013
     913       1.3256
     914       1.3992
     915       1.2849
     916       1.3315
     917       1.3374
     918       1.4095
     919       1.3797
     920       1.5197
     921       1.2981
     922       1.3700
     923       1.3283
     924       1.2721
     925       1.3118
     926       1.2390
     927       1.3206
     928       1.2744
     929       1.2332
     930       1.2058
     931       1.3364
     932       1.2783
     933       1.3333
     934       1.3511
     935       1.3144
     936       1.4353
     937       1.3540
     938       1.4000
     939       1.4917
     940       1.4497
     941       1.5213
     942       1.4897
     943       1.5045
     944       1.3304
     945       1.2962
     946       1.3456
     947       1.2194
     948       1.2103
     949       1.1948
     950       1.2011
     951       1.2370
     952       1.1496
     953       1.1825
     954       1.2108
     955       1.2300
     956       1.2013
     957       1.2416
     958       1.1910
     959       1.1505
     960       1.1584
     961       1.1617
     962       1.1833
     963       1.1547
     964       1.2160
     965       1.3444
     966       1.2954
     967       1.2471
     968       1.2195
     969       1.2367
     970       1.2852
     971       1.2169
     972       1.1710
     973       1.2394
     974       1.1482
     975       1.1762
     976       1.1805
     977       1.1677
     978       1.2805
     979       1.2440
     980       1.1798
     981       1.0787
     982       1.1090
     983       1.2457
     984       1.2677
     985       1.2606
     986       1.2068
     987       1.2270
     988       1.1294
     989       1.1783
     990       1.1706
     991       1.1958
     992       1.1467
     993       1.2261
     994       1.2263
     995       1.2655
     996       1.2558
     997       1.2226
     998       1.2106
     999       1.1919
    1000       1.2607
    1001       1.2441
    1002       1.2032
    1003       1.2062
    1004       1.2307
    1005       1.2033
    1006       1.1833
    1007       1.1894
    1008       1.2229
    1009       1.1250
    1010       1.1678
    1011       1.1949
    1012       1.1953
    1013       1.1781
    1014       1.1544
    1015       1.2487
    1016       1.2186
    1017       1.1627
    1018       1.1712
    1019       1.1823
    1020       1.2487
    1021       1.3379
    1022       1.2821
    1023       1.2561
    1024       1.3541
    1025       1.3071
    1026       1.2568
    1027       1.2797
    1028       1.3208
    1029       1.3010
    1030       1.3347
    1031       1.2502
    1032       1.2768
    1033       1.2487
    1034       1.2202
    1035       1.2332
    1036       1.2903
    1037       1.2842
    1038       1.3948
    1039       1.2870
    1040       1.1861
    1041       1.1502
    1042       1.1509
    1043       1.2464
    1044       1.2944
    1045       1.3345
    1046       1.2524
    1047       1.2046
    1048       1.2096
    1049       1.1682
    1050       1.2493
    1051       1.1890
    1052       1.1890
    1053       1.2748
    1054       1.2306
    1055       1.2416
    1056       1.2625
    1057       1.2806
    1058       1.2027
    1059       1.2204
    1060       1.2178
    1061       1.2557
    1062       1.2534
    1063       1.2506
    1064       1.2859
    1065       1.3253
    1066       1.3234
    1067       1.2892
    1068       1.2400
    1069       1.2191
    1070       1.1974
    1071       1.2616
    1072       1.2776
    1073       1.2728
    1074       1.3135
    1075       1.1645
    1076       1.2140
    1077       1.2416
    1078       1.2716
    1079       1.3272
    1080       1.1943
    1081       1.2309
    1082       1.2312
    1083       1.2449
    1084       1.2684
    1085       1.2389
    1086       1.2428
    1087       1.2167
    1088       1.2605
    1089       1.1913
    1090       1.2812
    1091       1.4037
    1092       1.3769
    1093       1.4013
    1094       1.4249
    1095       1.3277
    1096       1.3728
    1097       1.4825
    1098       1.5031
    1099       1.3741
    1100       1.3230
    1101       1.2374
    1102       1.3532
    1103       1.4499
    1104       1.3626
    1105       1.4040
    1106       1.3597
    1107       1.3509
    1108       1.3438
    1109       1.3118
    1110       1.2665
    1111       1.2871
    1112       1.3407
    1113       1.3644
    1114       1.2773
    1115       1.3034
    1116       1.1376
    1117       1.1916
    1118       1.3140
    1119       1.3236
    1120       1.4065
    1121       1.4241
    1122       1.3810
    1123       1.3604
    1124       1.3658
    1125       1.3792
    1126       1.3906
    1127       1.3704
    1128       1.3774
    1129       1.3687
    1130       1.3472
    1131       1.3493
    1132       1.3442
    1133       1.3355
    1134       1.3120
    1135       1.3360
    1136       1.3541
    1137       1.3090
    1138       1.3814
    1139       1.3926
    1140       1.4824
    1141       1.4873
    1142       1.3952
    1143       1.3838
    1144       1.3206
    1145       1.3088
    1146       1.2517
    1147       1.1472
    1148       1.2235
    1149       1.2202
    1150       1.1725
    1151       1.2646
    1152       1.1743
    1153       1.2574
    1154       1.2506
    1155       1.2391
    1156       1.2219
    1157       1.2024
    1158       1.2233
    1159       1.2790
    1160       1.2702
    1161       1.3441
    1162       1.2128
    1163       1.2517
    1164       1.3082
    1165       1.3289
    1166       1.3239
    1167       1.3044
    1168       1.2297
    1169       1.1808
    1170       1.2061
    1171       1.3048
    1172       1.3082
    1173       1.3439
    1174       1.4090
    1175       1.3656
    1176       1.3060
    1177       1.3166
    1178       1.2912
    1179       1.2125
    1180       1.2627
    1181       1.2609
    1182       1.2350
    1183       1.1545
    1184       1.1948
    1185       1.2394
    1186       1.2142
    1187       1.1401
    1188       1.2155
    1189       1.2459
    1190       1.2411
    1191       1.3022
    1192       1.3099
    1193       1.3427
    1194       1.2978
    1195       1.3409
    1196       1.3468
    1197       1.2716
    1198       1.2698
    1199       1.2678
    1200       1.2573
    1201       1.3189
    1202       1.2421
    1203       1.3484
    1204       1.2733
    1205       1.3574
    1206       1.3253
    1207       1.3058
    1208       1.2685
    1209       1.3123
    1210       1.3138
    1211       1.2621
    1212       1.2804
    1213       1.2724
    1214       1.2123
    1215       1.2548
    1216       1.2775
    1217       1.2178
    1218       1.2177
    1219       1.2482
    1220       1.2504
    1221       1.2710
    1222       1.2016
    1223       1.1682
    1224       1.2431
    1225       1.2162
    1226       1.2693
    1227       1.2021
    1228       1.2290
    1229       1.2564
    1230       1.2531
    1231       1.2524
    1232       1.2483
    1233       1.1284
    1234       1.1320
    1235       1.1109
    1236       1.0858
    1237       1.2050
    1238       1.2028
    1239       1.1632
    1240       1.1154
    1241       1.1285
    1242       1.2027
    1243       1.1839
    1244       1.2282
    1245       1.2615
    1246       1.2546
    1247       1.2679
    1248       1.2438
    1249       1.2101
    1250       1.2380
    1251       1.2073
    1252       1.2746
    1253       1.2276
    1254       1.2476
    1255       1.2480
    1256       1.2450
    1257       1.2318
    1258       1.2803
    1259       1.2462
    1260       1.2609
    1261       1.2084
    1262       1.2197
    1263       1.1835
    1264       1.2797
    1265       1.2196
    1266       1.1684
    1267       1.2192
    1268       1.1152
    1269       1.1226
    1270       1.1911
    1271       1.1743
    1272       1.1769
    1273       1.1738
    1274       1.1515
    1275       1.1868
    1276       1.1781
    1277       1.1487
    1278       1.1307
    1279       1.1028
    1280       1.1047
    1281       1.0857
    1282       1.0222
    1283       1.1304
    1284       1.2148
    1285       1.1850
    1286       1.1307
    1287       1.1806
    1288       1.1947
    1289       1.2202
    1290       1.2678
    1291       1.2922
    1292       1.2204
    1293       1.1662
    1294       1.2330
    1295       1.2306
    1296       1.1695
    1297       1.0837
    1298       1.1092
    1299       1.1677
    1300       1.1634
    1301       1.1632
    1302       1.2153
    1303       1.2015
    1304       1.1644
    1305       1.1551
    1306       1.1046
    1307       1.0896
    1308       1.0998
    1309       1.0884
    1310       1.0811
    1311       1.0707
    1312       1.0796
    1313       1.0964
    1314       1.1184
    1315       1.1600
    1316       1.1079
    1317       1.0981
    1318       1.1587
    1319       1.1593
    1320       1.1712
    1321       1.1822
    1322       1.1274
    1323       1.0970
    1324       1.0614
    1325       1.0809
    1326       1.0667
    1327       1.1000
    1328       1.1289
    1329       1.1554
    1330       1.1104
    1331       1.1373
    1332       1.0719
    1333       1.0994
    1334       1.0352
    1335       1.0525
    1336       1.0525
    1337       1.0422
    1338       1.1118
    1339       1.1128
    1340       1.1444
    1341       1.1215
    1342       1.0963
    1343       1.0456
    1344       1.0441
    1345       1.0463
    1346       1.1848
    1347       1.0653
    1348       1.0628
    1349       1.0956
    1350       1.1374
    1351       1.1959
    1352       1.2537
    1353       1.2530
    1354       1.1922
    1355       1.1382
    1356       1.1220
    1357       1.1557
    1358       1.1339
    1359       1.1527
    1360       1.2331
    1361       1.1939
    1362       1.2561
    1363       1.2288
    1364       1.2575
    1365       1.1988
    1366       1.2127
    1367       1.2496
    1368       1.1618
    1369       1.2354
    1370       1.3125
    1371       1.2239
    1372       1.2733
    1373       1.2284
    1374       1.1859
    1375       1.2568
    1376       1.1658
    1377       1.1705
    1378       1.2763
    1379       1.2483
    1380       1.2290
    1381       1.3132
    1382       1.3341
    1383       1.2900
    1384       1.2811
    1385       1.3160
    1386       1.3601
    1387       1.2789
    1388       1.3492
    1389       1.3949
    1390       1.3673
    1391       1.3248
    1392       1.2766
    1393       1.3543
    1394       1.2841
    1395       1.2631
    1396       1.2500
    1397       1.2951
    1398       1.2201
    1399       1.2361
    1400       1.2762
    1401       1.1732
    1402       1.2318
    1403       1.2645
    1404       1.2221
    1405       1.2921
    1406       1.2065
    1407       1.2758
    1408       1.2850
    1409       1.2581
    1410       1.3314
    1411       1.3453
    1412       1.3338
    1413       1.3390
    1414       1.3062
    1415       1.2765
    1416       1.3121
    1417       1.2976
    1418       1.3051
    1419       1.2469
    1420       1.1536
    1421       1.2430
    1422       1.2660
    1423       1.2395
    1424       1.2036
    1425       1.2287
    1426       1.1870
    1427       1.1915
    1428       1.2295
    1429       1.2110
    1430       1.2372
    1431       1.2056
    1432       1.2645
    1433       1.2335
    1434       1.2345
    1435       1.2525
    1436       1.2163
    1437       1.2384
    1438       1.1964
    1439       1.1643
    1440       1.2004
    1441       1.2370
    1442       1.1941
    1443       1.2243
    1444       1.2183
    1445       1.3064
    1446       1.2354
    1447       1.1976
    1448       1.1893
    1449       1.2328
    1450       1.2203
    1451       1.1564
    1452       1.1528
    1453       1.2998
    1454       1.3043
    1455       1.2677
    1456       1.3200
    1457       1.2853
    1458       1.2811
    1459       1.2147
    1460       1.2439
    1461       1.3070
    1462       1.3297
    1463       1.3235
    1464       1.2413
    1465       1.3027
    1466       1.3609
    1467       1.3396
    1468       1.2949
    1469       1.3468
    1470       1.2921
    1471       1.2698
    1472       1.2683
    1473       1.5047
    1474       1.5197
    1475       1.4988
    1476       1.4941
    1477       1.4508
    1478       1.4501
    1479       1.4058
    1480       1.3699
    1481       1.3194
    1482       1.3292
    1483       1.4001
    1484       1.2920
    1485       1.3098
    1486       1.2713
    1487       1.2665
    1488       1.3203
    1489       1.2609
    1490       1.1963
    1491       1.2611
    1492       1.3476
    1493       1.4052
    1494       1.3859
    1495       1.3771
    1496       1.4540
    1497       1.5389
    1498       1.5220
    1499       1.5846
    1500       1.5666
    1501       1.6638
    1502       1.6402
    1503       1.6305
    1504       1.5164
    1505       1.6400
    1506       1.6456
    1507       1.7079
    1508       1.6571
    1509       1.5630
    1510       1.5752
    1511       1.5765
    1512       1.6263
    1513       1.6174
    1514       1.6317
    1515       1.5616
    1516       1.4387
    1517       1.4843
    1518       1.4849
    1519       1.4880
    1520       1.5143
    1521       1.4632
    1522       1.3697
    1523       1.3796
    1524       1.3999
    1525       1.4071
    1526       1.4137
    1527       1.4920
    1528       1.4201
    1529       1.2739
    1530       1.3446
    1531       1.4137
    1532       1.3915
    1533       1.4046
    1534       1.4476
    1535       1.5273
    1536       1.4843
    1537       1.4203
    1538       1.4294
    1539       1.4970
    1540       1.4797
    1541       1.4460
    1542       1.4984
    1543       1.3750
    1544       1.4054
    1545       1.3896
    1546       1.4309
    1547       1.4688
    1548       1.5192
    1549       1.4459
    1550       1.3995
    1551       1.4747
    1552       1.4400
    1553       1.5303
    1554       1.5232
    1555       1.5737
    1556       1.6102
    1557       1.7312
    1558       1.8020
    1559       1.7314
    1560       1.6680
    1561       1.6079
    1562       1.5959
    1563       1.4438
    1564       1.4715
    1565       1.3483
    1566       1.3825
    1567       1.4418
    1568       1.4569
    1569       1.6101
    1570       1.5164
    1571       1.5876
    1572       1.5311
    1573       1.4330
    1574       1.4503
    1575       1.5448
    1576       1.5354
    1577       1.4744
    1578       1.5149
    1579       1.4843
    1580       1.3554
    1581       1.2891
    1582       1.3239
    1583       1.3661
    1584       1.2999
    1585       1.2525
    1586       1.3168
    1587       1.4090
    1588       1.3906
    1589       1.4329
    1590       1.4679
    1591       1.4208
    1592       1.5456
    1593       1.5015
    1594       1.5290
    1595       1.4576
    1596       1.4887
    1597       1.4425
    1598       1.4525
    1599       1.5066
    1600       1.5122
    1601       1.4721
    1602       1.5595
    1603       1.4989
    1604       1.4098
    1605       1.3965
    1606       1.3836
    1607       1.3370
    1608       1.3931
    1609       1.3378
    1610       1.3102
    1611       1.3068
    1612       1.2488
    1613       1.2900
    1614       1.4034
    1615       1.4724
    1616       1.4579
    1617       1.5710
    1618       1.5336
    1619       1.5179
    1620       1.4999
    1621       1.4260
    1622       1.5791
    1623       1.6187
    1624       1.5705
    1625       1.4927
    1626       1.5058
    1627       1.4954
    1628       1.5527
    1629       1.4016
    1630       1.4245
    1631       1.5004
    1632       1.4802
    1633       1.4584
    1634       1.4133
    1635       1.3686
    1636       1.3764
    1637       1.3255
    1638       1.3255
    1639       1.3018
    1640       1.3681
    1641       1.3653
    1642       1.4215
    1643       1.5494
    1644       1.4981
    1645       1.5012
    1646       1.4703
    1647       1.3251
    1648       1.3221
    1649       1.3669
    1650       1.3951
    1651       1.3482
    1652       1.2167
    1653       1.1832
    1654       1.3722
    1655       1.2078
    1656       1.3234
    1657       1.4155
    1658       1.3876
    1659       1.4120
    1660       1.3450
    1661       1.3426
    1662       1.4175
    1663       1.4681
    1664       1.4727
    1665       1.5017
    1666       1.5852
    1667       1.5073
    1668       1.5010
    1669       1.4111
    1670       1.3700
    1671       1.4112
    1672       1.2877
    1673       1.3666
    1674       1.3779
    1675       1.3529
    1676       1.2909
    1677       1.2787
    1678       1.3509
    1679       1.4240
    1680       1.4211
    1681       1.4600
    1682       1.3677
    1683       1.4405
    1684       1.3715
    1685       1.3325
    1686       1.4049
    1687       1.3588
    1688       1.3446
    1689       1.3371
    1690       1.3124
    1691       1.2957
    1692       1.2775
    1693       1.3100
    1694       1.2311
    1695       1.2535
    1696       1.2656
    1697       1.3836
    1698       1.4586
    1699       1.5207
    1700       1.4229
    1701       1.4286
    1702       1.5115
    1703       1.5577
    1704       1.5668
    1705       1.4941
    1706       1.5213
    1707       1.5708
    1708       1.4782
    1709       1.4927
    1710       1.6000
    1711       1.6085
    1712       1.6286
    1713       1.5487
    1714       1.5812
    1715       1.5226
    1716       1.5699
    1717       1.5589
    1718       1.5536
    1719       1.5011
    1720       1.5228
    1721       1.5488
    1722       1.4638
    1723       1.5045
    1724       1.4432
    1725       1.4831
    1726       1.4450
    1727       1.5386
    1728       1.5469
    1729       1.4789
    1730       1.4711
    1731       1.6010
    1732       1.6006
    1733       1.7789
    1734       1.8122
    1735       1.8904
    1736       1.7026
    1737       1.5814
    1738       1.5868
    1739       1.5928
    1740       1.6654
    1741       1.5803
    1742       1.6271
    1743       1.6529
    1744       1.5637
    1745       1.5228
    1746       1.5937
    1747       1.6223
    1748       1.6680
    1749       1.5835
    1750       1.6533
    1751       1.6642
    1752       1.6881
    1753       1.6609
    1754       1.6944
    1755       1.7749
    1756       1.7236
    1757       1.5886
    1758       1.6074
    1759       1.5717
    1760       1.6631
    1761       1.6194
    1762       1.6756
    1763       1.7143
    1764       1.7483
    1765       1.7480
    1766       1.6675
    1767       1.6160
    1768       1.6795
    1769       1.6721
    1770       1.6524
    1771       1.6294
    1772       1.6593
    1773       1.6229
    1774       1.6325
    1775       1.5123
    1776       1.5162
    1777       1.5669
    1778       1.5738
    1779       1.5814
    1780       1.6219
    1781       1.5123
    1782       1.5373
    1783       1.4878
    1784       1.5295
    1785       1.6147
    1786       1.6278
    1787       1.5854
    1788       1.5398
    1789       1.5253
    1790       1.5173
    1791       1.4756
    1792       1.4681
    1793       1.4951
    1794       1.4477
    1795       1.5141
    1796       1.5075
    1797       1.5327
    1798       1.4374
    1799       1.3644
    1800       1.3735
    1801       1.3623
    1802       1.3488
    1803       1.3557
    1804       1.2902
    1805       1.3520
    1806       1.4247
    1807       1.3537
    1808       1.3213
    1809       1.3313
    1810       1.3365
    1811       1.3722
    1812       1.3888
    1813       1.4139
    1814       1.3807
    1815       1.4081
    1816       1.4167
    1817       1.4321
    1818       1.4755
    1819       1.4952
    1820       1.4853
    1821       1.4767
    1822       1.4179
    1823       1.4635
    1824       1.3863
    1825       1.3405
    1826       1.4490
    1827       1.4576
    1828       1.5436
    1829       1.5915
    1830       1.5894
    1831       1.7266
    1832       1.5695
    1833       1.5651
    1834       1.5605
    1835       1.5673
    1836       1.4970
    1837       1.4528
    1838       1.3860
    1839       1.3418
    1840       1.3358
    1841       1.3402
    1842       1.3789
    1843       1.4413
    1844       1.5271
    1845       1.6344
    1846       1.5876
    1847       1.4252
    1848       1.4449
    1849       1.4558
    1850       1.5905
    1851       1.4920
    1852       1.4837
    1853       1.5756
    1854       1.6083
    1855       1.6676
    1856       1.6442
    1857       1.6882
    1858       1.5633
    1859       1.5369
    1860       1.4881
    1861       1.5142
    1862       1.4957
    1863       1.4843
    1864       1.6015
    1865       1.6048
    1866       1.5336
    1867       1.5681
    1868       1.6031
    1869       1.6111
    1870       1.5132
    1871       1.5081
    1872       1.5834
    1873       1.5999
    1874       1.5887
    1875       1.6648
    1876       1.7738
    1877       1.7213
    1878       1.7908
    1879       1.8326
    1880       1.8988
    1881       1.9143
    1882       1.9793
    1883       1.8352
    1884       1.7954
    1885       1.7810
    1886       1.7437
    1887       1.6403
    1888       1.6540
    1889       1.6724
    1890       1.6877
    1891       1.6483
    1892       1.4911
    1893       1.4891
    1894       1.6104
    1895       1.5319
    1896       1.5966
    1897       1.6280
    1898       1.5352
    1899       1.5801
    1900       1.7577
    1901       1.6016
    1902       1.4884
    1903       1.5683
    1904       1.6368
    1905       1.7378
    1906       1.7170
    1907       1.8254
    1908       1.8267
    1909       1.8241
    1910       1.8799
    1911       1.7330
    1912       1.8101
    1913       1.8166
    1914       1.6839
    1915       1.5859
    1916       1.6310
    1917       1.6445
    1918       1.6833
    1919       1.6159
    1920       1.6261
    1921       1.6276
    1922       1.7345
    1923       1.7864
    1924       1.8273
    1925       1.7082
    1926       1.5441
    1927       1.5256
    1928       1.5701
    1929       1.5987
    1930       1.4893
    1931       1.5046
    1932       1.4675
    1933       1.4088
    1934       1.4128
    1935       1.5294
    1936       1.5131
    1937       1.4652
    1938       1.5063
    1939       1.4482
    1940       1.3849
    1941       1.3601
    1942       1.3864
    1943       1.2880
    1944       1.3723
    1945       1.3307
    1946       1.3488
    1947       1.3324
    1948       1.3381
    1949       1.3579
    1950       1.2480
    1951       1.3149
    1952       1.2893
    1953       1.2967
    1954       1.2177
    1955       1.2242
    1956       1.2868
    1957       1.3498
    1958       1.2943
    1959       1.2942
    1960       1.2203
    1961       1.3136
    1962       1.2831
    1963       1.2791
    1964       1.2678
    1965       1.2277
    1966       1.2266
    1967       1.1736
    1968       1.1989
    1969       1.3401
    1970       1.2716
    1971       1.3100
    1972       1.3654
    1973       1.4057
    1974       1.3872
    1975       1.3486
    1976       1.3729
    1977       1.3520
    1978       1.3594
    1979       1.3985
    1980       1.3948
    1981       1.3928
    1982       1.4739
    1983       1.4301
    1984       1.3242
    1985       1.3922
    1986       1.3117
    1987       1.3757
    1988       1.4102
    1989       1.4185
    1990       1.3891
    1991       1.3165
    1992       1.2917
    1993       1.2941
    1994       1.2713
    1995       1.1933
    1996       1.2804
    1997       1.2178
    1998       1.2524
    1999       1.2833
    2000       1.2036
    2001       1.2114
    2002       1.2245
    2003       1.2453
    2004       1.2741
    2005       1.3823
    2006       1.2868
    2007       1.2705
    2008       1.3033
    2009       1.2944
    2010       1.2833
    2011       1.2478
    2012       1.2256
    2013       1.2031
    2014       1.1945
    2015       1.1955
    2016       1.1612
    2017       1.1473
    2018       1.1659
    2019       1.1433
    2020       1.1359
    2021       1.1669
    2022       1.2271
    2023       1.2303
    2024       1.2091
    2025       1.2611
    2026       1.3110
    2027       1.1855
    2028       1.1996
    2029       1.2070
    2030       1.2137
    2031       1.2241
    2032       1.2550
    2033       1.2617
    2034       1.3207
    2035       1.2768
    2036       1.2413
    2037       1.2795
    2038       1.3697
    2039       1.3067
    2040       1.3140
    2041       1.3203
    2042       1.3539
    2043       1.2715
    2044       1.3576
    2045       1.2660
    2046       1.1833
    2047       1.1727
    2048       1.2198
    2049       1.1601
    2050       1.2207
    2051       1.2336
    2052       1.2514
    2053       1.2224
    2054       1.2903
    2055       1.2941
    2056       1.2595
    2057       1.3197
    2058       1.3295
    2059       1.3613
    2060       1.3195
    2061       1.2807
    2062       1.2489
    2063       1.2921
    2064       1.2820
    2065       1.2637
    2066       1.2506
    2067       1.2900
    2068       1.2795
    2069       1.2867
    2070       1.2342
    2071       1.2935
    2072       1.3611
    2073       1.2277
    2074       1.3071
    2075       1.2202
    2076       1.2739
    2077       1.2776
    2078       1.2411
    2079       1.2762
    2080       1.2898
    2081       1.2623
    2082       1.1763
    2083       1.2309
    2084       1.2758
    2085       1.1861
    2086       1.2091
    2087       1.2304
    2088       1.2557
    2089       1.2464
    2090       1.2312
    2091       1.3010
    2092       1.2873
    2093       1.3348
    2094       1.2314
    2095       1.2282
    2096       1.2232
    2097       1.2403
    2098       1.2701
    2099       1.2727
    2100       1.3486
    2101       1.3506
    2102       1.4045
    2103       1.2437
    2104       1.2799
    2105       1.2916
    2106       1.2251
    2107       1.1383
    2108       1.1221
    2109       1.1902
    2110       1.1546
    2111       1.1056
    2112       1.0601
    2113       1.0095
    2114       1.1040
    2115       1.0462
    2116       1.1270
    2117       1.0746
    2118       1.0410
    2119       1.0268
    2120       1.1129
    2121       1.0795
    2122       1.1120
    2123       1.0725
    2124       1.0552
    2125       1.0309
    2126       0.9981
    2127       0.9972
    2128       1.0195
    2129       1.0629
    2130       1.1259
    2131       1.1187
    2132       1.1737
    2133       1.1933
    2134       1.1640
    2135       1.1727
    2136       1.2134
    2137       1.1976
    2138       1.2242
    2139       1.2250
    2140       1.1902
    2141       1.2145
    2142       1.1673
    2143       1.1408
    2144       1.1512
    2145       1.1888
    2146       1.1863
    2147       1.1019
    2148       1.1408
    2149       1.1922
    2150       1.1062
    2151       1.1066
    2152       1.1403
    2153       1.1549
    2154       1.2436
    2155       1.2750
    2156       1.1757
    2157       1.1698
    2158       1.1638
    2159       1.0866
    2160       1.1132
    2161       1.1353
    2162       1.2134
    2163       1.1766
    2164       1.1375
    2165       1.0954
    2166       1.0883
    2167       1.0913
    2168       1.1023
    2169       1.1513
    2170       1.1618
    2171       1.1506
    2172       1.1318
    2173       1.1320
    2174       1.0959
    2175       1.1777
    2176       1.1959
    2177       1.1786
    2178       1.1699
    2179       1.2305
    2180       1.2282
    2181       1.3221
    2182       1.2712
    2183       1.2741
    2184       1.2740
    2185       1.3404
    2186       1.2330
    2187       1.2734
    2188       1.3446
    2189       1.3283
    2190       1.3964
    2191       1.4080
    2192       1.3910
    2193       1.2753
    2194       1.3147
    2195       1.2382
    2196       1.3419
    2197       1.3437
    2198       1.4521
    2199       1.4181
    2200       1.5156
    2201       1.4187
    2202       1.4271
    2203       1.4443
    2204       1.4214
    2205       1.4351
    2206       1.4560
    2207       1.4360
    2208       1.3956
    2209       1.3213
    2210       1.2985
    2211       1.3173
    2212       1.3944
    2213       1.4451
    2214       1.4367
    2215       1.3797
    2216       1.3406
    2217       1.3011
    2218       1.2401
    2219       1.2745
    2220       1.3413
    2221       1.3627
    2222       1.2685
    2223       1.2572
    2224       1.1928
    2225       1.2464
    2226       1.2159
    2227       1.2117
    2228       1.2578
    2229       1.2054
    2230       1.2096
    2231       1.2867
    2232       1.2984
    2233       1.4098
    2234       1.4153
    2235       1.4235
    2236       1.4031
    2237       1.3745
    2238       1.4142
    2239       1.3696
    2240       1.3624
    2241       1.3597
    2242       1.3733
    2243       1.3035
    2244       1.2556
    2245       1.2389
    2246       1.3246
    2247       1.2451
    2248       1.2556
    2249       1.2200
    2250       1.2706
    2251       1.3026
    2252       1.2584
    2253       1.1029
    2254       1.1998
    2255       1.2408
    2256       1.1567
    2257       1.1581
    2258       1.1215
    2259       1.1872
    2260       1.1861
    2261       1.1483
    2262       1.1738
    2263       1.2225
    2264       1.2355
    2265       1.3570
    2266       1.3062
    2267       1.3248
    2268       1.2728
    2269       1.2345
    2270       1.2205
    2271       1.2327
    2272       1.1638
    2273       1.2412
    2274       1.2603
    2275       1.1731
    2276       1.1550
    2277       1.1928
    2278       1.3491
    2279       1.2563
    2280       1.2715
    2281       1.4078
    2282       1.3569
    2283       1.4306
    2284       1.4907
    2285       1.4682
    2286       1.4639
    2287       1.3518
    2288       1.3574
    2289       1.3068
    2290       1.3881
    2291       1.4407
    2292       1.4103
    2293       1.3462
    2294       1.2332
    2295       1.3532
    2296       1.3629
    2297       1.3616
    2298       1.3110
    2299       1.2849
    2300       1.2781
    2301       1.2916
    2302       1.3593
    2303       1.5143
    2304       1.4309
    2305       1.3990
    2306       1.5378
    2307       1.5388
    2308       1.5995
    2309       1.4606
    2310       1.3805
    2311       1.3491
    2312       1.3810
    2313       1.4241
    2314       1.3784
    2315       1.3522
    2316       1.2604
    2317       1.3349
    2318       1.3515
    2319       1.3284
    2320       1.4417
    2321       1.4394
    2322       1.3204
    2323       1.3127
    2324       1.2887
    2325       1.3667
    2326       1.4626
    2327       1.4984
    2328       1.4229
    2329       1.5269
    2330       1.4562
    2331       1.4934
    2332       1.4874
    2333       1.3458
    2334       1.4470
    2335       1.5214
    2336       1.4995
    2337       1.4664
    2338       1.3355
    2339       1.5051
    2340       1.4472
    2341       1.4566
    2342       1.4544
    2343       1.4976
    2344       1.4719
    2345       1.4214
    2346       1.5250
    2347       1.5570
    2348       1.5430
    2349       1.5323
    2350       1.5457
    2351       1.5608
    2352       1.5148
    2353       1.6986
    2354       1.7123
    2355       1.7201
    2356       1.7199
    2357       1.6841
    2358       1.5998
    2359       1.5369
    2360       1.4578
    2361       1.5087
    2362       1.4136
    2363       1.3762
    2364       1.4442
    2365       1.4351
    2366       1.3637
    2367       1.3321
    2368       1.3331
    2369       1.3080
    2370       1.3527
    2371       1.3736
    2372       1.2763
    2373       1.2399
    2374       1.1950
    2375       1.1980
    2376       1.2775
    2377       1.2719
    2378       1.1946
    2379       1.2228
    2380       1.1326
    2381       1.1100
    2382       1.1239
    2383       1.1238
    2384       1.1288
    2385       1.1811
    2386       1.2178
    2387       1.1933
    2388       1.1762
    2389       1.1964
    2390       1.1872
    2391       1.1863
    2392       1.1138
    2393       1.0959
    2394       1.1759
    2395       1.1312
    2396       1.1208
    2397       1.1445
    2398       1.1870
    2399       1.1338
    2400       1.1919
    2401       1.2583
    2402       1.2860
    2403       1.4130
    2404       1.3775
    2405       1.3463
    2406       1.2991
    2407       1.2122
    2408       1.2750
    2409       1.3276
    2410       1.3619
    2411       1.3083
    2412       1.3496
    2413       1.3018
    2414       1.3538
    2415       1.4111
    2416       1.4206
    2417       1.2980
    2418       1.3405
    2419       1.4080
    2420       1.4895
    2421       1.4650
    2422       1.3010
    2423       1.2979
    2424       1.3547
    2425       1.2874
    2426       1.3463
    2427       1.4294
    2428       1.4853
    2429       1.4211
    2430       1.4582
    2431       1.4438
    2432       1.3617
    2433       1.3769
    2434       1.4178
    2435       1.2518
    2436       1.2433
    2437       1.3382
    2438       1.3743
    2439       1.3338
    2440       1.3085
    2441       1.2639
    2442       1.3242
    2443       1.2646
    2444       1.2720
    2445       1.2536
    2446       1.3269
    2447       1.3239
    2448       1.3395
    2449       1.4005
    2450       1.4152
    2451       1.4861
    2452       1.3890
    2453       1.3518
    2454       1.2777
    2455       1.3463
    2456       1.2833
    2457       1.2577
    2458       1.1674
    2459       1.1995
    2460       1.2981
    2461       1.3202
    2462       1.2549
    2463       1.2682
    2464       1.3463
    2465       1.4176
    2466       1.4452
    2467       1.3970
    2468       1.3264
    2469       1.2484
    2470       1.2755
    2471       1.3407
    2472       1.2802
    2473       1.2605
    2474       1.2515
    2475       1.3359
    2476       1.2422
    2477       1.3376
    2478       1.2622
    2479       1.3283
    2480       1.3442
    2481       1.3436
    2482       1.3268
    2483       1.3659
    2484       1.3358
    2485       1.5125
    2486       1.4068
    2487       1.3431
    2488       1.3533
    2489       1.2439
    2490       1.3174
    2491       1.3570
    2492       1.3222
    2493       1.2621
    2494       1.3247
    2495       1.2508
    2496       1.3467
    2497       1.2878
    2498       1.3132
    2499       1.3573
    2500       1.3300
    2501       1.3876
    2502       1.4083
    2503       1.3917
    2504       1.3741
    2505       1.4085
    2506       1.4337
    2507       1.3302
    2508       1.3439
    2509       1.3437
    2510       1.3217
    2511       1.3073
    2512       1.3997
    2513       1.4097
    2514       1.3409
    2515       1.2410
    2516       1.2872
    2517       1.2549
    2518       1.2569
    2519       1.2600
    2520       1.2679
    2521       1.2938
    2522       1.3194
    2523       1.3538
    2524       1.5377
    2525       1.4898
    2526       1.6169
    2527       1.4266
    2528       1.4906
    2529       1.3977
    2530       1.3858
    2531       1.3487
    2532       1.3480
    2533       1.3860
    2534       1.3932
    2535       1.3374
    2536       1.3108
    2537       1.4758
    2538       1.4941
    2539       1.4733
    2540       1.4660
    2541       1.4911
    2542       1.4646
    2543       1.5037
    2544       1.3763
    2545       1.3415
    2546       1.3782
    2547       1.2701
    2548       1.2931
    2549       1.3901
    2550       1.3205
    2551       1.3369
    2552       1.3828
    2553       1.3833
    2554       1.4160
    2555       1.4289
    2556       1.3034
    2557       1.3054
    2558       1.2463
    2559       1.1722
    2560       1.2670
    2561       1.2126
    2562       1.2613
    2563       1.3324
    2564       1.2460
    2565       1.2811
    2566       1.2448
    2567       1.2260
    2568       1.2827
    2569       1.2501
    2570       1.2583
    2571       1.2952
    2572       1.2533
    2573       1.2159
    2574       1.0871
    2575       1.0951
    2576       1.1324
    2577       1.1489
    2578       1.1330
    2579       1.1503
    2580       1.1191
    2581       1.0802
    2582       1.0777
    2583       1.1018
    2584       1.0927
    2585       1.0901
    2586       1.1008
    2587       1.1821
    2588       1.1486
    2589       1.1708
    2590       1.2225
    2591       1.2919
    2592       1.2565
    2593       1.2804
    2594       1.2560
    2595       1.2069
    2596       1.2848
    2597       1.2256
    2598       1.1559
    2599       1.1805
    2600       1.1940
    2601       1.2021
    2602       1.1879
    2603       1.1469
    2604       1.1191
    2605       1.1792
    2606       1.1981
    2607       1.1091
    2608       1.1119
    2609       1.1051
    2610       1.0725
    2611       1.0960
    2612       1.0908
    2613       1.1384
    2614       1.1334
    2615       1.0896
    2616       1.2173
    2617       1.1475
    2618       1.1865
    2619       1.1704
    2620       1.1788
    2621       1.1013
    2622       1.1953
    2623       1.1948
    2624       1.2494
    2625       1.3221
    2626       1.3151
    2627       1.2583
    2628       1.2892
    2629       1.2512
    2630       1.3253
    2631       1.3278
    2632       1.4081
    2633       1.2882
    2634       1.3035
    2635       1.3515
    2636       1.4296
    2637       1.3615
    2638       1.3977
    2639       1.2986
    2640       1.3391
    2641       1.4192
    2642       1.4460
    2643       1.3342
    2644       1.3423
    2645       1.3431
    2646       1.3517
    2647       1.4102
    2648       1.5007
    2649       1.6497
    2650       1.6513
    2651       1.4853
    2652       1.4225
    2653       1.2753
    2654       1.3869
    2655       1.3935
    2656       1.3589
    2657       1.4298
    2658       1.4858
    2659       1.4648
    2660       1.3871
    2661       1.3888
    2662       1.2423
    2663       1.3678
    2664       1.2760
    2665       1.3419
    2666       1.3831
    2667       1.3788
    2668       1.4479
    2669       1.4164
    2670       1.3317
    2671       1.2943
    2672       1.2490
    2673       1.2952
    2674       1.2156
    2675       1.1758
    2676       1.1848
    2677       1.1443
    2678       1.1292
    2679       1.1665
    2680       1.1529
    2681       1.1461
    2682       1.1507
    2683       1.1946
    2684       1.1857
    2685       1.1784
    2686       1.1898
    2687       1.2078
    2688       1.2217
    2689       1.2453
    2690       1.2366
    2691       1.2592
    2692       1.1556
    2693       1.1929
    2694       1.1871
    2695       1.1667
    2696       1.1802
    2697       1.2560
    2698       1.1720
    2699       1.1975
    2700       1.2113
    2701       1.1685
    2702       1.1957
    2703       1.1774
    2704       1.1983
    2705       1.1488
    2706       1.1857
    2707       1.2167
    2708       1.1459
    2709       1.2087
    2710       1.2046
    2711       1.0991
    2712       1.1626
    2713       1.2100
    2714       1.1579
    2715       1.2098
    2716       1.1737
    2717       1.2114
    2718       1.1935
    2719       1.1396
    2720       1.1606
    2721       1.1953
    2722       1.1798
    2723       1.2450
    2724       1.3504
    2725       1.2747
    2726       1.3300
    2727       1.2457
    2728       1.3043
    2729       1.2425
    2730       1.1929
    2731       1.1967
    2732       1.2064
    2733       1.2245
    2734       1.2962
    2735       1.2034
    2736       1.2669
    2737       1.2157
    2738       1.2475
    2739       1.2027
    2740       1.1212
    2741       1.1909
    2742       1.2311
    2743       1.3032
    2744       1.3027
    2745       1.2650
    2746       1.3744
    2747       1.3904
    2748       1.3168
    2749       1.2376
    2750       1.2235
    2751       1.2618
    2752       1.2505
    2753       1.2331
    2754       1.2001
    2755       1.2318
    2756       1.2423
    2757       1.3377
    2758       1.3342
    2759       1.3053
    2760       1.2804
    2761       1.3799
    2762       1.3983
    2763       1.4021
    2764       1.4084
    2765       1.4100
    2766       1.3435
    2767       1.3589
    2768       1.2891
    2769       1.2880
    2770       1.2514
    2771       1.2725
    2772       1.3096
    2773       1.3781
    2774       1.3141
    2775       1.2842
    2776       1.1948
    2777       1.1285
    2778       1.1716
    2779       1.1688
    2780       1.1488
    2781       1.1274
    2782       1.1531
    2783       1.1082
    2784       1.1876
    2785       1.2259
    2786       1.1877
    2787       1.2022
    2788       1.3019
    2789       1.2310
    2790       1.1777
    2791       1.1599
    2792       1.1269
    2793       1.1137
    2794       1.0913
    2795       1.1066
    2796       1.1190
    2797       1.1738
    2798       1.1214
    2799       1.2180
    2800       1.1448
    2801       1.1910
    2802       1.1635
    2803       1.1810
    2804       1.1851
    2805       1.1889
    2806       1.1441
    2807       1.2007
    2808       1.3228
    2809       1.3874
    2810       1.3070
    2811       1.2800
    2812       1.3082
    2813       1.3424
    2814       1.3228
    2815       1.3087
    2816       1.3433
    2817       1.4170
    2818       1.4442
    2819       1.4081
    2820       1.2913
    2821       1.3762
    2822       1.3230
    2823       1.3986
    2824       1.4448
    2825       1.5585
    2826       1.5705
    2827       1.5607
    2828       1.6129
    2829       1.4686
    2830       1.5596
    2831       1.5429
    2832       1.6111
    2833       1.5222
    2834       1.4643
    2835       1.4392
    2836       1.4755
    2837       1.5360
    2838       1.6565
    2839       1.5706
    2840       1.4415
    2841       1.5288
    2842       1.5633
    2843       1.5074
    2844       1.5760
    2845       1.4438
    2846       1.4423
    2847       1.3239
    2848       1.4080
    2849       1.4164
    2850       1.4436
    2851       1.3403
    2852       1.3297
    2853       1.2400
    2854       1.2493
    2855       1.3788
    2856       1.3642
    2857       1.3107
    2858       1.3608
    2859       1.2923
    2860       1.3753
    2861       1.2449
    2862       1.2325
    2863       1.2695
    2864       1.3589
    2865       1.3101
    2866       1.2575
    2867       1.2486
    2868       1.2118
    2869       1.3407
    2870       1.3336
    2871       1.3627
    2872       1.2905
    2873       1.3278
    2874       1.2951
    2875       1.3078
    2876       1.2543
    2877       1.3111
    2878       1.2747
    2879       1.2653
    2880       1.3204
    2881       1.2659
    2882       1.3097
    2883       1.2984
    2884       1.1978
    2885       1.1830
    2886       1.1998
    2887       1.2797
    2888       1.2450
    2889       1.2585
    2890       1.1863
    2891       1.3063
    2892       1.3043
    2893       1.3375
    2894       1.2873
    2895       1.2474
    2896       1.2107
    2897       1.2913
    2898       1.3516
    2899       1.3341
    2900       1.3095
    2901       1.3059
    2902       1.3426
    2903       1.2952
    2904       1.2345
    2905       1.4231
    2906       1.3579
    2907       1.3971
    2908       1.2381
    2909       1.3476
    2910       1.3981
    2911       1.3322
    2912       1.3003
    2913       1.3664
    2914       1.2826
    2915       1.2957
    2916       1.1596
    2917       1.1766
    2918       1.1412
    2919       1.2036
    2920       1.2276
    2921       1.2417
    2922       1.2488
    2923       1.1901
    2924       1.2303
    2925       1.2588
    2926       1.2370
    2927       1.2427
    2928       1.2305
    2929       1.2069
    2930       1.3076
    2931       1.2671
    2932       1.2211
    2933       1.1867
    2934       1.2230
    2935       1.1867
    2936       1.2083
    2937       1.1915
    2938       1.2254
    2939       1.2190
    2940       1.1838
    2941       1.2457
    2942       1.1792
    2943       1.2213
    2944       1.2058
    2945       1.2029
    2946       1.1906
    2947       1.1751
    2948       1.2433
    2949       1.3073
    2950       1.2921
    2951       1.2291
    2952       1.2546
    2953       1.2973
    2954       1.3206
    2955       1.3157
    2956       1.2886
    2957       1.2652
    2958       1.2951
    2959       1.3091
    2960       1.2479
    2961       1.2798
    2962       1.2052
    2963       1.1808
    2964       1.2444
    2965       1.1954
    2966       1.1732
    2967       1.1308
    2968       1.1402
    2969       1.1202
    2970       1.1407
    2971       1.0989
    2972       1.1758
    2973       1.1828
    2974       1.0849
    2975       1.1165
    2976       1.1888
    2977       1.2018
    2978       1.2136
    2979       1.2069
    2980       1.2147
    2981       1.1207
    2982       1.1275
    2983       1.1020
    2984       1.1051
    2985       1.1974
    2986       1.1991
    2987       1.2076
    2988       1.1726
    2989       1.2154
    2990       1.2057
    2991       1.2009
    2992       1.3011
    2993       1.1303
    2994       1.1391
    2995       1.1673
    2996       1.1663
    2997       1.1753
    2998       1.2382
    2999       1.1493
    3000       1.1152
    3001       1.1965
    3002       1.1237
    3003       1.1568
    3004       1.1307
    3005       1.1631
    3006       1.1024
    3007       1.0930
    3008       1.1585
    3009       1.1316
    3010       1.1536
    3011       1.1622
    3012       1.1930
    3013       1.1655
    3014       1.1244
    3015       1.1182
    3016       1.1181
    3017       1.1363
    3018       1.2065
    3019       1.1481
    3020       1.1384
    3021       1.1200
    3022       1.1507
    3023       1.0846
    3024       1.1248
    3025       1.1587
    3026       1.1861
    3027       1.2309
    3028       1.2574
    3029       1.2446
    3030       1.2072
    3031       1.1266
    3032       1.1701
    3033       1.1464
    3034       1.1251
    3035       1.1467
    3036       1.1440
    3037       1.1914
    3038       1.2111
    3039       1.2015
    3040       1.2148
    3041       1.1517
    3042       1.1708
    3043       1.2015
    3044       1.1931
    3045       1.1559
    3046       1.2955
    3047       1.2573
    3048       1.2879
    3049       1.2871
    3050       1.2647
    3051       1.2689
    3052       1.1656
    3053       1.1435
    3054       1.2411
    3055       1.3727
    3056       1.3163
    3057       1.2570
    3058       1.1746
    3059       1.1599
    3060       1.1895
    3061       1.2168
    3062       1.2135
    3063       1.1797
    3064       1.2146
    3065       1.2535
    3066       1.2732
    3067       1.2394
    3068       1.1819
    3069       1.2095
    3070       1.2252
    3071       1.1799
    3072       1.2329
    3073       1.1869
    3074       1.2291
    3075       1.1654
    3076       1.2308
    3077       1.0936
    3078       1.1024
    3079       1.1032
    3080       1.1925
    3081       1.2733
    3082       1.2665
    3083       1.2096
    3084       1.1692
    3085       1.1346
    3086       1.0410
    3087       1.0795
    3088       1.0808
    3089       1.1417
    3090       1.1004
    3091       1.1889
    3092       1.0908
    3093       1.0911
    3094       1.1018
    3095       1.1085
    3096       1.0780
    3097       1.1127
    3098       1.1196
    3099       1.1668
    3100       1.1528
    3101       1.1908
    3102       1.1895
    3103       1.1788
    3104       1.1748
    3105       1.1818
    3106       1.1974
    3107       1.2079
    3108       1.3106
    3109       1.3293
    3110       1.2809
    3111       1.3008
    3112       1.2573
    3113       1.3106
    3114       1.1963
    3115       1.2313
    3116       1.2561
    3117       1.3008
    3118       1.2173
    3119       1.2315
    3120       1.2640
    3121       1.2567
    3122       1.2253
    3123       1.1603
    3124       1.1723
    3125       1.1855
