#Frame     RMSD_00001
       1       0.0000
       2       0.6147
       3       0.6907
       4       0.7756
       5       0.7833
       6       0.7871
       7       0.7434
       8       0.7629
       9       0.7699
      10       0.7500
      11       0.7559
      12       0.7671
      13       0.8187
      14       0.8311
      15       0.7759
      16       0.7510
      17       0.9092
      18       0.8861
      19       0.8604
      20       0.8456
      21       0.8241
      22       0.9010
      23       0.8744
      24       0.8221
      25       0.8516
      26       0.9079
      27       0.9598
      28       0.8989
      29       1.0017
      30       0.9591
      31       0.9983
      32       1.1360
      33       1.1285
      34       1.1504
      35       1.1742
      36       1.2240
      37       1.2955
      38       1.3486
      39       1.2253
      40       1.2429
      41       1.1487
      42       1.1631
      43       1.2158
      44       1.1373
      45       1.2414
      46       1.1635
      47       1.1869
      48       1.2250
      49       1.3531
      50       1.2664
      51       1.2181
      52       1.2051
      53       1.1395
      54       1.1493
      55       1.2213
      56       1.2337
      57       1.2869
      58       1.2611
      59       1.2034
      60       1.1483
      61       1.0810
      62       1.0609
      63       1.0223
      64       1.0933
      65       1.0790
      66       1.0445
      67       1.0197
      68       1.0653
      69       1.1254
      70       1.1701
      71       1.2475
      72       1.2051
      73       1.2644
      74       1.3313
      75       1.1367
      76       1.1515
      77       1.1671
      78       1.1383
      79       1.1188
      80       1.0686
      81       1.0646
      82       1.0981
      83       1.0406
      84       1.0534
      85       1.0886
      86       1.1079
      87       1.1549
      88       1.2591
      89       1.1741
      90       1.2277
      91       1.4263
      92       1.3852
      93       1.4579
      94       1.4665
      95       1.4105
      96       1.1394
      97       1.0738
      98       1.1214
      99       1.0256
     100       1.1129
     101       1.1298
     102       1.1343
     103       1.2018
     104       1.2835
     105       1.2901
     106       1.3132
     107       1.3644
     108       1.3855
     109       1.3638
     110       1.2329
     111       1.3075
     112       1.2329
     113       1.1353
     114       1.0913
     115       1.0437
     116       1.1651
     117       0.9975
     118       1.0392
     119       1.0963
     120       1.1500
     121       1.1853
     122       1.1151
     123       1.0011
     124       0.8985
     125       1.0432
     126       1.1137
     127       1.0008
     128       1.0129
     129       0.9481
     130       1.0271
     131       1.0771
     132       0.9985
     133       1.0831
     134       1.0546
     135       1.0894
     136       1.0897
     137       1.1508
     138       1.0609
     139       1.0676
     140       1.0551
     141       1.1195
     142       1.0324
     143       1.0421
     144       1.1037
     145       1.0258
     146       1.0517
     147       0.9899
     148       0.9188
     149       0.9763
     150       1.0573
     151       1.0246
     152       0.9990
     153       0.9934
     154       1.0651
     155       0.9524
     156       0.9987
     157       0.9224
     158       0.9388
     159       0.9431
     160       0.9872
     161       0.9526
     162       0.9209
     163       0.8792
     164       0.9916
     165       0.9685
     166       0.9905
     167       0.8999
     168       0.9824
     169       0.9801
     170       1.0356
     171       1.1629
     172       1.1557
     173       1.1573
     174       1.0438
     175       1.0647
     176       1.1051
     177       1.0614
     178       1.1104
     179       1.1355
     180       1.1033
     181       1.2372
     182       1.1219
     183       1.0456
     184       0.9445
     185       0.8700
     186       0.9097
     187       0.8836
     188       0.9230
     189       0.8922
     190       0.8874
     191       0.8777
     192       0.8375
     193       0.9172
     194       0.8955
     195       0.8566
     196       0.9014
     197       0.9107
     198       0.9428
     199       0.8917
     200       0.9712
     201       0.9712
     202       0.8968
     203       0.9455
     204       0.8752
     205       0.9641
     206       0.9574
     207       0.9201
     208       0.9905
     209       0.9397
     210       0.9711
     211       1.0084
     212       0.9936
     213       0.9418
     214       0.9175
     215       1.0326
     216       1.0207
     217       1.0933
     218       1.0590
     219       1.0653
     220       1.0545
     221       1.0022
     222       1.0135
     223       0.9561
     224       0.9905
     225       1.0041
     226       1.0338
     227       0.9654
     228       0.9116
     229       0.9257
     230       0.9466
     231       0.9127
     232       0.8846
     233       0.9508
     234       1.0389
     235       0.9724
     236       0.9681
     237       0.9418
     238       0.9315
     239       0.8876
     240       0.8594
     241       0.8713
     242       0.8899
     243       0.8866
     244       0.9578
     245       0.8969
     246       0.8552
     247       0.8531
     248       0.9201
     249       0.8824
     250       0.9019
     251       0.8758
     252       0.9808
     253       0.9973
     254       0.9314
     255       0.9175
     256       0.9699
     257       0.9213
     258       0.9538
     259       0.9490
     260       0.9827
     261       0.9831
     262       0.9582
     263       0.8779
     264       0.9633
     265       1.0418
     266       0.9951
     267       0.9847
     268       0.9707
     269       0.9380
     270       0.9541
     271       0.9838
     272       0.9378
     273       0.9558
     274       0.9933
     275       0.9840
     276       0.9289
     277       0.9879
     278       1.0000
     279       1.0122
     280       1.0650
     281       1.0944
     282       1.0138
     283       1.0523
     284       0.9381
     285       1.0222
     286       1.0024
     287       1.0397
     288       1.0083
     289       0.9755
     290       0.9344
     291       0.9623
     292       0.9852
     293       1.0169
     294       0.9784
     295       0.9002
     296       0.9429
     297       0.9742
     298       0.9937
     299       1.0843
     300       1.0236
     301       1.0270
     302       1.0854
     303       0.9962
     304       1.0078
     305       1.0580
     306       1.1080
     307       1.1120
     308       0.9734
     309       0.8873
     310       0.9812
     311       1.0339
     312       1.0464
     313       0.9968
     314       1.0223
     315       0.9681
     316       0.9722
     317       0.9879
     318       0.9875
     319       0.9540
     320       1.0013
     321       1.0605
     322       1.0575
     323       1.0652
     324       1.0863
     325       1.1189
     326       1.0905
     327       1.0221
     328       1.0854
     329       1.1153
     330       1.0185
     331       0.9907
     332       1.0005
     333       0.9580
     334       1.0051
     335       1.0430
     336       1.0181
     337       1.0505
     338       1.0226
     339       1.0221
     340       0.9833
     341       1.0607
     342       1.0216
     343       1.0300
     344       1.0395
     345       1.0655
     346       1.0503
     347       1.1122
     348       1.0176
     349       1.0071
     350       0.9398
     351       1.0023
     352       1.0089
     353       1.0889
     354       1.0326
     355       1.0286
     356       0.9768
     357       0.9448
     358       1.0114
     359       0.9980
     360       1.0042
     361       0.9947
     362       1.0062
     363       0.9778
     364       0.9920
     365       1.0318
     366       1.0548
     367       1.0509
     368       1.0933
     369       1.0619
     370       1.0058
     371       1.0109
     372       0.9738
     373       1.0427
     374       1.0282
     375       1.0188
     376       1.0248
     377       1.0663
     378       1.1309
     379       1.0520
     380       1.0555
     381       1.0407
     382       1.0129
     383       1.0247
     384       1.0417
     385       1.0600
     386       1.0283
     387       1.0188
     388       0.9442
     389       0.9747
     390       0.9302
     391       0.9157
     392       0.9843
     393       0.9989
     394       1.0138
     395       0.9312
     396       0.9269
     397       0.8960
     398       0.9188
     399       0.8837
     400       0.8902
     401       0.8857
     402       0.9037
     403       0.9254
     404       0.9219
     405       0.9127
     406       0.9467
     407       0.9999
     408       1.0661
     409       1.0012
     410       0.9868
     411       1.0320
     412       1.0678
     413       1.0840
     414       0.9969
     415       1.1086
     416       1.0968
     417       1.0535
     418       1.0849
     419       1.0432
     420       1.0444
     421       1.0369
     422       1.1317
     423       1.1105
     424       1.1031
     425       1.0749
     426       1.0830
     427       1.1314
     428       1.0316
     429       1.0250
     430       1.0085
     431       1.0601
     432       1.0235
     433       0.9582
     434       0.9855
     435       1.0048
     436       0.9556
     437       1.0085
     438       1.0027
     439       0.9620
     440       1.0348
     441       1.0583
     442       1.0773
     443       1.1040
     444       1.1075
     445       1.0786
     446       1.1705
     447       1.0846
     448       1.0854
     449       1.1491
     450       1.1810
     451       1.1634
     452       1.1191
     453       1.0484
     454       1.0520
     455       1.0393
     456       0.9516
     457       0.9632
     458       0.9746
     459       1.0325
     460       1.0672
     461       1.1101
     462       1.1167
     463       1.0811
     464       1.1002
     465       1.0664
     466       1.0796
     467       1.0145
     468       1.0327
     469       1.0182
     470       1.0554
     471       1.0643
     472       1.1277
     473       1.1301
     474       1.1492
     475       1.1349
     476       1.0736
     477       1.0074
     478       1.1465
     479       1.1851
     480       1.1714
     481       1.2866
     482       1.2930
     483       1.3154
     484       1.3300
     485       1.2709
     486       1.1449
     487       1.1486
     488       1.2582
     489       1.1523
     490       1.1396
     491       1.0949
     492       1.1129
     493       1.0656
     494       1.1032
     495       1.0868
     496       1.1176
     497       1.1155
     498       1.1358
     499       1.1520
     500       1.0949
     501       1.1483
     502       1.0489
     503       1.0805
     504       1.1033
     505       1.0150
     506       1.0773
     507       1.1511
     508       1.1181
     509       1.1392
     510       1.1919
     511       1.1773
     512       1.1471
     513       1.1119
     514       1.0690
     515       1.0498
     516       1.1101
     517       1.0230
     518       0.9802
     519       1.1036
     520       1.1048
     521       1.1502
     522       1.0642
     523       1.1292
     524       1.0337
     525       0.9995
     526       1.1427
     527       1.1368
     528       1.2286
     529       1.1072
     530       1.2982
     531       1.2134
     532       1.2254
     533       1.2438
     534       1.0716
     535       1.1118
     536       1.0716
     537       1.0447
     538       1.1257
     539       1.1416
     540       1.1147
     541       1.0907
     542       1.0027
     543       1.0667
     544       1.0396
     545       1.0567
     546       1.0608
     547       1.0511
     548       1.0294
     549       1.0796
     550       1.0441
     551       1.0014
     552       1.0727
     553       1.0719
     554       1.1308
     555       1.0614
     556       1.1248
     557       1.1781
     558       1.0475
     559       1.0702
     560       1.0954
     561       1.1403
     562       1.1172
     563       1.0899
     564       1.1257
     565       1.2125
     566       1.1848
     567       1.1461
     568       1.1105
     569       1.0785
     570       1.0500
     571       1.1278
     572       1.1843
     573       1.2238
     574       1.2617
     575       1.1287
     576       1.0250
     577       1.1178
     578       1.1725
     579       1.0673
     580       1.0485
     581       1.1004
     582       1.1186
     583       1.1964
     584       1.2361
     585       1.1617
     586       1.2535
     587       1.1629
     588       1.1474
     589       1.1759
     590       1.1209
     591       1.1807
     592       1.1301
     593       1.0948
     594       1.0567
     595       1.0806
     596       1.1579
     597       1.0690
     598       1.1043
     599       1.0574
     600       1.1059
     601       1.0891
     602       1.1127
     603       1.0529
     604       1.0215
     605       0.9948
     606       1.0316
     607       1.0095
     608       1.0365
     609       1.1247
     610       1.0085
     611       1.0262
     612       1.0367
     613       1.1496
     614       1.1223
     615       1.1811
     616       1.2066
     617       1.2667
     618       1.2646
     619       1.1603
     620       1.0917
     621       1.0971
     622       1.1330
     623       1.1926
     624       1.1938
     625       1.2082
     626       1.1961
     627       1.1538
     628       1.2454
     629       1.2521
     630       1.3289
     631       1.1636
     632       1.2520
     633       1.2507
     634       1.3064
     635       1.3554
     636       1.3438
     637       1.3479
     638       1.2642
     639       1.1603
     640       1.1484
     641       1.1890
     642       1.1859
     643       1.1673
     644       1.2312
     645       1.1782
     646       1.1496
     647       1.0801
     648       1.0370
     649       1.0547
     650       1.0934
     651       1.1525
     652       1.0905
     653       1.0541
     654       1.1138
     655       1.1366
     656       1.0884
     657       1.1339
     658       1.1170
     659       1.1869
     660       1.2611
     661       1.0872
     662       1.0944
     663       1.0810
     664       1.2308
     665       1.2223
     666       1.2251
     667       1.1784
     668       1.2656
     669       1.2766
     670       1.2311
     671       1.2519
     672       1.2539
     673       1.2574
     674       1.2967
     675       1.3159
     676       1.2401
     677       1.1858
     678       1.2228
     679       1.1989
     680       1.1187
     681       1.1706
     682       1.2225
     683       1.1461
     684       1.0763
     685       1.0552
     686       1.0525
     687       1.0308
     688       1.0321
     689       1.0417
     690       1.0137
     691       1.0112
     692       1.0590
     693       1.1286
     694       1.0252
     695       1.0358
     696       1.1327
     697       1.1687
     698       1.0874
     699       1.1263
     700       1.0223
     701       1.0039
     702       1.0011
     703       1.1004
     704       1.0464
     705       0.9976
     706       1.0071
     707       1.0536
     708       1.0330
     709       0.9723
     710       0.9467
     711       0.9546
     712       0.9379
     713       0.9450
     714       1.0191
     715       1.0419
     716       1.0544
     717       1.0547
     718       1.1825
     719       1.1496
     720       1.1410
     721       1.1079
     722       1.0806
     723       1.1107
     724       1.1409
     725       1.1712
     726       1.1423
     727       1.1402
     728       1.1839
     729       1.2236
     730       1.0858
     731       1.1165
     732       1.2289
     733       1.2004
     734       1.2135
     735       1.2741
     736       1.2083
     737       1.3016
     738       1.3169
     739       1.3091
     740       1.2007
     741       1.2095
     742       1.1483
     743       1.1095
     744       1.1194
     745       1.1013
     746       1.0763
     747       1.0992
     748       1.1554
     749       1.1436
     750       1.1706
     751       1.1932
     752       1.2308
     753       1.1950
     754       1.2117
     755       1.2266
     756       1.2418
     757       1.2104
     758       1.1649
     759       1.1015
     760       1.1442
     761       1.2248
     762       1.3247
     763       1.1993
     764       1.1764
     765       1.1257
     766       1.1597
     767       1.1538
     768       1.2139
     769       1.1358
     770       1.1151
     771       1.1212
     772       1.1088
     773       1.0907
     774       1.1086
     775       1.0154
     776       1.0707
     777       1.0623
     778       1.0551
     779       0.9810
     780       1.0116
     781       1.0002
     782       0.9839
     783       0.9717
     784       1.0324
     785       0.9232
     786       0.9976
     787       1.0847
     788       1.0060
     789       1.0037
     790       0.9949
     791       1.0595
     792       1.0444
     793       1.0078
     794       1.0598
     795       1.0331
     796       1.0051
     797       0.9601
     798       0.9773
     799       0.9952
     800       1.0025
     801       1.0696
     802       1.0922
     803       1.1425
     804       1.1414
     805       1.1889
     806       1.1587
     807       1.0723
     808       1.0122
     809       1.0051
     810       1.0493
     811       1.0005
     812       1.0561
     813       1.0467
     814       1.0317
     815       1.0847
     816       1.1407
     817       1.1328
     818       1.1179
     819       1.1370
     820       1.1406
     821       1.0936
     822       1.1237
     823       1.0583
     824       1.0727
     825       1.1317
     826       1.2126
     827       1.1831
     828       1.2542
     829       1.1745
     830       1.2005
     831       1.2515
     832       1.1825
     833       1.3710
     834       1.3957
     835       1.4265
     836       1.3896
     837       1.3481
     838       1.4526
     839       1.4945
     840       1.4195
     841       1.5183
     842       1.5106
     843       1.4398
     844       1.4432
     845       1.3711
     846       1.4069
     847       1.3541
     848       1.3707
     849       1.4535
     850       1.5210
     851       1.5352
     852       1.4666
     853       1.4025
     854       1.4570
     855       1.4881
     856       1.4524
     857       1.5005
     858       1.4348
     859       1.3672
     860       1.3621
     861       1.4562
     862       1.4962
     863       1.3503
     864       1.3674
     865       1.5000
     866       1.5981
     867       1.6748
     868       1.7895
     869       1.7255
     870       1.6172
     871       1.7383
     872       1.7582
     873       1.6125
     874       1.7178
     875       1.6384
     876       1.6352
     877       1.6516
     878       1.5928
     879       1.6490
     880       1.5414
     881       1.3990
     882       1.4648
     883       1.3845
     884       1.4149
     885       1.2957
     886       1.3368
     887       1.3025
     888       1.3112
     889       1.2836
     890       1.3036
     891       1.2529
     892       1.2510
     893       1.3342
     894       1.2493
     895       1.2530
     896       1.2798
     897       1.3418
     898       1.2307
     899       1.2324
     900       1.2848
     901       1.3025
     902       1.1828
     903       1.1443
     904       1.2182
     905       1.2044
     906       1.1871
     907       1.1367
     908       1.1938
     909       1.2431
     910       1.1959
     911       1.2094
     912       1.1500
     913       1.1993
     914       1.2693
     915       1.2751
     916       1.2382
     917       1.1452
     918       1.2079
     919       1.2539
     920       1.1568
     921       1.1837
     922       1.1539
     923       1.1234
     924       1.1082
     925       1.1018
     926       1.0951
     927       1.0062
     928       1.0358
     929       1.0027
     930       0.9874
     931       0.9853
     932       1.0165
     933       1.0910
     934       1.0527
     935       0.9820
     936       0.9676
     937       0.9731
     938       0.9892
     939       1.0348
     940       0.9883
     941       1.0199
     942       1.0629
     943       1.0492
     944       1.0591
     945       1.1119
     946       1.0753
     947       1.1059
     948       1.1067
     949       1.0792
     950       1.0572
     951       1.0127
     952       1.1358
     953       1.1246
     954       1.0449
     955       1.0835
     956       1.0340
     957       1.0698
     958       1.1405
     959       1.0645
     960       1.0276
     961       1.0542
     962       0.9799
     963       1.0080
     964       1.0786
     965       1.0253
     966       1.1296
     967       1.0698
     968       1.1113
     969       1.2302
     970       1.2836
     971       1.2332
     972       1.3482
     973       1.2961
     974       1.2423
     975       1.2185
     976       1.2199
     977       1.3501
     978       1.2325
     979       1.2233
     980       1.1343
     981       1.1359
     982       1.2434
     983       1.2622
     984       1.2533
     985       1.2498
     986       1.2010
     987       1.2552
     988       1.1599
     989       1.2304
     990       1.1886
     991       1.2300
     992       1.2035
     993       1.1602
     994       1.1547
     995       1.2161
     996       1.1966
     997       1.1888
     998       1.1637
     999       1.1873
    1000       1.1391
    1001       1.1870
    1002       1.1538
    1003       1.1179
    1004       1.0621
    1005       1.1285
    1006       1.0726
    1007       1.0674
    1008       1.0329
    1009       1.0199
    1010       1.0793
    1011       1.0829
    1012       1.1522
    1013       1.1133
    1014       1.0817
    1015       1.1334
    1016       1.1807
    1017       1.2019
    1018       1.2109
    1019       1.1784
    1020       1.2282
    1021       1.1774
    1022       1.1294
    1023       1.1677
    1024       1.2012
    1025       1.1249
    1026       1.1104
    1027       1.1302
    1028       1.1625
    1029       1.1241
    1030       1.1821
    1031       1.1395
    1032       1.0974
    1033       1.1206
    1034       1.1777
    1035       1.1600
    1036       1.0581
    1037       1.1187
    1038       1.1743
    1039       1.1416
    1040       1.2380
    1041       1.2482
    1042       1.3005
    1043       1.3196
    1044       1.2951
    1045       1.2182
    1046       1.2327
    1047       1.2512
    1048       1.2562
    1049       1.1914
    1050       1.2698
    1051       1.2537
    1052       1.1850
    1053       1.0087
    1054       1.0869
    1055       1.0948
    1056       1.1038
    1057       1.1779
    1058       1.1794
    1059       1.2129
    1060       1.2051
    1061       1.2032
    1062       1.1583
    1063       1.0974
    1064       1.2162
    1065       1.2115
    1066       1.1382
    1067       1.1024
    1068       1.1130
    1069       1.1488
    1070       1.0156
    1071       1.1078
    1072       1.1357
    1073       1.1856
    1074       1.2999
    1075       1.1967
    1076       1.3123
    1077       1.2949
    1078       1.2785
    1079       1.2860
    1080       1.3508
    1081       1.3586
    1082       1.3972
    1083       1.4578
    1084       1.4261
    1085       1.3526
    1086       1.3111
    1087       1.2356
    1088       1.1893
    1089       1.3480
    1090       1.3163
    1091       1.2348
    1092       1.2524
    1093       1.2970
    1094       1.2989
    1095       1.2378
    1096       1.2358
    1097       1.1576
    1098       1.1370
    1099       1.1947
    1100       1.3019
    1101       1.2014
    1102       1.1785
    1103       1.1683
    1104       1.1370
    1105       1.2103
    1106       1.1688
    1107       1.1309
    1108       1.1157
    1109       1.0952
    1110       1.0558
    1111       1.0080
    1112       0.9757
    1113       1.0925
    1114       1.0064
    1115       1.0848
    1116       1.0964
    1117       1.1087
    1118       1.1624
    1119       1.2051
    1120       1.1775
    1121       1.2193
    1122       1.2301
    1123       1.2222
    1124       1.2066
    1125       1.1613
    1126       1.1419
    1127       1.1607
    1128       1.1272
    1129       1.0213
    1130       1.1251
    1131       1.1741
    1132       1.1529
    1133       1.1484
    1134       1.1912
    1135       1.2525
    1136       1.2500
    1137       1.2106
    1138       1.2042
    1139       1.2168
    1140       1.3284
    1141       1.3629
    1142       1.2485
    1143       1.3891
    1144       1.3716
    1145       1.3265
    1146       1.3921
    1147       1.3713
    1148       1.3342
    1149       1.2767
    1150       1.2310
    1151       1.3159
    1152       1.2784
    1153       1.2396
    1154       1.1639
    1155       1.1984
    1156       1.2109
    1157       1.2032
    1158       1.2315
    1159       1.1800
    1160       1.1859
    1161       1.2787
    1162       1.2776
    1163       1.3574
    1164       1.2728
    1165       1.2649
    1166       1.2166
    1167       1.2092
    1168       1.2186
    1169       1.2575
    1170       1.1288
    1171       1.2296
    1172       1.2808
    1173       1.1816
    1174       1.1434
    1175       1.2103
    1176       1.1408
    1177       1.1589
    1178       1.1130
    1179       1.1644
    1180       1.0846
    1181       1.0859
    1182       1.1197
    1183       1.1327
    1184       1.0836
    1185       1.1125
    1186       1.0542
    1187       1.1058
    1188       1.0128
    1189       1.0328
    1190       1.0371
    1191       1.0369
    1192       1.0083
    1193       1.0447
    1194       1.0359
    1195       1.0523
    1196       1.0843
    1197       1.1343
    1198       1.1470
    1199       1.1160
    1200       1.0456
    1201       1.0285
    1202       1.0112
    1203       1.0203
    1204       1.0497
    1205       0.9862
    1206       0.9977
    1207       1.0401
    1208       1.0475
    1209       1.1329
    1210       1.1563
    1211       1.1390
    1212       1.1132
    1213       1.0865
    1214       1.0538
    1215       1.0988
    1216       1.1018
    1217       1.1519
    1218       1.1834
    1219       1.1548
    1220       1.0958
    1221       1.0624
    1222       1.1300
    1223       1.0782
    1224       1.0590
    1225       1.0519
    1226       1.0629
    1227       1.0619
    1228       1.0174
    1229       0.9034
    1230       0.9483
    1231       0.9417
    1232       1.0420
    1233       0.9773
    1234       0.9672
    1235       0.9545
    1236       1.0138
    1237       1.0628
    1238       1.0629
    1239       1.0546
    1240       1.0859
    1241       1.0986
    1242       1.0739
    1243       1.0922
    1244       1.0928
    1245       1.0781
    1246       1.0884
    1247       1.0902
    1248       1.0423
    1249       1.0495
    1250       1.1199
    1251       1.0930
    1252       1.0809
    1253       1.0613
    1254       1.0587
    1255       1.1002
    1256       1.0834
    1257       1.0645
    1258       1.0659
    1259       1.0529
    1260       1.0894
    1261       1.0463
    1262       0.9539
    1263       0.9617
    1264       1.0327
    1265       1.1018
    1266       1.0354
    1267       1.0687
    1268       1.0642
    1269       1.1175
    1270       1.0977
    1271       1.1428
    1272       1.1971
    1273       1.1047
    1274       1.0464
    1275       1.1150
    1276       1.1922
    1277       1.1727
    1278       1.2131
    1279       1.1534
    1280       1.1068
    1281       1.1066
    1282       1.0851
    1283       1.1084
    1284       1.0944
    1285       1.1013
    1286       1.1545
    1287       1.1169
    1288       1.1737
    1289       1.1591
    1290       1.1120
    1291       1.1699
    1292       1.2292
    1293       1.3407
    1294       1.3326
    1295       1.2781
    1296       1.1894
    1297       1.2177
    1298       1.2102
    1299       1.1624
    1300       1.1628
    1301       1.1696
    1302       1.1420
    1303       1.0492
    1304       1.1691
    1305       1.1711
    1306       1.2519
    1307       1.1860
    1308       1.1612
    1309       1.2293
    1310       1.2940
    1311       1.3176
    1312       1.3419
    1313       1.3435
    1314       1.2711
    1315       1.2793
    1316       1.2549
    1317       1.1741
    1318       1.1620
    1319       1.3026
    1320       1.3930
    1321       1.2772
    1322       1.2797
    1323       1.2526
    1324       1.3343
    1325       1.2537
    1326       1.2583
    1327       1.2141
    1328       1.1791
    1329       1.1804
    1330       1.1906
    1331       1.1033
    1332       1.1396
    1333       1.1446
    1334       1.2401
    1335       1.1689
    1336       1.1245
    1337       1.1396
    1338       1.2237
    1339       1.2085
    1340       1.3390
    1341       1.3187
    1342       1.3053
    1343       1.2955
    1344       1.2959
    1345       1.1747
    1346       1.2331
    1347       1.2568
    1348       1.2792
    1349       1.2879
    1350       1.2110
    1351       1.3350
    1352       1.2855
    1353       1.2513
    1354       1.2256
    1355       1.2304
    1356       1.2271
    1357       1.3105
    1358       1.2874
    1359       1.2677
    1360       1.1543
    1361       1.1171
    1362       1.2612
    1363       1.1697
    1364       1.0624
    1365       1.1340
    1366       1.1963
    1367       1.0969
    1368       1.1400
    1369       1.2339
    1370       1.3000
    1371       1.1548
    1372       1.2815
    1373       1.3954
    1374       1.2825
    1375       1.2667
    1376       1.3097
    1377       1.3216
    1378       1.2536
    1379       1.2136
    1380       1.2479
    1381       1.2564
    1382       1.1778
    1383       1.2123
    1384       1.2252
    1385       1.1358
    1386       1.1749
    1387       1.1464
    1388       1.1326
    1389       1.1699
    1390       1.2306
    1391       1.1940
    1392       1.1332
    1393       1.1522
    1394       1.1590
    1395       1.1822
    1396       1.1900
    1397       1.1794
    1398       1.2710
    1399       1.2308
    1400       1.3042
    1401       1.2505
    1402       1.2734
    1403       1.2329
    1404       1.2594
    1405       1.2219
    1406       1.2128
    1407       1.2077
    1408       1.2365
    1409       1.2915
    1410       1.2540
    1411       1.2434
    1412       1.2182
    1413       1.2058
    1414       1.1739
    1415       1.1673
    1416       1.1547
    1417       1.1378
    1418       1.1405
    1419       1.2192
    1420       1.1918
    1421       1.1678
    1422       1.1834
    1423       1.1939
    1424       1.2023
    1425       1.2606
    1426       1.2850
    1427       1.4306
    1428       1.4154
    1429       1.2838
    1430       1.2270
    1431       1.2279
    1432       1.2167
    1433       1.2169
    1434       1.1804
    1435       1.1449
    1436       1.1512
    1437       1.2525
    1438       1.3433
    1439       1.4253
    1440       1.3221
    1441       1.3499
    1442       1.2769
    1443       1.2883
    1444       1.2647
    1445       1.3018
    1446       1.3262
    1447       1.2901
    1448       1.3265
    1449       1.3801
    1450       1.3312
    1451       1.2737
    1452       1.3244
    1453       1.4038
    1454       1.3603
    1455       1.3369
    1456       1.3174
    1457       1.2566
    1458       1.2648
    1459       1.2268
    1460       1.2041
    1461       1.2955
    1462       1.3275
    1463       1.3669
    1464       1.2207
    1465       1.2507
    1466       1.2564
    1467       1.2552
    1468       1.2044
    1469       1.1973
    1470       1.1600
    1471       1.2465
    1472       1.3231
    1473       1.2912
    1474       1.2026
    1475       1.2050
    1476       1.2159
    1477       1.2499
    1478       1.2157
    1479       1.1717
    1480       1.1951
    1481       1.2493
    1482       1.2479
    1483       1.2278
    1484       1.1501
    1485       1.3030
    1486       1.3309
    1487       1.3813
    1488       1.3720
    1489       1.4210
    1490       1.4293
    1491       1.3842
    1492       1.3200
    1493       1.4055
    1494       1.4816
    1495       1.5514
    1496       1.5429
    1497       1.3611
    1498       1.4078
    1499       1.4066
    1500       1.4325
    1501       1.3349
    1502       1.3059
    1503       1.3287
    1504       1.3613
    1505       1.2889
    1506       1.3752
    1507       1.2683
    1508       1.2572
    1509       1.1943
    1510       1.2388
    1511       1.3136
    1512       1.2471
    1513       1.3385
    1514       1.3133
    1515       1.2665
    1516       1.3024
    1517       1.2924
    1518       1.2464
    1519       1.1945
    1520       1.1635
    1521       1.1925
    1522       1.1936
    1523       1.1829
    1524       1.2096
    1525       1.3283
    1526       1.2678
    1527       1.1453
    1528       1.1426
    1529       1.1151
    1530       1.1301
    1531       1.1924
    1532       1.1779
    1533       1.2091
    1534       1.2188
    1535       1.2254
    1536       1.1988
    1537       1.2042
    1538       1.2589
    1539       1.2823
    1540       1.3102
    1541       1.2416
    1542       1.2420
    1543       1.2043
    1544       1.1983
    1545       1.2110
    1546       1.2204
    1547       1.2637
    1548       1.2898
    1549       1.1875
    1550       1.2171
    1551       1.2814
    1552       1.2544
    1553       1.2684
    1554       1.3563
    1555       1.4405
    1556       1.3667
    1557       1.3774
    1558       1.3470
    1559       1.2911
    1560       1.1616
    1561       1.1564
    1562       1.2171
    1563       1.1684
    1564       1.2485
    1565       1.2160
    1566       1.2323
    1567       1.2390
    1568       1.2479
    1569       1.2930
    1570       1.2362
    1571       1.1827
    1572       1.2598
    1573       1.2687
    1574       1.2259
    1575       1.2016
    1576       1.2220
    1577       1.1469
    1578       1.1845
    1579       1.2031
    1580       1.1921
    1581       1.2525
    1582       1.2362
    1583       1.2275
    1584       1.1313
    1585       1.2995
    1586       1.2555
    1587       1.3230
    1588       1.3941
    1589       1.3325
    1590       1.3640
    1591       1.4518
    1592       1.4266
    1593       1.4594
    1594       1.4586
    1595       1.4281
    1596       1.3717
    1597       1.3493
    1598       1.2662
    1599       1.3260
    1600       1.2251
    1601       1.2884
    1602       1.3756
    1603       1.3954
    1604       1.3198
    1605       1.3140
    1606       1.4347
    1607       1.4359
    1608       1.3783
    1609       1.3222
    1610       1.3441
    1611       1.3296
    1612       1.3441
    1613       1.2932
    1614       1.2873
    1615       1.2284
    1616       1.1789
    1617       1.1386
    1618       1.1961
    1619       1.2000
    1620       1.3073
    1621       1.2289
    1622       1.2535
    1623       1.3449
    1624       1.3264
    1625       1.2721
    1626       1.3213
    1627       1.2649
    1628       1.2526
    1629       1.2752
    1630       1.3218
    1631       1.3579
    1632       1.2222
    1633       1.1732
    1634       1.1280
    1635       1.2529
    1636       1.3184
    1637       1.2664
    1638       1.2281
    1639       1.1348
    1640       1.1952
    1641       1.1527
    1642       1.2498
    1643       1.2181
    1644       1.1953
    1645       1.2878
    1646       1.2989
    1647       1.2790
    1648       1.2713
    1649       1.2931
    1650       1.2237
    1651       1.1881
    1652       1.1599
    1653       1.1941
    1654       1.1393
    1655       1.2197
    1656       1.1707
    1657       1.2151
    1658       1.2704
    1659       1.1568
    1660       1.0905
    1661       1.1386
    1662       1.1217
    1663       1.1642
    1664       1.1312
    1665       1.1378
    1666       1.1800
    1667       1.1071
    1668       1.0487
    1669       1.1160
    1670       1.1862
    1671       1.2053
    1672       1.1665
    1673       1.1569
    1674       1.1055
    1675       1.0979
    1676       1.1623
    1677       1.1663
    1678       1.2017
    1679       1.2460
    1680       1.2105
    1681       1.2461
    1682       1.1869
    1683       1.2149
    1684       1.2280
    1685       1.2218
    1686       1.1964
    1687       1.1934
    1688       1.3059
    1689       1.1799
    1690       1.1150
    1691       1.1812
    1692       1.1267
    1693       1.0992
    1694       1.0580
    1695       1.0889
    1696       1.0562
    1697       1.0854
    1698       1.0884
    1699       1.0902
    1700       1.0744
    1701       1.0528
    1702       1.0664
    1703       1.0775
    1704       1.0722
    1705       1.1104
    1706       1.1845
    1707       1.1788
    1708       1.1736
    1709       1.1508
    1710       1.1573
    1711       1.1579
    1712       1.1073
    1713       1.1090
    1714       1.1242
    1715       1.1755
    1716       1.1724
    1717       1.2444
    1718       1.1324
    1719       1.2085
    1720       1.1712
    1721       1.1835
    1722       1.2274
    1723       1.2451
    1724       1.1567
    1725       1.1600
    1726       1.1761
    1727       1.1403
    1728       1.1481
    1729       1.0883
    1730       1.0841
    1731       1.0681
    1732       1.0523
    1733       1.0299
    1734       1.0688
    1735       1.0568
    1736       1.0915
    1737       1.0817
    1738       1.1258
    1739       1.0373
    1740       1.0722
    1741       1.0812
    1742       1.1717
    1743       1.1633
    1744       1.1774
    1745       1.0840
    1746       1.0548
    1747       1.0713
    1748       1.1105
    1749       1.1278
    1750       1.1156
    1751       1.1359
    1752       1.1256
    1753       1.1005
    1754       1.1776
    1755       1.1649
    1756       1.1378
    1757       1.1257
    1758       1.1866
    1759       1.1095
    1760       1.0834
    1761       1.0368
    1762       1.0762
    1763       1.0602
    1764       1.0845
    1765       1.0791
    1766       1.1524
    1767       1.1606
    1768       1.1666
    1769       1.1013
    1770       1.1562
    1771       1.1228
    1772       1.1331
    1773       1.1271
    1774       1.1270
    1775       1.0806
    1776       1.1049
    1777       1.1711
    1778       1.0931
    1779       1.1168
    1780       1.0655
    1781       1.0948
    1782       1.0433
    1783       1.0842
    1784       1.0530
    1785       1.0882
    1786       1.0972
    1787       1.1331
    1788       1.0997
    1789       1.0113
    1790       1.0658
    1791       1.1111
    1792       1.2283
    1793       1.2404
    1794       1.2296
    1795       1.1871
    1796       1.2079
    1797       1.2379
    1798       1.2059
    1799       1.2579
    1800       1.2327
    1801       1.2655
    1802       1.2240
    1803       1.1085
    1804       1.2512
    1805       1.2311
    1806       1.2372
    1807       1.1936
    1808       1.2470
    1809       1.1109
    1810       1.1017
    1811       1.0848
    1812       1.0926
    1813       1.0336
    1814       1.0260
    1815       1.0498
    1816       1.1063
    1817       1.2111
    1818       1.1356
    1819       1.2085
    1820       1.1507
    1821       1.1233
    1822       1.0302
    1823       1.0751
    1824       1.0794
    1825       1.0340
    1826       1.0432
    1827       1.0101
    1828       1.0551
    1829       1.0502
    1830       1.0156
    1831       1.0619
    1832       1.0701
    1833       1.0598
    1834       1.0385
    1835       1.0531
    1836       1.0481
    1837       1.0609
    1838       1.0752
    1839       1.1438
    1840       1.1497
    1841       1.0679
    1842       1.1307
    1843       1.1412
    1844       1.1524
    1845       1.1994
    1846       1.1573
    1847       1.1618
    1848       1.1558
    1849       1.0791
    1850       1.1215
    1851       1.1350
    1852       1.0818
    1853       1.1436
    1854       1.0657
    1855       1.0694
    1856       1.1573
    1857       1.0947
    1858       1.0195
    1859       1.0534
    1860       1.0579
    1861       1.0431
    1862       1.0516
    1863       1.1758
    1864       1.1846
    1865       1.1956
    1866       1.2122
    1867       1.2070
    1868       1.1995
    1869       1.1787
    1870       1.2317
    1871       1.0575
    1872       1.1162
    1873       1.0975
    1874       1.0936
    1875       1.0589
    1876       1.0652
    1877       1.0956
    1878       1.1780
    1879       1.0918
    1880       1.1303
    1881       1.0856
    1882       1.1294
    1883       1.1284
    1884       1.0587
    1885       1.0180
    1886       1.0498
    1887       1.0821
    1888       1.0653
    1889       1.1493
    1890       1.1204
    1891       1.1557
    1892       1.0306
    1893       1.0946
    1894       1.0979
    1895       1.0822
    1896       1.0921
    1897       1.0664
    1898       1.1076
    1899       1.1840
    1900       1.1279
    1901       1.1108
    1902       1.1283
    1903       1.0829
    1904       1.0995
    1905       1.1169
    1906       1.1486
    1907       1.1368
    1908       1.1870
    1909       1.1631
    1910       1.1387
    1911       1.1172
    1912       1.1009
    1913       1.1117
    1914       1.0060
    1915       1.0282
    1916       1.0515
    1917       1.0285
    1918       1.0954
    1919       1.1440
    1920       1.1183
    1921       1.1757
    1922       1.1834
    1923       1.2373
    1924       1.3111
    1925       1.2757
    1926       1.3193
    1927       1.3081
    1928       1.3724
    1929       1.3525
    1930       1.3589
    1931       1.4010
    1932       1.3925
    1933       1.4141
    1934       1.3498
    1935       1.2337
    1936       1.2764
    1937       1.2374
    1938       1.2309
    1939       1.2260
    1940       1.3560
    1941       1.2414
    1942       1.3087
    1943       1.3408
    1944       1.2080
    1945       1.2385
    1946       1.2132
    1947       1.1714
    1948       1.2042
    1949       1.2388
    1950       1.2393
    1951       1.2237
    1952       1.2253
    1953       1.2623
    1954       1.2487
    1955       1.2999
    1956       1.2680
    1957       1.2964
    1958       1.2464
    1959       1.3563
    1960       1.2068
    1961       1.2838
    1962       1.2788
    1963       1.2890
    1964       1.3132
    1965       1.2737
    1966       1.2500
    1967       1.2350
    1968       1.1325
    1969       1.0905
    1970       1.1384
    1971       1.1257
    1972       1.1072
    1973       1.1219
    1974       1.1259
    1975       1.1677
    1976       1.1470
    1977       1.2716
    1978       1.2093
    1979       1.1849
    1980       1.2111
    1981       1.1457
    1982       1.1263
    1983       1.1488
    1984       1.1580
    1985       1.1658
    1986       1.2513
    1987       1.2557
    1988       1.3019
    1989       1.3494
    1990       1.2088
    1991       1.1764
    1992       1.1471
    1993       1.1739
    1994       1.1498
    1995       1.1362
    1996       1.1684
    1997       1.1490
    1998       1.1983
    1999       1.2001
    2000       1.2338
    2001       1.1854
    2002       1.2426
    2003       1.2932
    2004       1.3074
    2005       1.1564
    2006       1.2150
    2007       1.2020
    2008       1.1747
    2009       1.1716
    2010       1.1066
    2011       1.1385
    2012       1.1967
    2013       1.2821
    2014       1.2141
    2015       1.2108
    2016       1.1905
    2017       1.1315
    2018       1.1795
    2019       1.1342
    2020       1.2172
    2021       1.1846
    2022       1.1184
    2023       1.0948
    2024       1.2035
    2025       1.1553
    2026       1.1881
    2027       1.2798
    2028       1.3675
    2029       1.2289
    2030       1.2759
    2031       1.2006
    2032       1.1722
    2033       1.2352
    2034       1.1929
    2035       1.2204
    2036       1.2492
    2037       1.3570
    2038       1.3632
    2039       1.3347
    2040       1.3085
    2041       1.3413
    2042       1.3899
    2043       1.4397
    2044       1.3799
    2045       1.4298
    2046       1.4363
    2047       1.3991
    2048       1.4389
    2049       1.4006
    2050       1.3894
    2051       1.3176
    2052       1.2576
    2053       1.1553
    2054       1.1035
    2055       1.1585
    2056       1.1660
    2057       1.1691
    2058       1.1891
    2059       1.2408
    2060       1.1760
    2061       1.2540
    2062       1.2453
    2063       1.1942
    2064       1.1636
    2065       1.1352
    2066       1.2310
    2067       1.1324
    2068       1.1322
    2069       1.1989
    2070       1.2422
    2071       1.1992
    2072       1.1571
    2073       1.1354
    2074       1.2106
    2075       1.3234
    2076       1.3052
    2077       1.2595
    2078       1.3996
    2079       1.3593
    2080       1.3201
    2081       1.2983
    2082       1.3126
    2083       1.4246
    2084       1.4096
    2085       1.4815
    2086       1.3308
    2087       1.3570
    2088       1.3539
    2089       1.2999
    2090       1.2773
    2091       1.3160
    2092       1.2552
    2093       1.2629
    2094       1.2283
    2095       1.2892
    2096       1.3221
    2097       1.3349
    2098       1.1367
    2099       1.1934
    2100       1.2185
    2101       1.2682
    2102       1.2742
    2103       1.2967
    2104       1.2618
    2105       1.2789
    2106       1.2782
    2107       1.2412
    2108       1.2548
    2109       1.2509
    2110       1.2303
    2111       1.2287
    2112       1.1937
    2113       1.1471
    2114       1.1543
    2115       1.2208
    2116       1.1408
    2117       1.1360
    2118       1.1093
    2119       1.2039
    2120       1.2002
    2121       1.1796
    2122       1.3058
    2123       1.2150
    2124       1.2570
    2125       1.2676
    2126       1.2702
    2127       1.2641
    2128       1.2329
    2129       1.2614
    2130       1.2289
    2131       1.2913
    2132       1.2666
    2133       1.2886
    2134       1.2720
    2135       1.1991
    2136       1.2915
    2137       1.2814
    2138       1.2628
    2139       1.2244
    2140       1.3474
    2141       1.3912
    2142       1.3221
    2143       1.4478
    2144       1.4681
    2145       1.3704
    2146       1.3081
    2147       1.3516
    2148       1.3578
    2149       1.3024
    2150       1.3342
    2151       1.3311
    2152       1.2534
    2153       1.2463
    2154       1.2821
    2155       1.2808
    2156       1.3129
    2157       1.3255
    2158       1.2830
    2159       1.2286
    2160       1.2502
    2161       1.2872
    2162       1.2747
    2163       1.3002
    2164       1.2345
    2165       1.2935
    2166       1.2591
    2167       1.2947
    2168       1.3723
    2169       1.3007
    2170       1.3627
    2171       1.3179
    2172       1.3736
    2173       1.2946
    2174       1.3057
    2175       1.3025
    2176       1.3486
    2177       1.4102
    2178       1.3814
    2179       1.2896
    2180       1.2245
    2181       1.1587
    2182       1.2019
    2183       1.1159
    2184       1.1531
    2185       1.1458
    2186       1.1110
    2187       1.1702
    2188       1.1445
    2189       1.1132
    2190       1.1246
    2191       1.1185
    2192       1.1642
    2193       1.1054
    2194       1.1089
    2195       1.0780
    2196       1.1104
    2197       1.1084
    2198       1.1347
    2199       1.1517
    2200       1.1242
    2201       1.0903
    2202       1.0390
    2203       1.1841
    2204       1.1603
    2205       1.1453
    2206       1.1722
    2207       1.1680
    2208       1.1759
    2209       1.2065
    2210       1.2686
    2211       1.2524
    2212       1.2667
    2213       1.1879
    2214       1.2207
    2215       1.1539
    2216       1.2175
    2217       1.2366
    2218       1.2653
    2219       1.3469
    2220       1.2371
    2221       1.1903
    2222       1.2017
    2223       1.0695
    2224       1.0981
    2225       1.1062
    2226       1.0819
    2227       1.1338
    2228       1.1325
    2229       1.1185
    2230       1.1758
    2231       1.1955
    2232       1.2301
    2233       1.0980
    2234       1.2095
    2235       1.1860
    2236       1.0456
    2237       1.1133
    2238       1.1157
    2239       1.1174
    2240       1.1216
    2241       1.1394
    2242       1.1461
    2243       1.1799
    2244       1.1922
    2245       1.3224
    2246       1.2982
    2247       1.3093
    2248       1.2197
    2249       1.1480
    2250       1.2063
    2251       1.3128
    2252       1.2713
    2253       1.3175
    2254       1.2630
    2255       1.2350
    2256       1.2284
    2257       1.2968
    2258       1.2888
    2259       1.2723
    2260       1.2584
    2261       1.3348
    2262       1.3368
    2263       1.2773
    2264       1.2355
    2265       1.2004
    2266       1.2802
    2267       1.2176
    2268       1.1704
    2269       1.1229
    2270       1.1095
    2271       1.2158
    2272       1.2244
    2273       1.2169
    2274       1.2889
    2275       1.3398
    2276       1.2181
    2277       1.2336
    2278       1.1323
    2279       1.1742
    2280       1.2570
    2281       1.2475
    2282       1.3287
    2283       1.2852
    2284       1.3673
    2285       1.3759
    2286       1.2761
    2287       1.1522
    2288       1.1807
    2289       1.2515
    2290       1.2801
    2291       1.2697
    2292       1.2041
    2293       1.2031
    2294       1.1680
    2295       1.1619
    2296       1.0913
    2297       1.1365
    2298       1.1537
    2299       1.1936
    2300       1.1467
    2301       1.1142
    2302       1.2193
    2303       1.2284
    2304       1.3333
    2305       1.2998
    2306       1.2348
    2307       1.2695
    2308       1.2396
    2309       1.2719
    2310       1.1652
    2311       1.1404
    2312       1.0911
    2313       1.1350
    2314       1.1372
    2315       1.1866
    2316       1.2486
    2317       1.2046
    2318       1.1280
    2319       1.1558
    2320       1.2256
    2321       1.2717
    2322       1.3539
    2323       1.3650
    2324       1.2918
    2325       1.2725
    2326       1.2217
    2327       1.2590
    2328       1.2621
    2329       1.2095
    2330       1.2569
    2331       1.2175
    2332       1.1698
    2333       1.1680
    2334       1.2656
    2335       1.2116
    2336       1.1773
    2337       1.1619
    2338       1.2511
    2339       1.2870
    2340       1.1334
    2341       1.1649
    2342       1.1097
    2343       1.1693
    2344       1.1039
    2345       1.0983
    2346       1.1073
    2347       1.1442
    2348       1.2506
    2349       1.3066
    2350       1.2555
    2351       1.1818
    2352       1.1538
    2353       1.1616
    2354       1.1737
    2355       1.1954
    2356       1.1770
    2357       1.2539
    2358       1.3013
    2359       1.3499
    2360       1.2780
    2361       1.2636
    2362       1.2777
    2363       1.3728
    2364       1.2605
    2365       1.2436
    2366       1.0857
    2367       1.0901
    2368       1.1489
    2369       1.1757
    2370       1.2607
    2371       1.2674
    2372       1.2107
    2373       1.2217
    2374       1.1904
    2375       1.2616
    2376       1.2191
    2377       1.2011
    2378       1.1620
    2379       1.2096
    2380       1.1747
    2381       1.1572
    2382       1.1771
    2383       1.1062
    2384       1.1756
    2385       1.1912
    2386       1.1774
    2387       1.1932
    2388       1.2747
    2389       1.2492
    2390       1.2003
    2391       1.2305
    2392       1.2511
    2393       1.2799
    2394       1.2701
    2395       1.2040
    2396       1.2404
    2397       1.2661
    2398       1.3260
    2399       1.3002
    2400       1.2306
    2401       1.1696
    2402       1.2262
    2403       1.2223
    2404       1.2387
    2405       1.2517
    2406       1.3315
    2407       1.2509
    2408       1.2591
    2409       1.2650
    2410       1.3126
    2411       1.2681
    2412       1.3067
    2413       1.2755
    2414       1.2317
    2415       1.2346
    2416       1.2591
    2417       1.2324
    2418       1.2361
    2419       1.2369
    2420       1.2603
    2421       1.2518
    2422       1.2728
    2423       1.2970
    2424       1.2726
    2425       1.2772
    2426       1.2953
    2427       1.3240
    2428       1.2931
    2429       1.3904
    2430       1.3783
    2431       1.3565
    2432       1.2994
    2433       1.3011
    2434       1.2293
    2435       1.2021
    2436       1.2477
    2437       1.3553
    2438       1.3865
    2439       1.4136
    2440       1.3676
    2441       1.4296
    2442       1.4640
    2443       1.3932
    2444       1.4238
    2445       1.4696
    2446       1.3475
    2447       1.4304
    2448       1.4265
    2449       1.4939
    2450       1.4456
    2451       1.4231
    2452       1.4801
    2453       1.4213
    2454       1.3568
    2455       1.3281
    2456       1.3231
    2457       1.2807
    2458       1.3457
    2459       1.3731
    2460       1.4278
    2461       1.4827
    2462       1.5413
    2463       1.6840
    2464       1.6047
    2465       1.5559
    2466       1.5186
    2467       1.4742
    2468       1.4268
    2469       1.4677
    2470       1.5328
    2471       1.4948
    2472       1.3017
    2473       1.3698
    2474       1.4652
    2475       1.4464
    2476       1.4598
    2477       1.4096
    2478       1.3705
    2479       1.4004
    2480       1.5236
    2481       1.4995
    2482       1.5020
    2483       1.5225
    2484       1.5334
    2485       1.5469
    2486       1.4994
    2487       1.4248
    2488       1.4963
    2489       1.4665
    2490       1.4179
    2491       1.4236
    2492       1.3403
    2493       1.3565
    2494       1.4787
    2495       1.3664
    2496       1.4036
    2497       1.3127
    2498       1.2523
    2499       1.3394
    2500       1.3107
    2501       1.3482
    2502       1.3800
    2503       1.3786
    2504       1.3550
    2505       1.2418
    2506       1.2462
    2507       1.3139
    2508       1.2393
    2509       1.2190
    2510       1.1549
    2511       1.1978
    2512       1.2483
    2513       1.2634
    2514       1.2644
    2515       1.2695
    2516       1.3547
    2517       1.2991
    2518       1.3705
    2519       1.4834
    2520       1.4806
    2521       1.3612
    2522       1.3011
    2523       1.3632
    2524       1.2400
    2525       1.2358
    2526       1.2776
    2527       1.2538
    2528       1.1951
    2529       1.1094
    2530       1.2552
    2531       1.2084
    2532       1.1779
    2533       1.2042
    2534       1.2329
    2535       1.2730
    2536       1.2855
    2537       1.2560
    2538       1.2951
    2539       1.3003
    2540       1.4139
    2541       1.4111
    2542       1.5071
    2543       1.4618
    2544       1.3574
    2545       1.4330
    2546       1.3232
    2547       1.5275
    2548       1.4693
    2549       1.3367
    2550       1.3174
    2551       1.3378
    2552       1.2016
    2553       1.1816
    2554       1.2241
    2555       1.2107
    2556       1.2095
    2557       1.2303
    2558       1.2676
    2559       1.3272
    2560       1.2587
    2561       1.3860
    2562       1.4287
    2563       1.4543
    2564       1.4719
    2565       1.4809
    2566       1.4127
    2567       1.4454
    2568       1.4534
    2569       1.4117
    2570       1.3105
    2571       1.2990
    2572       1.2844
    2573       1.2645
    2574       1.2527
    2575       1.3326
    2576       1.2879
    2577       1.2967
    2578       1.2854
    2579       1.2792
    2580       1.1251
    2581       1.1934
    2582       1.0801
    2583       1.0772
    2584       1.0531
    2585       1.0946
    2586       1.1411
    2587       1.0474
    2588       1.0988
    2589       1.0867
    2590       1.0934
    2591       1.1458
    2592       1.1049
    2593       1.1342
    2594       1.1083
    2595       1.2074
    2596       1.2677
    2597       1.2151
    2598       1.1923
    2599       1.1661
    2600       1.1688
    2601       1.1121
    2602       1.2460
    2603       1.2250
    2604       1.1680
    2605       1.0590
    2606       1.0194
    2607       1.0451
    2608       1.0978
    2609       1.0707
    2610       1.0615
    2611       1.0926
    2612       1.0493
    2613       1.0941
    2614       1.0941
    2615       1.1129
    2616       1.1895
    2617       1.1483
    2618       1.1528
    2619       1.1313
    2620       1.1942
    2621       1.2068
    2622       1.1601
    2623       1.2249
    2624       1.1759
    2625       1.0808
    2626       1.1547
    2627       1.1914
    2628       1.1455
    2629       1.1534
    2630       1.1525
    2631       1.1893
    2632       1.2197
    2633       1.1580
    2634       1.1596
    2635       1.2346
    2636       1.2400
    2637       1.2716
    2638       1.3306
    2639       1.2720
    2640       1.2445
    2641       1.2394
    2642       1.2621
    2643       1.2086
    2644       1.1907
    2645       1.1183
    2646       1.1499
    2647       1.1450
    2648       1.2537
    2649       1.1937
    2650       1.2198
    2651       1.1542
    2652       1.1771
    2653       1.2282
    2654       1.2464
    2655       1.1953
    2656       1.2749
    2657       1.3119
    2658       1.2908
    2659       1.2322
    2660       1.2599
    2661       1.2177
    2662       1.2286
    2663       1.2520
    2664       1.3023
    2665       1.2381
    2666       1.2638
    2667       1.1418
    2668       1.1791
    2669       1.2640
    2670       1.2244
    2671       1.2122
    2672       1.1900
    2673       1.1871
    2674       1.1421
    2675       1.1801
    2676       1.2053
    2677       1.1751
    2678       1.1785
    2679       1.1554
    2680       1.1604
    2681       1.1624
    2682       1.1478
    2683       1.0861
    2684       1.1446
    2685       1.1363
    2686       1.0732
    2687       1.0454
    2688       1.0128
    2689       1.0691
    2690       1.1291
    2691       1.1086
    2692       1.1765
    2693       1.1059
    2694       1.0960
    2695       1.1428
    2696       1.1360
    2697       1.1429
    2698       1.0835
    2699       1.0844
    2700       1.1536
    2701       1.1721
    2702       1.2090
    2703       1.1959
    2704       1.1823
    2705       1.1457
    2706       1.1851
    2707       1.1541
    2708       1.1935
    2709       1.1511
    2710       1.1292
    2711       1.1294
    2712       1.1636
    2713       1.2693
    2714       1.3152
    2715       1.3171
    2716       1.2705
    2717       1.2376
    2718       1.3187
    2719       1.3577
    2720       1.3324
    2721       1.3085
    2722       1.3271
    2723       1.4016
    2724       1.2677
    2725       1.2870
    2726       1.2523
    2727       1.2651
    2728       1.2853
    2729       1.2919
    2730       1.2748
    2731       1.2366
    2732       1.2748
    2733       1.3532
    2734       1.3075
    2735       1.3116
    2736       1.2884
    2737       1.2532
    2738       1.3083
    2739       1.3423
    2740       1.3691
    2741       1.3389
    2742       1.2463
    2743       1.1927
    2744       1.1930
    2745       1.0121
    2746       1.0763
    2747       1.1602
    2748       1.2197
    2749       1.2492
    2750       1.3203
    2751       1.3360
    2752       1.2713
    2753       1.2743
    2754       1.3244
    2755       1.3427
    2756       1.3501
    2757       1.3865
    2758       1.3445
    2759       1.4146
    2760       1.3216
    2761       1.4400
    2762       1.3850
    2763       1.2745
    2764       1.2864
    2765       1.2758
    2766       1.3069
    2767       1.3751
    2768       1.3273
    2769       1.4755
    2770       1.4830
    2771       1.2702
    2772       1.3153
    2773       1.3525
    2774       1.3193
    2775       1.3639
    2776       1.2856
    2777       1.2531
    2778       1.2703
    2779       1.2144
    2780       1.1638
    2781       1.1599
    2782       1.1377
    2783       1.1332
    2784       1.1681
    2785       1.0959
    2786       1.2782
    2787       1.2923
    2788       1.2385
    2789       1.1855
    2790       1.1576
    2791       1.1405
    2792       1.1462
    2793       1.2270
    2794       1.2733
    2795       1.1830
    2796       1.3203
    2797       1.2505
    2798       1.2417
    2799       1.2970
    2800       1.1992
    2801       1.1723
    2802       1.1176
    2803       1.2328
    2804       1.2904
    2805       1.2066
    2806       1.2291
    2807       1.2497
    2808       1.2492
    2809       1.2426
    2810       1.2020
    2811       1.2624
    2812       1.2298
    2813       1.2272
    2814       1.2275
    2815       1.3230
    2816       1.2566
    2817       1.2837
    2818       1.1857
    2819       1.2819
    2820       1.2092
    2821       1.2753
    2822       1.2471
    2823       1.3352
    2824       1.3119
    2825       1.2789
    2826       1.1946
    2827       1.2066
    2828       1.2467
    2829       1.2291
    2830       1.2092
    2831       1.1419
    2832       1.2103
    2833       1.2696
    2834       1.2047
    2835       1.2602
    2836       1.2460
    2837       1.2811
    2838       1.2058
    2839       1.2283
    2840       1.2462
    2841       1.2725
    2842       1.2533
    2843       1.3391
    2844       1.3371
    2845       1.3286
    2846       1.2623
    2847       1.3528
    2848       1.3114
    2849       1.3654
    2850       1.3480
    2851       1.3485
    2852       1.4253
    2853       1.4611
    2854       1.3559
    2855       1.3615
    2856       1.4376
    2857       1.3035
    2858       1.3582
    2859       1.3061
    2860       1.3234
    2861       1.3708
    2862       1.3383
    2863       1.2658
    2864       1.1993
    2865       1.2467
    2866       1.3116
    2867       1.2673
    2868       1.2837
    2869       1.2505
    2870       1.2460
    2871       1.2042
    2872       1.2230
    2873       1.1845
    2874       1.3389
    2875       1.3162
    2876       1.2948
    2877       1.3260
    2878       1.3168
    2879       1.2542
    2880       1.2304
    2881       1.2582
    2882       1.2175
    2883       1.2117
    2884       1.1413
    2885       1.2146
    2886       1.2753
    2887       1.2874
    2888       1.3129
    2889       1.2703
    2890       1.2969
    2891       1.3240
    2892       1.2714
    2893       1.4157
    2894       1.4787
    2895       1.3875
    2896       1.3612
    2897       1.2951
    2898       1.2115
    2899       1.1754
    2900       1.3020
    2901       1.3946
    2902       1.3497
    2903       1.3632
    2904       1.2606
    2905       1.2767
    2906       1.2583
    2907       1.2026
    2908       1.2112
    2909       1.3286
    2910       1.2663
    2911       1.3327
    2912       1.4257
    2913       1.4276
    2914       1.5448
    2915       1.5110
    2916       1.5758
    2917       1.4913
    2918       1.4538
    2919       1.6252
    2920       1.5796
    2921       1.5500
    2922       1.4648
    2923       1.3741
    2924       1.3288
    2925       1.2676
    2926       1.3259
    2927       1.3457
    2928       1.2939
    2929       1.2563
    2930       1.2568
    2931       1.2835
    2932       1.2299
    2933       1.2450
    2934       1.3136
    2935       1.3164
    2936       1.3220
    2937       1.3774
    2938       1.3222
    2939       1.3492
    2940       1.3241
    2941       1.1876
    2942       1.2957
    2943       1.3276
    2944       1.2887
    2945       1.2121
    2946       1.2372
    2947       1.2168
    2948       1.2378
    2949       1.2392
    2950       1.2463
    2951       1.1905
    2952       1.2349
    2953       1.2269
    2954       1.2112
    2955       1.2811
    2956       1.2171
    2957       1.1689
    2958       1.2104
    2959       1.1932
    2960       1.2203
    2961       1.2743
    2962       1.1458
    2963       1.1722
    2964       1.1583
    2965       1.2240
    2966       1.2372
    2967       1.2922
    2968       1.2710
    2969       1.2495
    2970       1.2440
    2971       1.2977
    2972       1.3402
    2973       1.2705
    2974       1.2790
    2975       1.2573
    2976       1.2398
    2977       1.2664
    2978       1.2665
    2979       1.2393
    2980       1.2967
    2981       1.2966
    2982       1.3563
    2983       1.2930
    2984       1.2071
    2985       1.2175
    2986       1.2560
    2987       1.1905
    2988       1.2323
    2989       1.3141
    2990       1.3441
    2991       1.3079
    2992       1.3433
    2993       1.3616
    2994       1.3770
    2995       1.3024
    2996       1.2339
    2997       1.2484
    2998       1.2032
    2999       1.2080
    3000       1.2923
    3001       1.2740
    3002       1.4071
    3003       1.3912
    3004       1.3771
    3005       1.3856
    3006       1.4190
    3007       1.3232
    3008       1.3385
    3009       1.3148
    3010       1.3748
    3011       1.2771
    3012       1.3616
    3013       1.3220
    3014       1.2879
    3015       1.2019
    3016       1.2797
    3017       1.3746
    3018       1.3046
    3019       1.2841
    3020       1.3471
    3021       1.2709
    3022       1.2385
    3023       1.1881
    3024       1.2436
    3025       1.1795
    3026       1.2006
    3027       1.1410
    3028       1.2101
    3029       1.1498
    3030       1.1479
    3031       1.1472
    3032       1.1080
    3033       1.1145
    3034       1.1335
    3035       1.1795
    3036       1.1263
    3037       1.1283
    3038       1.1135
    3039       1.1579
    3040       1.2154
    3041       1.2601
    3042       1.2744
    3043       1.2505
    3044       1.3185
    3045       1.3043
    3046       1.3095
    3047       1.2266
    3048       1.2566
    3049       1.2944
    3050       1.1962
    3051       1.2372
    3052       1.2172
    3053       1.1764
    3054       1.1161
    3055       1.1222
    3056       1.1325
    3057       1.2267
    3058       1.1626
    3059       1.2396
    3060       1.2300
    3061       1.1054
    3062       1.1854
    3063       1.1430
    3064       1.0715
    3065       1.0297
    3066       1.0537
    3067       1.0290
    3068       1.0794
    3069       1.1019
    3070       1.1149
    3071       1.0908
    3072       1.1115
    3073       1.0612
    3074       1.0282
    3075       1.0962
    3076       1.1029
    3077       1.1017
    3078       1.1553
    3079       1.2366
    3080       1.2413
    3081       1.2741
    3082       1.2470
    3083       1.2945
    3084       1.2347
    3085       1.2724
    3086       1.3516
    3087       1.2189
    3088       1.2825
    3089       1.2901
    3090       1.3086
    3091       1.2626
    3092       1.2780
    3093       1.2926
    3094       1.3251
    3095       1.3020
    3096       1.3098
    3097       1.3090
    3098       1.3966
    3099       1.3708
    3100       1.4366
    3101       1.3943
    3102       1.3447
    3103       1.2992
    3104       1.2312
    3105       1.2567
    3106       1.1907
    3107       1.2159
    3108       1.3060
    3109       1.3697
    3110       1.3973
    3111       1.2922
    3112       1.3669
    3113       1.4139
    3114       1.3746
    3115       1.4254
    3116       1.2583
    3117       1.2440
    3118       1.2209
    3119       1.1939
    3120       1.1886
    3121       1.2458
    3122       1.2170
    3123       1.2611
    3124       1.2129
    3125       1.1758
