#Frame     RMSD_00001
       1       0.0000
       2       0.5919
       3       0.6694
       4       0.7010
       5       0.7886
       6       0.7157
       7       0.7638
       8       0.7469
       9       0.8279
      10       0.8168
      11       0.7755
      12       0.7869
      13       0.8115
      14       0.7487
      15       0.7950
      16       0.7454
      17       0.8152
      18       0.8922
      19       0.9706
      20       0.9551
      21       0.9213
      22       0.9187
      23       0.9223
      24       0.8685
      25       0.8728
      26       0.9023
      27       0.8907
      28       0.8213
      29       0.9001
      30       0.8372
      31       0.8028
      32       0.8374
      33       0.8504
      34       0.9399
      35       0.9315
      36       0.9037
      37       0.8930
      38       0.9217
      39       0.8311
      40       0.8424
      41       0.9462
      42       1.0026
      43       0.9617
      44       0.9250
      45       0.9233
      46       0.9624
      47       0.9324
      48       0.9043
      49       0.9427
      50       0.9480
      51       0.9235
      52       0.9176
      53       1.0003
      54       0.9718
      55       0.9782
      56       0.9821
      57       0.9663
      58       1.0737
      59       1.0045
      60       1.1065
      61       1.0195
      62       1.0093
      63       0.9773
      64       0.9646
      65       1.0103
      66       1.0242
      67       1.0057
      68       0.9218
      69       0.8815
      70       0.8947
      71       0.8634
      72       0.8497
      73       0.9323
      74       0.8985
      75       0.8724
      76       0.8797
      77       0.8875
      78       0.9020
      79       0.8959
      80       0.9270
      81       0.9099
      82       0.9201
      83       0.9087
      84       0.9655
      85       0.9703
      86       0.9535
      87       0.8995
      88       0.9324
      89       0.9868
      90       0.9589
      91       0.9852
      92       0.9806
      93       1.0212
      94       0.9852
      95       0.9681
      96       0.9845
      97       0.9744
      98       0.9886
      99       0.9959
     100       1.0606
     101       1.0659
     102       1.0285
     103       1.0586
     104       1.0591
     105       1.0132
     106       0.9822
     107       1.0402
     108       1.0553
     109       1.0706
     110       1.1119
     111       1.0663
     112       1.0309
     113       0.9919
     114       0.9071
     115       0.9611
     116       0.9444
     117       0.9284
     118       0.9215
     119       0.9144
     120       0.9518
     121       1.1030
     122       1.0531
     123       1.0770
     124       1.0583
     125       1.0319
     126       1.0445
     127       0.9864
     128       0.8895
     129       0.9938
     130       0.9424
     131       0.9358
     132       1.0260
     133       1.0570
     134       1.0916
     135       1.0417
     136       1.1289
     137       1.1791
     138       1.1131
     139       1.1273
     140       1.0351
     141       1.1008
     142       1.0986
     143       1.0353
     144       0.9791
     145       0.9198
     146       0.8737
     147       0.9300
     148       1.0203
     149       0.9802
     150       1.0169
     151       0.9895
     152       0.9754
     153       0.9954
     154       1.0340
     155       0.9849
     156       0.9671
     157       0.9655
     158       0.9806
     159       1.0088
     160       1.0157
     161       0.9847
     162       0.9485
     163       0.8746
     164       0.9405
     165       0.9232
     166       0.9229
     167       0.9769
     168       0.9248
     169       0.9347
     170       0.9311
     171       0.9583
     172       0.9255
     173       0.9665
     174       1.0272
     175       1.0510
     176       1.1275
     177       1.0305
     178       0.9335
     179       0.9565
     180       0.9304
     181       0.9445
     182       0.9050
     183       0.9368
     184       0.9390
     185       0.9578
     186       0.9768
     187       0.9745
     188       0.9205
     189       0.9661
     190       0.9207
     191       0.9612
     192       0.9144
     193       0.9694
     194       0.9885
     195       0.9099
     196       0.9285
     197       0.9914
     198       0.9332
     199       0.9445
     200       0.9759
     201       0.9277
     202       0.9945
     203       0.9204
     204       0.9111
     205       0.9184
     206       0.9774
     207       1.0014
     208       0.9744
     209       0.9277
     210       0.9580
     211       0.9707
     212       1.0688
     213       0.9611
     214       0.9862
     215       1.0563
     216       1.0302
     217       1.0259
     218       1.0026
     219       0.8980
     220       0.9864
     221       0.9925
     222       0.9950
     223       0.9715
     224       0.9818
     225       0.9863
     226       0.9527
     227       0.9995
     228       1.0396
     229       1.1048
     230       1.1139
     231       1.1385
     232       1.1147
     233       1.1022
     234       1.0348
     235       0.9381
     236       1.0294
     237       1.0473
     238       0.9893
     239       0.9492
     240       1.0575
     241       0.9836
     242       1.0824
     243       1.0004
     244       1.0388
     245       1.0395
     246       1.0032
     247       1.0044
     248       1.0127
     249       0.9854
     250       0.9614
     251       1.1211
     252       1.0767
     253       1.1083
     254       1.0298
     255       1.0724
     256       0.9971
     257       1.0092
     258       1.0071
     259       1.0261
     260       1.0142
     261       1.0545
     262       1.0396
     263       1.0223
     264       0.9853
     265       0.9796
     266       1.0218
     267       1.1080
     268       1.2069
     269       1.1585
     270       1.1652
     271       1.1329
     272       1.1549
     273       1.1478
     274       1.1944
     275       1.1858
     276       1.2137
     277       1.1138
     278       1.1551
     279       1.1840
     280       1.1631
     281       1.1092
     282       1.1447
     283       1.1590
     284       1.1079
     285       1.1914
     286       1.3246
     287       1.2943
     288       1.2446
     289       1.2450
     290       1.2874
     291       1.2050
     292       1.2267
     293       1.3040
     294       1.3456
     295       1.3022
     296       1.2482
     297       1.2307
     298       1.1194
     299       1.1478
     300       1.0480
     301       1.0138
     302       1.0367
     303       1.0908
     304       1.2019
     305       1.0997
     306       1.1059
     307       1.0650
     308       1.0244
     309       1.0017
     310       1.0078
     311       0.9556
     312       0.9699
     313       1.0326
     314       0.9880
     315       1.1180
     316       1.0074
     317       0.9854
     318       0.9912
     319       1.0509
     320       0.9834
     321       1.0376
     322       1.0746
     323       1.0510
     324       1.0010
     325       1.0988
     326       1.0827
     327       1.0849
     328       1.0720
     329       1.0570
     330       1.0943
     331       1.0415
     332       0.9546
     333       0.9644
     334       1.0016
     335       1.0471
     336       1.1000
     337       1.0953
     338       1.0265
     339       0.9953
     340       0.9726
     341       0.9315
     342       0.9730
     343       0.9518
     344       0.9562
     345       0.9877
     346       1.0874
     347       1.0406
     348       1.1142
     349       1.1110
     350       1.1681
     351       1.1742
     352       1.1899
     353       1.2713
     354       1.3695
     355       1.3240
     356       1.2398
     357       1.1201
     358       1.1476
     359       1.2053
     360       1.2040
     361       1.2794
     362       1.3066
     363       1.2572
     364       1.2250
     365       1.1821
     366       1.1263
     367       1.0648
     368       1.0672
     369       1.1311
     370       1.1496
     371       1.0503
     372       1.0777
     373       1.0811
     374       1.0844
     375       1.0525
     376       1.0928
     377       1.0226
     378       1.0498
     379       0.9467
     380       1.0306
     381       1.0579
     382       1.0532
     383       1.0491
     384       1.1056
     385       1.2102
     386       1.0513
     387       0.9850
     388       0.9911
     389       0.9740
     390       1.0051
     391       1.0785
     392       1.0989
     393       1.0616
     394       1.0985
     395       1.1242
     396       1.0704
     397       1.0806
     398       1.1001
     399       0.9891
     400       0.9428
     401       0.9172
     402       0.9475
     403       1.0274
     404       0.9907
     405       0.9329
     406       0.9498
     407       0.9945
     408       0.9515
     409       0.9930
     410       1.0051
     411       0.9888
     412       0.9207
     413       0.9266
     414       0.9603
     415       0.9989
     416       0.9252
     417       0.9654
     418       1.0548
     419       0.9577
     420       1.0279
     421       1.0084
     422       1.0197
     423       1.0140
     424       0.9616
     425       0.9640
     426       0.9938
     427       0.9974
     428       1.0084
     429       1.0211
     430       0.9955
     431       0.9933
     432       0.9934
     433       0.9705
     434       1.0266
     435       1.0081
     436       1.0565
     437       1.0749
     438       1.0283
     439       1.0725
     440       1.0777
     441       0.9771
     442       0.9934
     443       1.0838
     444       0.9939
     445       1.0659
     446       1.0217
     447       0.9582
     448       0.9967
     449       0.9925
     450       1.0358
     451       0.9639
     452       1.0652
     453       1.0496
     454       0.9980
     455       1.0623
     456       1.1077
     457       1.0275
     458       1.0788
     459       1.1205
     460       1.1882
     461       1.0931
     462       1.1619
     463       1.1928
     464       1.1468
     465       1.0367
     466       1.1022
     467       1.1104
     468       1.0690
     469       1.0630
     470       1.1218
     471       1.1433
     472       1.1609
     473       1.2132
     474       1.1556
     475       1.2332
     476       1.1990
     477       1.1102
     478       1.1062
     479       1.0743
     480       1.0581
     481       1.0644
     482       1.1035
     483       1.0800
     484       1.0681
     485       1.0669
     486       1.0245
     487       1.0384
     488       1.0491
     489       0.9798
     490       0.9870
     491       1.0089
     492       0.9698
     493       0.9239
     494       0.9040
     495       1.0300
     496       0.9841
     497       0.9801
     498       1.0004
     499       1.0538
     500       1.1308
     501       1.1073
     502       1.0828
     503       1.1113
     504       0.9854
     505       1.0420
     506       1.1402
     507       1.1848
     508       1.1661
     509       1.1611
     510       1.0542
     511       1.1152
     512       1.1726
     513       1.2079
     514       1.1449
     515       1.0974
     516       1.1420
     517       1.0868
     518       1.1711
     519       1.1523
     520       1.2756
     521       1.2268
     522       1.2210
     523       1.1477
     524       1.3101
     525       1.2724
     526       1.1900
     527       1.1665
     528       1.0577
     529       1.1917
     530       1.0834
     531       1.1746
     532       1.1903
     533       1.1999
     534       1.1592
     535       1.1192
     536       1.1581
     537       1.1405
     538       1.1448
     539       1.1122
     540       1.1215
     541       1.1466
     542       1.1638
     543       1.1782
     544       1.1920
     545       1.1311
     546       1.1734
     547       1.1874
     548       1.1898
     549       1.1863
     550       1.2251
     551       1.1727
     552       1.2495
     553       1.3068
     554       1.2992
     555       1.2204
     556       1.1671
     557       1.0779
     558       1.0701
     559       1.1182
     560       1.1473
     561       1.1406
     562       1.1404
     563       1.0919
     564       1.0910
     565       1.0680
     566       1.0762
     567       1.0990
     568       1.1519
     569       1.1095
     570       1.1139
     571       1.1020
     572       1.1409
     573       1.1341
     574       1.1118
     575       1.0795
     576       1.0251
     577       1.0918
     578       1.0588
     579       1.0794
     580       1.1139
     581       1.1256
     582       1.0482
     583       1.0636
     584       1.0431
     585       1.0778
     586       1.1380
     587       1.1209
     588       1.0828
     589       1.0705
     590       1.1366
     591       1.1836
     592       1.2624
     593       1.1997
     594       1.2150
     595       1.1390
     596       1.0912
     597       1.0777
     598       1.1480
     599       1.2262
     600       1.1903
     601       1.1683
     602       1.1930
     603       1.2882
     604       1.2307
     605       1.1668
     606       1.1702
     607       1.1626
     608       1.1848
     609       1.1898
     610       1.1757
     611       1.2091
     612       1.1875
     613       1.1216
     614       1.0856
     615       1.1094
     616       1.1281
     617       1.0977
     618       1.1930
     619       1.1237
     620       1.1328
     621       1.1298
     622       1.1748
     623       1.1270
     624       1.1626
     625       1.1396
     626       1.0990
     627       1.1300
     628       1.1248
     629       1.0682
     630       1.1950
     631       1.1431
     632       1.1442
     633       1.0856
     634       1.1455
     635       1.0398
     636       1.1124
     637       1.1257
     638       1.2099
     639       1.1927
     640       1.1550
     641       1.2600
     642       1.2561
     643       1.3097
     644       1.3289
     645       1.2684
     646       1.3098
     647       1.2896
     648       1.3003
     649       1.2540
     650       1.2851
     651       1.2798
     652       1.2917
     653       1.2876
     654       1.3824
     655       1.3058
     656       1.2499
     657       1.2746
     658       1.3431
     659       1.2603
     660       1.1333
     661       1.0503
     662       1.1032
     663       1.0686
     664       1.0917
     665       1.0659
     666       1.0466
     667       1.0974
     668       1.0984
     669       1.1065
     670       1.0913
     671       1.1027
     672       1.1332
     673       1.1112
     674       1.1464
     675       1.1097
     676       1.1178
     677       1.0942
     678       1.1120
     679       1.1309
     680       1.1215
     681       1.0738
     682       1.0769
     683       1.1360
     684       1.1496
     685       1.1659
     686       1.0996
     687       1.0405
     688       1.0731
     689       1.0054
     690       1.0683
     691       1.0882
     692       1.0663
     693       1.1195
     694       1.1415
     695       1.1536
     696       1.1109
     697       1.0478
     698       1.0898
     699       1.1022
     700       1.0943
     701       1.1404
     702       1.1097
     703       1.1095
     704       1.1154
     705       1.1915
     706       1.1672
     707       1.1818
     708       1.1551
     709       1.0855
     710       1.0671
     711       1.1115
     712       1.1336
     713       1.1749
     714       1.1915
     715       1.1448
     716       1.1995
     717       1.1183
     718       1.1334
     719       1.1927
     720       1.0787
     721       1.1125
     722       1.1307
     723       1.1756
     724       1.0947
     725       1.0704
     726       1.0550
     727       1.1107
     728       1.0903
     729       1.0597
     730       1.0867
     731       1.1478
     732       1.0953
     733       1.0811
     734       1.1218
     735       1.2409
     736       1.2205
     737       1.1485
     738       1.0735
     739       1.0557
     740       1.0567
     741       1.1072
     742       1.1508
     743       1.1455
     744       1.1410
     745       1.1424
     746       1.1876
     747       1.1495
     748       1.2017
     749       1.1852
     750       1.2418
     751       1.2386
     752       1.2124
     753       1.2221
     754       1.2190
     755       1.2307
     756       1.3062
     757       1.3290
     758       1.2978
     759       1.2408
     760       1.3330
     761       1.3189
     762       1.2394
     763       1.2006
     764       1.2582
     765       1.1842
     766       1.1894
     767       1.2103
     768       1.2779
     769       1.2999
     770       1.2128
     771       1.1835
     772       1.1846
     773       1.2185
     774       1.2562
     775       1.2495
     776       1.2130
     777       1.1412
     778       1.1958
     779       1.2361
     780       1.1987
     781       1.1977
     782       1.1325
     783       1.2170
     784       1.0973
     785       1.1036
     786       1.0511
     787       1.0848
     788       1.0981
     789       1.1544
     790       1.1506
     791       1.0760
     792       1.0525
     793       1.0139
     794       1.0057
     795       1.0451
     796       1.0117
     797       1.1085
     798       1.1226
     799       1.0937
     800       1.1994
     801       1.0892
     802       1.1002
     803       1.1940
     804       1.1699
     805       1.1164
     806       1.0743
     807       1.0700
     808       1.1146
     809       1.0861
     810       1.1346
     811       1.1081
     812       1.1194
     813       1.0868
     814       1.1346
     815       1.0758
     816       1.1191
     817       1.1602
     818       1.1529
     819       1.1008
     820       1.1171
     821       1.0568
     822       1.1106
     823       1.1076
     824       1.1222
     825       1.1171
     826       1.1160
     827       1.0309
     828       1.0550
     829       1.0872
     830       1.0872
     831       1.0602
     832       1.0219
     833       1.0963
     834       1.0858
     835       1.0404
     836       1.0480
     837       1.0352
     838       1.0805
     839       1.0394
     840       1.0135
     841       1.0980
     842       1.0193
     843       1.0669
     844       1.1191
     845       1.1457
     846       1.0544
     847       1.0284
     848       1.2174
     849       1.1442
     850       1.0821
     851       1.0811
     852       1.0073
     853       1.0857
     854       1.1055
     855       1.0602
     856       1.0679
     857       1.0608
     858       1.0765
     859       1.0532
     860       1.1650
     861       1.0762
     862       1.1005
     863       1.0914
     864       1.0632
     865       1.0964
     866       1.1363
     867       1.0819
     868       1.0748
     869       1.1226
     870       1.1231
     871       1.1379
     872       1.0484
     873       1.1010
     874       1.1406
     875       1.1129
     876       1.1780
     877       1.1408
     878       1.0909
     879       1.1560
     880       1.1705
     881       1.1753
     882       1.0975
     883       1.0533
     884       1.1946
     885       1.1367
     886       1.2046
     887       1.2100
     888       1.1761
     889       1.1669
     890       1.0712
     891       1.0786
     892       1.0665
     893       1.0635
     894       1.0875
     895       1.1361
     896       1.1285
     897       1.1559
     898       1.1504
     899       1.1549
     900       1.1119
     901       1.1618
     902       1.1871
     903       1.1483
     904       1.1758
     905       1.1796
     906       1.1745
     907       1.1451
     908       1.1846
     909       1.1542
     910       1.1130
     911       1.0670
     912       1.0695
     913       1.1513
     914       1.1387
     915       1.1278
     916       1.1644
     917       1.1962
     918       1.1543
     919       1.1231
     920       1.1379
     921       1.1052
     922       1.0780
     923       1.0786
     924       1.0428
     925       1.0682
     926       1.0718
     927       1.0418
     928       1.0606
     929       1.0837
     930       1.0858
     931       1.1556
     932       1.0987
     933       1.0633
     934       1.1319
     935       1.1303
     936       1.1080
     937       1.0669
     938       1.0947
     939       1.0855
     940       1.1263
     941       1.1958
     942       1.1570
     943       1.1486
     944       1.1216
     945       1.1248
     946       1.1239
     947       1.0981
     948       1.0744
     949       1.0326
     950       1.0371
     951       0.9987
     952       1.0897
     953       1.0923
     954       1.0821
     955       1.0748
     956       1.1124
     957       1.1425
     958       1.1000
     959       1.1115
     960       1.0619
     961       1.1051
     962       1.1363
     963       1.0862
     964       1.1771
     965       1.1909
     966       1.0841
     967       1.1625
     968       1.1424
     969       1.0967
     970       1.0470
     971       1.0539
     972       1.0215
     973       1.1025
     974       1.0865
     975       1.0765
     976       1.0192
     977       1.0818
     978       1.1070
     979       1.0715
     980       1.1759
     981       1.1432
     982       1.1664
     983       1.1255
     984       1.0537
     985       1.0713
     986       0.9981
     987       0.9706
     988       0.8994
     989       0.9451
     990       0.9355
     991       0.9971
     992       0.9312
     993       0.9967
     994       1.0563
     995       1.0229
     996       0.9808
     997       0.9691
     998       1.0297
     999       0.9906
    1000       0.9714
    1001       1.0429
    1002       1.0307
    1003       1.0943
    1004       1.0884
    1005       1.1290
    1006       1.1493
    1007       1.1274
    1008       1.1205
    1009       1.0815
    1010       1.0957
    1011       1.0560
    1012       1.0393
    1013       1.0170
    1014       1.1111
    1015       1.1441
    1016       1.0345
    1017       1.0621
    1018       1.0390
    1019       1.0639
    1020       1.0155
    1021       1.0428
    1022       1.0026
    1023       1.0203
    1024       1.0505
    1025       0.9690
    1026       1.0277
    1027       1.0891
    1028       1.0794
    1029       1.0796
    1030       1.0761
    1031       1.0476
    1032       1.0797
    1033       1.0998
    1034       1.1512
    1035       1.1251
    1036       1.1216
    1037       1.1631
    1038       1.1320
    1039       1.1663
    1040       1.1383
    1041       1.1449
    1042       1.1189
    1043       1.1190
    1044       1.1381
    1045       1.0806
    1046       1.1692
    1047       1.0940
    1048       1.1240
    1049       1.1694
    1050       1.1909
    1051       1.1832
    1052       1.2395
    1053       1.1006
    1054       1.1148
    1055       1.1612
    1056       1.1003
    1057       1.1812
    1058       1.1817
    1059       1.1880
    1060       1.1688
    1061       1.1547
    1062       1.1937
    1063       1.1845
    1064       1.2124
    1065       1.1958
    1066       1.1344
    1067       1.2194
    1068       1.1803
    1069       1.1445
    1070       1.1848
    1071       1.1978
    1072       1.2429
    1073       1.2744
    1074       1.2627
    1075       1.2412
    1076       1.2597
    1077       1.2817
    1078       1.1780
    1079       1.2904
    1080       1.2882
    1081       1.3754
    1082       1.4016
    1083       1.2794
    1084       1.3180
    1085       1.2229
    1086       1.3050
    1087       1.2326
    1088       1.1870
    1089       1.1886
    1090       1.2220
    1091       1.2782
    1092       1.2553
    1093       1.1738
    1094       1.2527
    1095       1.1558
    1096       1.1538
    1097       1.2265
    1098       1.2092
    1099       1.2525
    1100       1.2645
    1101       1.2769
    1102       1.2841
    1103       1.2201
    1104       1.2375
    1105       1.1681
    1106       1.1964
    1107       1.2157
    1108       1.2463
    1109       1.1918
    1110       1.2476
    1111       1.1964
    1112       1.2420
    1113       1.1961
    1114       1.2153
    1115       1.2144
    1116       1.1336
    1117       1.2063
    1118       1.1487
    1119       1.1489
    1120       1.1378
    1121       1.1131
    1122       1.1602
    1123       1.1937
    1124       1.2166
    1125       1.1792
    1126       1.1851
    1127       1.2278
    1128       1.1916
    1129       1.1370
    1130       1.1668
    1131       1.1313
    1132       1.0823
    1133       1.1374
    1134       1.1616
    1135       1.0991
    1136       1.0916
    1137       1.1146
    1138       1.1622
    1139       1.1135
    1140       1.0481
    1141       1.0646
    1142       1.0946
    1143       1.0887
    1144       1.1148
    1145       1.0895
    1146       1.0917
    1147       1.1171
    1148       1.1735
    1149       1.1645
    1150       1.2198
    1151       1.1630
    1152       1.1719
    1153       1.1662
    1154       1.1505
    1155       1.1302
    1156       1.0979
    1157       1.1896
    1158       1.1823
    1159       1.1863
    1160       1.2128
    1161       1.2215
    1162       1.2618
    1163       1.2438
    1164       1.1753
    1165       1.2065
    1166       1.1798
    1167       1.1257
    1168       1.1513
    1169       1.0764
    1170       1.1518
    1171       1.1625
    1172       1.1585
    1173       1.2445
    1174       1.2519
    1175       1.2251
    1176       1.1963
    1177       1.2133
    1178       1.2187
    1179       1.1884
    1180       1.1474
    1181       1.1714
    1182       1.1667
    1183       1.1869
    1184       1.2161
    1185       1.2823
    1186       1.1421
    1187       1.1834
    1188       1.2278
    1189       1.0722
    1190       1.1046
    1191       1.1490
    1192       1.1747
    1193       1.1997
    1194       1.2086
    1195       1.2557
    1196       1.2103
    1197       1.2816
    1198       1.2383
    1199       1.2295
    1200       1.3095
    1201       1.2770
    1202       1.1969
    1203       1.2516
    1204       1.2993
    1205       1.2816
    1206       1.2786
    1207       1.2789
    1208       1.2787
    1209       1.2355
    1210       1.2404
    1211       1.2505
    1212       1.2281
    1213       1.2160
    1214       1.2744
    1215       1.2708
    1216       1.2475
    1217       1.2279
    1218       1.1889
    1219       1.2012
    1220       1.2292
    1221       1.2678
    1222       1.2293
    1223       1.2748
    1224       1.2734
    1225       1.2363
    1226       1.2724
    1227       1.3068
    1228       1.2308
    1229       1.2264
    1230       1.2547
    1231       1.1847
    1232       1.1463
    1233       1.1723
    1234       1.1525
    1235       1.2099
    1236       1.1440
    1237       1.0839
    1238       1.1311
    1239       1.1056
    1240       1.1842
    1241       1.1406
    1242       1.1372
    1243       1.1617
    1244       1.1322
    1245       1.1417
    1246       1.2312
    1247       1.1933
    1248       1.2191
    1249       1.2117
    1250       1.3083
    1251       1.2911
    1252       1.2477
    1253       1.3616
    1254       1.2936
    1255       1.2471
    1256       1.3156
    1257       1.3241
    1258       1.2838
    1259       1.1992
    1260       1.1860
    1261       1.2176
    1262       1.1840
    1263       1.2208
    1264       1.2970
    1265       1.1822
    1266       1.1676
    1267       1.1440
    1268       1.1900
    1269       1.1859
    1270       1.2240
    1271       1.1801
    1272       1.1050
    1273       1.0786
    1274       1.0454
    1275       1.0348
    1276       1.1601
    1277       1.0831
    1278       1.0606
    1279       1.0112
    1280       1.0587
    1281       1.1034
    1282       1.1694
    1283       1.1393
    1284       1.0991
    1285       1.1107
    1286       1.1433
    1287       1.1445
    1288       1.1538
    1289       1.0937
    1290       1.0647
    1291       1.0615
    1292       1.1251
    1293       1.0812
    1294       1.1324
    1295       1.0803
    1296       1.1506
    1297       1.1317
    1298       1.0757
    1299       1.1001
    1300       1.0157
    1301       1.0393
    1302       1.1015
    1303       1.0611
    1304       1.1328
    1305       1.1489
    1306       1.2413
    1307       1.1903
    1308       1.1714
    1309       1.2242
    1310       1.2466
    1311       1.1723
    1312       1.1594
    1313       1.1613
    1314       1.1726
    1315       1.1241
    1316       1.1155
    1317       1.1711
    1318       1.1904
    1319       1.1520
    1320       1.1635
    1321       1.1342
    1322       1.0786
    1323       1.1148
    1324       1.0984
    1325       1.1230
    1326       1.1173
    1327       1.1332
    1328       1.0729
    1329       1.0487
    1330       1.1802
    1331       1.1468
    1332       1.1523
    1333       1.1910
    1334       1.2085
    1335       1.1315
    1336       1.1548
    1337       1.1669
    1338       1.0996
    1339       1.0486
    1340       1.0834
    1341       1.0859
    1342       1.0743
    1343       1.0399
    1344       1.0379
    1345       1.0403
    1346       0.9846
    1347       1.1459
    1348       1.1063
    1349       1.1228
    1350       1.1545
    1351       1.1928
    1352       1.2661
    1353       1.1993
    1354       1.2361
    1355       1.1902
    1356       1.1826
    1357       1.1128
    1358       1.1066
    1359       1.0879
    1360       1.1031
    1361       1.1045
    1362       1.1054
    1363       1.1009
    1364       1.1043
    1365       1.0937
    1366       1.0856
    1367       1.1236
    1368       1.2091
    1369       1.2066
    1370       1.2209
    1371       1.1776
    1372       1.2010
    1373       1.1962
    1374       1.1674
    1375       1.1810
    1376       1.1879
    1377       1.1808
    1378       1.1907
    1379       1.2356
    1380       1.2719
    1381       1.2968
    1382       1.2335
    1383       1.1824
    1384       1.1318
    1385       1.1141
    1386       1.2147
    1387       1.2385
    1388       1.1750
    1389       1.2058
    1390       1.2151
    1391       1.2160
    1392       1.2046
    1393       1.2045
    1394       1.2340
    1395       1.2048
    1396       1.2444
    1397       1.1542
    1398       1.1762
    1399       1.2132
    1400       1.2598
    1401       1.2299
    1402       1.2136
    1403       1.2329
    1404       1.2218
    1405       1.1562
    1406       1.2220
    1407       1.1711
    1408       1.1869
    1409       1.2625
    1410       1.2162
    1411       1.2642
    1412       1.2114
    1413       1.2611
    1414       1.2999
    1415       1.2731
    1416       1.2371
    1417       1.2482
    1418       1.2289
    1419       1.2040
    1420       1.2038
    1421       1.2190
    1422       1.2022
    1423       1.2072
    1424       1.2007
    1425       1.2944
    1426       1.2786
    1427       1.3348
    1428       1.2913
    1429       1.2304
    1430       1.3744
    1431       1.3154
    1432       1.3589
    1433       1.3429
    1434       1.4277
    1435       1.3651
    1436       1.4819
    1437       1.4738
    1438       1.5152
    1439       1.4640
    1440       1.5729
    1441       1.5463
    1442       1.5914
    1443       1.5278
    1444       1.4848
    1445       1.3956
    1446       1.5063
    1447       1.4622
    1448       1.4311
    1449       1.3865
    1450       1.4216
    1451       1.3872
    1452       1.3738
    1453       1.3678
    1454       1.4047
    1455       1.4011
    1456       1.3846
    1457       1.5365
    1458       1.4367
    1459       1.2904
    1460       1.3433
    1461       1.3270
    1462       1.3051
    1463       1.3861
    1464       1.3603
    1465       1.3561
    1466       1.4207
    1467       1.3854
    1468       1.4229
    1469       1.4319
    1470       1.3143
    1471       1.3229
    1472       1.3582
    1473       1.3000
    1474       1.2453
    1475       1.3169
    1476       1.3041
    1477       1.3459
    1478       1.4132
    1479       1.3498
    1480       1.2972
    1481       1.3304
    1482       1.3610
    1483       1.2824
    1484       1.3259
    1485       1.3473
    1486       1.2376
    1487       1.2404
    1488       1.2719
    1489       1.1744
    1490       1.2088
    1491       1.2368
    1492       1.2855
    1493       1.3254
    1494       1.3759
    1495       1.2989
    1496       1.2918
    1497       1.3519
    1498       1.3140
    1499       1.3123
    1500       1.2900
    1501       1.3902
    1502       1.3550
    1503       1.3742
    1504       1.4747
    1505       1.4432
    1506       1.4519
    1507       1.4584
    1508       1.4077
    1509       1.4437
    1510       1.3670
    1511       1.3822
    1512       1.3286
    1513       1.3030
    1514       1.2774
    1515       1.2971
    1516       1.2932
    1517       1.2503
    1518       1.2480
    1519       1.2946
    1520       1.3108
    1521       1.3266
    1522       1.2967
    1523       1.2603
    1524       1.2236
    1525       1.2189
    1526       1.2077
    1527       1.2205
    1528       1.1854
    1529       1.3006
    1530       1.3626
    1531       1.3310
    1532       1.3402
    1533       1.2794
    1534       1.2363
    1535       1.2824
    1536       1.2763
    1537       1.2486
    1538       1.2010
    1539       1.1541
    1540       1.1498
    1541       1.2233
    1542       1.2391
    1543       1.2745
    1544       1.3047
    1545       1.3090
    1546       1.3010
    1547       1.2563
    1548       1.2014
    1549       1.1655
    1550       1.1616
    1551       1.1837
    1552       1.1897
    1553       1.3298
    1554       1.3536
    1555       1.3252
    1556       1.2729
    1557       1.2969
    1558       1.3743
    1559       1.2776
    1560       1.2843
    1561       1.2716
    1562       1.4235
    1563       1.4555
    1564       1.3918
    1565       1.3866
    1566       1.4052
    1567       1.3572
    1568       1.3949
    1569       1.3976
    1570       1.3717
    1571       1.3769
    1572       1.4102
    1573       1.4093
    1574       1.4354
    1575       1.4602
    1576       1.3718
    1577       1.3752
    1578       1.4336
    1579       1.3606
    1580       1.3778
    1581       1.3920
    1582       1.4233
    1583       1.4684
    1584       1.3945
    1585       1.4271
    1586       1.4724
    1587       1.4238
    1588       1.3707
    1589       1.3668
    1590       1.4684
    1591       1.4312
    1592       1.3732
    1593       1.3512
    1594       1.3305
    1595       1.3626
    1596       1.3683
    1597       1.5559
    1598       1.5852
    1599       1.5857
    1600       1.5552
    1601       1.4031
    1602       1.4122
    1603       1.3597
    1604       1.3363
    1605       1.3152
    1606       1.4060
    1607       1.3309
    1608       1.3175
    1609       1.3283
    1610       1.3599
    1611       1.4412
    1612       1.4048
    1613       1.4166
    1614       1.4437
    1615       1.3879
    1616       1.3872
    1617       1.4268
    1618       1.4340
    1619       1.3088
    1620       1.3720
    1621       1.3586
    1622       1.2855
    1623       1.3248
    1624       1.3670
    1625       1.3554
    1626       1.4388
    1627       1.3342
    1628       1.3810
    1629       1.3350
    1630       1.3658
    1631       1.3232
    1632       1.2676
    1633       1.2282
    1634       1.2349
    1635       1.2884
    1636       1.3104
    1637       1.3258
    1638       1.2326
    1639       1.1758
    1640       1.2202
    1641       1.2420
    1642       1.1822
    1643       1.1522
    1644       1.2013
    1645       1.2344
    1646       1.2862
    1647       1.2764
    1648       1.3142
    1649       1.3090
    1650       1.3248
    1651       1.3223
    1652       1.4008
    1653       1.3358
    1654       1.3060
    1655       1.2851
    1656       1.2441
    1657       1.2894
    1658       1.2850
    1659       1.2247
    1660       1.2360
    1661       1.1449
    1662       1.1612
    1663       1.1714
    1664       1.2494
    1665       1.2248
    1666       1.1899
    1667       1.2415
    1668       1.2495
    1669       1.2506
    1670       1.2338
    1671       1.2596
    1672       1.2477
    1673       1.3654
    1674       1.2611
    1675       1.2402
    1676       1.1295
    1677       1.2038
    1678       1.2440
    1679       1.1957
    1680       1.1936
    1681       1.1882
    1682       1.1732
    1683       1.1224
    1684       1.1850
    1685       1.1763
    1686       1.1672
    1687       1.0879
    1688       1.0819
    1689       1.1099
    1690       1.1804
    1691       1.1912
    1692       1.1387
    1693       1.1504
    1694       1.1227
    1695       1.1393
    1696       1.1935
    1697       1.2353
    1698       1.2472
    1699       1.1761
    1700       1.2395
    1701       1.2833
    1702       1.2808
    1703       1.2256
    1704       1.2243
    1705       1.2615
    1706       1.2391
    1707       1.2564
    1708       1.2317
    1709       1.3230
    1710       1.2436
    1711       1.2517
    1712       1.2090
    1713       1.2838
    1714       1.2533
    1715       1.2907
    1716       1.3221
    1717       1.3049
    1718       1.2890
    1719       1.3299
    1720       1.3095
    1721       1.3448
    1722       1.4169
    1723       1.3368
    1724       1.4068
    1725       1.4917
    1726       1.5956
    1727       1.5709
    1728       1.4613
    1729       1.6146
    1730       1.6433
    1731       1.6763
    1732       1.5870
    1733       1.6597
    1734       1.5385
    1735       1.4750
    1736       1.4435
    1737       1.4313
    1738       1.4658
    1739       1.4902
    1740       1.5003
    1741       1.4649
    1742       1.4837
    1743       1.4649
    1744       1.3485
    1745       1.3338
    1746       1.2979
    1747       1.2680
    1748       1.3982
    1749       1.5068
    1750       1.4318
    1751       1.4179
    1752       1.4024
    1753       1.2413
    1754       1.2958
    1755       1.3023
    1756       1.3259
    1757       1.3078
    1758       1.2545
    1759       1.2012
    1760       1.1723
    1761       1.1780
    1762       1.2073
    1763       1.2024
    1764       1.2635
    1765       1.2908
    1766       1.2920
    1767       1.2452
    1768       1.4039
    1769       1.3141
    1770       1.3668
    1771       1.3723
    1772       1.4136
    1773       1.3699
    1774       1.4449
    1775       1.3982
    1776       1.2381
    1777       1.2922
    1778       1.2821
    1779       1.2959
    1780       1.3310
    1781       1.3239
    1782       1.3241
    1783       1.2694
    1784       1.3303
    1785       1.2903
    1786       1.2396
    1787       1.2146
    1788       1.2560
    1789       1.2698
    1790       1.3531
    1791       1.3624
    1792       1.3512
    1793       1.3146
    1794       1.2188
    1795       1.2129
    1796       1.3120
    1797       1.3345
    1798       1.2285
    1799       1.2513
    1800       1.3222
    1801       1.2824
    1802       1.2267
    1803       1.2188
    1804       1.3195
    1805       1.3267
    1806       1.3910
    1807       1.3872
    1808       1.4756
    1809       1.4565
    1810       1.4734
    1811       1.4438
    1812       1.3527
    1813       1.3309
    1814       1.4269
    1815       1.3017
    1816       1.3957
    1817       1.3621
    1818       1.4368
    1819       1.4214
    1820       1.4295
    1821       1.3967
    1822       1.5179
    1823       1.4941
    1824       1.5858
    1825       1.5274
    1826       1.4986
    1827       1.5655
    1828       1.4896
    1829       1.5362
    1830       1.5073
    1831       1.5110
    1832       1.3901
    1833       1.4024
    1834       1.3321
    1835       1.3129
    1836       1.3372
    1837       1.3877
    1838       1.4759
    1839       1.3538
    1840       1.4492
    1841       1.4575
    1842       1.4783
    1843       1.3807
    1844       1.4025
    1845       1.4849
    1846       1.4540
    1847       1.4478
    1848       1.4626
    1849       1.4741
    1850       1.3958
    1851       1.5034
    1852       1.4381
    1853       1.4117
    1854       1.2908
    1855       1.4152
    1856       1.3552
    1857       1.4131
    1858       1.4326
    1859       1.4448
    1860       1.5292
    1861       1.4566
    1862       1.4464
    1863       1.4740
    1864       1.5005
    1865       1.4744
    1866       1.4782
    1867       1.5464
    1868       1.4179
    1869       1.4621
    1870       1.4392
    1871       1.4757
    1872       1.4702
    1873       1.4358
    1874       1.4147
    1875       1.3299
    1876       1.3875
    1877       1.3896
    1878       1.3768
    1879       1.4523
    1880       1.4608
    1881       1.4200
    1882       1.4347
    1883       1.4320
    1884       1.3899
    1885       1.2742
    1886       1.3003
    1887       1.3088
    1888       1.3087
    1889       1.2426
    1890       1.2954
    1891       1.3278
    1892       1.3057
    1893       1.2978
    1894       1.3716
    1895       1.3341
    1896       1.3738
    1897       1.3640
    1898       1.3194
    1899       1.3769
    1900       1.3851
    1901       1.4925
    1902       1.4695
    1903       1.5563
    1904       1.5578
    1905       1.4814
    1906       1.4041
    1907       1.4577
    1908       1.3562
    1909       1.4855
    1910       1.4431
    1911       1.4385
    1912       1.4928
    1913       1.4672
    1914       1.5340
    1915       1.4533
    1916       1.4743
    1917       1.4487
    1918       1.3721
    1919       1.4100
    1920       1.4216
    1921       1.3023
    1922       1.3399
    1923       1.3908
    1924       1.4206
    1925       1.4358
    1926       1.3816
    1927       1.3322
    1928       1.3682
    1929       1.3463
    1930       1.4038
    1931       1.2905
    1932       1.2710
    1933       1.2358
    1934       1.2366
    1935       1.2618
    1936       1.2247
    1937       1.2623
    1938       1.3639
    1939       1.3215
    1940       1.2909
    1941       1.2198
    1942       1.4009
    1943       1.3918
    1944       1.4018
    1945       1.5796
    1946       1.6024
    1947       1.5873
    1948       1.6032
    1949       1.6256
    1950       1.5348
    1951       1.5845
    1952       1.5972
    1953       1.5127
    1954       1.4259
    1955       1.5367
    1956       1.5090
    1957       1.4827
    1958       1.4605
    1959       1.4613
    1960       1.3989
    1961       1.4528
    1962       1.4656
    1963       1.5074
    1964       1.3900
    1965       1.4096
    1966       1.4571
    1967       1.5086
    1968       1.4397
    1969       1.4783
    1970       1.3836
    1971       1.3968
    1972       1.4614
    1973       1.4533
    1974       1.5959
    1975       1.5776
    1976       1.5250
    1977       1.5368
    1978       1.5088
    1979       1.4897
    1980       1.4996
    1981       1.5656
    1982       1.5693
    1983       1.5334
    1984       1.5037
    1985       1.4339
    1986       1.4854
    1987       1.4074
    1988       1.3915
    1989       1.3367
    1990       1.3565
    1991       1.2897
    1992       1.3564
    1993       1.3086
    1994       1.4083
    1995       1.2741
    1996       1.2480
    1997       1.3749
    1998       1.2584
    1999       1.1909
    2000       1.2087
    2001       1.2566
    2002       1.2516
    2003       1.2667
    2004       1.2298
    2005       1.2703
    2006       1.1916
    2007       1.2802
    2008       1.2752
    2009       1.3434
    2010       1.3231
    2011       1.2484
    2012       1.2791
    2013       1.2177
    2014       1.1772
    2015       1.1257
    2016       1.2352
    2017       1.2349
    2018       1.2592
    2019       1.2945
    2020       1.2209
    2021       1.2566
    2022       1.3763
    2023       1.3363
    2024       1.3583
    2025       1.3593
    2026       1.4288
    2027       1.3305
    2028       1.2792
    2029       1.3397
    2030       1.2693
    2031       1.3668
    2032       1.3662
    2033       1.3414
    2034       1.3584
    2035       1.3664
    2036       1.3097
    2037       1.2986
    2038       1.3418
    2039       1.4079
    2040       1.3896
    2041       1.5799
    2042       1.4074
    2043       1.4653
    2044       1.4092
    2045       1.4205
    2046       1.4097
    2047       1.4576
    2048       1.5021
    2049       1.3734
    2050       1.3948
    2051       1.5241
    2052       1.4912
    2053       1.5279
    2054       1.5113
    2055       1.5196
    2056       1.5207
    2057       1.5271
    2058       1.4142
    2059       1.4746
    2060       1.4240
    2061       1.4573
    2062       1.4050
    2063       1.5347
    2064       1.4342
    2065       1.4600
    2066       1.3535
    2067       1.2847
    2068       1.2309
    2069       1.2955
    2070       1.3422
    2071       1.3725
    2072       1.3342
    2073       1.2567
    2074       1.3145
    2075       1.4359
    2076       1.3884
    2077       1.3785
    2078       1.2824
    2079       1.3134
    2080       1.4182
    2081       1.2660
    2082       1.3451
    2083       1.3071
    2084       1.4042
    2085       1.4277
    2086       1.4194
    2087       1.4174
    2088       1.3726
    2089       1.3859
    2090       1.3175
    2091       1.4099
    2092       1.3598
    2093       1.2059
    2094       1.2608
    2095       1.2333
    2096       1.1991
    2097       1.2165
    2098       1.3191
    2099       1.3267
    2100       1.3271
    2101       1.3478
    2102       1.3129
    2103       1.3732
    2104       1.2985
    2105       1.3628
    2106       1.3874
    2107       1.4015
    2108       1.4106
    2109       1.3130
    2110       1.2937
    2111       1.3346
    2112       1.2592
    2113       1.2813
    2114       1.3291
    2115       1.3011
    2116       1.3637
    2117       1.2370
    2118       1.2385
    2119       1.2714
    2120       1.3379
    2121       1.3003
    2122       1.3619
    2123       1.2742
    2124       1.2294
    2125       1.2556
    2126       1.1683
    2127       1.2252
    2128       1.2330
    2129       1.2995
    2130       1.2536
    2131       1.3061
    2132       1.2215
    2133       1.1723
    2134       1.3219
    2135       1.2333
    2136       1.3338
    2137       1.3063
    2138       1.3183
    2139       1.2787
    2140       1.2352
    2141       1.2558
    2142       1.1833
    2143       1.2177
    2144       1.2058
    2145       1.2306
    2146       1.2632
    2147       1.2776
    2148       1.2579
    2149       1.3134
    2150       1.3230
    2151       1.3042
    2152       1.3415
    2153       1.3523
    2154       1.3135
    2155       1.3202
    2156       1.3123
    2157       1.3169
    2158       1.4109
    2159       1.3963
    2160       1.4013
    2161       1.4019
    2162       1.3912
    2163       1.4222
    2164       1.3495
    2165       1.3815
    2166       1.4240
    2167       1.3464
    2168       1.3198
    2169       1.2722
    2170       1.2543
    2171       1.2336
    2172       1.3085
    2173       1.2465
    2174       1.2045
    2175       1.2954
    2176       1.1426
    2177       1.1792
    2178       1.2075
    2179       1.0831
    2180       1.1631
    2181       1.1642
    2182       1.1456
    2183       1.1349
    2184       1.0385
    2185       1.1765
    2186       1.1692
    2187       1.2131
    2188       1.1182
    2189       1.1098
    2190       1.0869
    2191       1.1645
    2192       1.1290
    2193       1.0958
    2194       1.1182
    2195       1.1219
    2196       1.1122
    2197       1.1745
    2198       1.1659
    2199       1.1355
    2200       1.1266
    2201       1.1365
    2202       1.1355
    2203       1.0686
    2204       1.0322
    2205       1.1205
    2206       1.0857
    2207       1.0812
    2208       1.1285
    2209       1.1486
    2210       1.0810
    2211       1.0642
    2212       1.1092
    2213       1.1351
    2214       1.0825
    2215       1.1277
    2216       1.1376
    2217       1.1011
    2218       1.1463
    2219       1.2198
    2220       1.1868
    2221       1.1560
    2222       1.2050
    2223       1.2625
    2224       1.2777
    2225       1.2793
    2226       1.2576
    2227       1.2854
    2228       1.3152
    2229       1.2892
    2230       1.2577
    2231       1.2373
    2232       1.1587
    2233       1.1530
    2234       1.1552
    2235       1.1017
    2236       1.0800
    2237       1.1052
    2238       1.1404
    2239       1.1414
    2240       1.0565
    2241       1.0920
    2242       1.1062
    2243       1.1067
    2244       1.1228
    2245       1.1217
    2246       1.1107
    2247       1.0675
    2248       1.0938
    2249       1.1029
    2250       1.1232
    2251       1.1092
    2252       1.1087
    2253       1.1248
    2254       1.0507
    2255       1.0537
    2256       1.1181
    2257       1.0836
    2258       1.0965
    2259       1.0452
    2260       1.0355
    2261       1.0713
    2262       1.0907
    2263       1.0966
    2264       1.1486
    2265       1.0836
    2266       1.1355
    2267       1.1193
    2268       1.2334
    2269       1.1468
    2270       1.1805
    2271       1.1735
    2272       1.1419
    2273       1.1566
    2274       1.1964
    2275       1.2079
    2276       1.1228
    2277       1.0844
    2278       1.0442
    2279       1.1590
    2280       1.1481
    2281       1.1800
    2282       1.1631
    2283       1.1332
    2284       1.1323
    2285       1.0881
    2286       1.1220
    2287       1.0720
    2288       1.0943
    2289       1.2101
    2290       1.2235
    2291       1.2081
    2292       1.1861
    2293       1.1511
    2294       1.1676
    2295       1.1788
    2296       1.2121
    2297       1.1909
    2298       1.1706
    2299       1.1447
    2300       1.1889
    2301       1.1970
    2302       1.1321
    2303       1.1348
    2304       1.1782
    2305       1.1524
    2306       1.1534
    2307       1.1383
    2308       1.1448
    2309       1.1238
    2310       1.1058
    2311       1.1432
    2312       1.1061
    2313       1.1765
    2314       1.2441
    2315       1.1544
    2316       1.2140
    2317       1.1599
    2318       1.1572
    2319       1.0923
    2320       1.1288
    2321       1.1262
    2322       1.1312
    2323       1.1105
    2324       1.1708
    2325       1.1636
    2326       1.2218
    2327       1.2593
    2328       1.2020
    2329       1.2105
    2330       1.2063
    2331       1.2140
    2332       1.2374
    2333       1.2384
    2334       1.1763
    2335       1.1354
    2336       1.2423
    2337       1.1555
    2338       1.1468
    2339       1.1832
    2340       1.1785
    2341       1.1875
    2342       1.1342
    2343       1.1958
    2344       1.1970
    2345       1.1741
    2346       1.1899
    2347       1.1950
    2348       1.1951
    2349       1.2456
    2350       1.2528
    2351       1.1944
    2352       1.1820
    2353       1.1898
    2354       1.2103
    2355       1.1763
    2356       1.2015
    2357       1.1434
    2358       1.1848
    2359       1.2534
    2360       1.2223
    2361       1.2243
    2362       1.1697
    2363       1.1514
    2364       1.1604
    2365       1.2285
    2366       1.2487
    2367       1.1483
    2368       1.2038
    2369       1.2850
    2370       1.1809
    2371       1.2322
    2372       1.2309
    2373       1.3123
    2374       1.2460
    2375       1.2457
    2376       1.2646
    2377       1.2757
    2378       1.3190
    2379       1.2932
    2380       1.2582
    2381       1.3236
    2382       1.4820
    2383       1.6041
    2384       1.4363
    2385       1.3059
    2386       1.2299
    2387       1.2539
    2388       1.2802
    2389       1.3373
    2390       1.3537
    2391       1.3697
    2392       1.2980
    2393       1.2954
    2394       1.3207
    2395       1.3693
    2396       1.4434
    2397       1.3154
    2398       1.3795
    2399       1.3613
    2400       1.4291
    2401       1.4066
    2402       1.3814
    2403       1.3836
    2404       1.3266
    2405       1.3309
    2406       1.2723
    2407       1.2946
    2408       1.3906
    2409       1.3507
    2410       1.3739
    2411       1.3361
    2412       1.2529
    2413       1.2262
    2414       1.2398
    2415       1.3014
    2416       1.3349
    2417       1.3612
    2418       1.3601
    2419       1.3214
    2420       1.3218
    2421       1.3274
    2422       1.3498
    2423       1.2829
    2424       1.3831
    2425       1.4462
    2426       1.4346
    2427       1.4285
    2428       1.3574
    2429       1.3907
    2430       1.3348
    2431       1.3364
    2432       1.3910
    2433       1.3665
    2434       1.3912
    2435       1.3830
    2436       1.3599
    2437       1.3728
    2438       1.3452
    2439       1.3413
    2440       1.2929
    2441       1.2610
    2442       1.3143
    2443       1.2771
    2444       1.3375
    2445       1.2626
    2446       1.2893
    2447       1.3187
    2448       1.3489
    2449       1.2983
    2450       1.3648
    2451       1.2963
    2452       1.2223
    2453       1.3147
    2454       1.2823
    2455       1.2122
    2456       1.2647
    2457       1.3769
    2458       1.2097
    2459       1.2966
    2460       1.3419
    2461       1.3666
    2462       1.4393
    2463       1.4958
    2464       1.4606
    2465       1.3708
    2466       1.3783
    2467       1.4663
    2468       1.4013
    2469       1.4286
    2470       1.4597
    2471       1.4522
    2472       1.4901
    2473       1.4592
    2474       1.4913
    2475       1.4935
    2476       1.4158
    2477       1.4761
    2478       1.5113
    2479       1.5999
    2480       1.5444
    2481       1.4465
    2482       1.4238
    2483       1.4248
    2484       1.4534
    2485       1.4676
    2486       1.4158
    2487       1.3846
    2488       1.4383
    2489       1.4461
    2490       1.3920
    2491       1.3529
    2492       1.3407
    2493       1.3692
    2494       1.3311
    2495       1.3388
    2496       1.3147
    2497       1.3613
    2498       1.2969
    2499       1.3852
    2500       1.3874
    2501       1.3147
    2502       1.2954
    2503       1.3628
    2504       1.5109
    2505       1.5496
    2506       1.4167
    2507       1.4356
    2508       1.4432
    2509       1.4342
    2510       1.3667
    2511       1.4034
    2512       1.4204
    2513       1.4331
    2514       1.4108
    2515       1.4851
    2516       1.4780
    2517       1.4415
    2518       1.4691
    2519       1.4344
    2520       1.4442
    2521       1.4391
    2522       1.3731
    2523       1.3335
    2524       1.4345
    2525       1.3091
    2526       1.3738
    2527       1.4065
    2528       1.3935
    2529       1.3080
    2530       1.3062
    2531       1.2402
    2532       1.3028
    2533       1.2331
    2534       1.2473
    2535       1.2345
    2536       1.1913
    2537       1.2191
    2538       1.2446
    2539       1.3513
    2540       1.2867
    2541       1.3189
    2542       1.3231
    2543       1.3677
    2544       1.3574
    2545       1.2679
    2546       1.3068
    2547       1.2406
    2548       1.3739
    2549       1.3396
    2550       1.3476
    2551       1.3162
    2552       1.2554
    2553       1.2369
    2554       1.1928
    2555       1.2139
    2556       1.2195
    2557       1.3490
    2558       1.2813
    2559       1.1791
    2560       1.2687
    2561       1.3210
    2562       1.3088
    2563       1.2383
    2564       1.1962
    2565       1.2273
    2566       1.2011
    2567       1.1694
    2568       1.1537
    2569       1.2129
    2570       1.2175
    2571       1.3012
    2572       1.3685
    2573       1.3540
    2574       1.3321
    2575       1.2825
    2576       1.2695
    2577       1.1788
    2578       1.2469
    2579       1.2659
    2580       1.3553
    2581       1.4108
    2582       1.3012
    2583       1.4478
    2584       1.5332
    2585       1.5153
    2586       1.4836
    2587       1.4373
    2588       1.4636
    2589       1.5646
    2590       1.5332
    2591       1.4142
    2592       1.4087
    2593       1.3980
    2594       1.4368
    2595       1.4229
    2596       1.3668
    2597       1.3001
    2598       1.2523
    2599       1.2739
    2600       1.2541
    2601       1.2954
    2602       1.2652
    2603       1.2688
    2604       1.3574
    2605       1.2914
    2606       1.2725
    2607       1.3359
    2608       1.3247
    2609       1.3743
    2610       1.3331
    2611       1.3279
    2612       1.2962
    2613       1.3203
    2614       1.3032
    2615       1.2695
    2616       1.3118
    2617       1.2654
    2618       1.2870
    2619       1.3149
    2620       1.2499
    2621       1.2744
    2622       1.2511
    2623       1.3063
    2624       1.2326
    2625       1.2040
    2626       1.3278
    2627       1.3083
    2628       1.3284
    2629       1.2543
    2630       1.3489
    2631       1.3252
    2632       1.2838
    2633       1.2944
    2634       1.2895
    2635       1.2462
    2636       1.1873
    2637       1.2248
    2638       1.1680
    2639       1.2505
    2640       1.2904
    2641       1.2886
    2642       1.2627
    2643       1.2865
    2644       1.3276
    2645       1.2349
    2646       1.2331
    2647       1.2190
    2648       1.2235
    2649       1.2950
    2650       1.2465
    2651       1.2265
    2652       1.2617
    2653       1.2336
    2654       1.3681
    2655       1.3463
    2656       1.3198
    2657       1.3336
    2658       1.2488
    2659       1.2401
    2660       1.2253
    2661       1.2802
    2662       1.3349
    2663       1.3880
    2664       1.3269
    2665       1.2399
    2666       1.3258
    2667       1.3538
    2668       1.1955
    2669       1.2417
    2670       1.2842
    2671       1.2923
    2672       1.3154
    2673       1.2557
    2674       1.2693
    2675       1.2164
    2676       1.2489
    2677       1.1869
    2678       1.2293
    2679       1.2863
    2680       1.2240
    2681       1.2897
    2682       1.3077
    2683       1.3409
    2684       1.3112
    2685       1.2798
    2686       1.2495
    2687       1.2555
    2688       1.3293
    2689       1.3696
    2690       1.2875
    2691       1.2938
    2692       1.4241
    2693       1.3473
    2694       1.3577
    2695       1.2953
    2696       1.3631
    2697       1.3781
    2698       1.2659
    2699       1.2606
    2700       1.2706
    2701       1.1964
    2702       1.2409
    2703       1.2431
    2704       1.2175
    2705       1.2130
    2706       1.2658
    2707       1.2060
    2708       1.2210
    2709       1.2630
    2710       1.2056
    2711       1.2911
    2712       1.2687
    2713       1.2883
    2714       1.3138
    2715       1.2511
    2716       1.2388
    2717       1.2127
    2718       1.2114
    2719       1.2713
    2720       1.1991
    2721       1.2909
    2722       1.3291
    2723       1.3088
    2724       1.3685
    2725       1.3074
    2726       1.2578
    2727       1.3102
    2728       1.2560
    2729       1.2969
    2730       1.2773
    2731       1.3313
    2732       1.2498
    2733       1.2661
    2734       1.2586
    2735       1.2813
    2736       1.1953
    2737       1.2633
    2738       1.3117
    2739       1.3944
    2740       1.3212
    2741       1.3416
    2742       1.3582
    2743       1.4399
    2744       1.3552
    2745       1.2419
    2746       1.3814
    2747       1.3171
    2748       1.3341
    2749       1.4085
    2750       1.3621
    2751       1.3531
    2752       1.3656
    2753       1.3331
    2754       1.3167
    2755       1.3344
    2756       1.3724
    2757       1.4248
    2758       1.4213
    2759       1.4447
    2760       1.3250
    2761       1.3175
    2762       1.3302
    2763       1.3165
    2764       1.2963
    2765       1.3273
    2766       1.3261
    2767       1.2973
    2768       1.2455
    2769       1.2470
    2770       1.1619
    2771       1.2126
    2772       1.3033
    2773       1.3087
    2774       1.2954
    2775       1.2981
    2776       1.2337
    2777       1.3277
    2778       1.3274
    2779       1.2684
    2780       1.3082
    2781       1.2542
    2782       1.2686
    2783       1.2792
    2784       1.2482
    2785       1.1968
    2786       1.2670
    2787       1.2749
    2788       1.2494
    2789       1.2254
    2790       1.2082
    2791       1.2557
    2792       1.2621
    2793       1.3207
    2794       1.2651
    2795       1.3049
    2796       1.2306
    2797       1.2998
    2798       1.2281
    2799       1.2224
    2800       1.1435
    2801       1.1902
    2802       1.1720
    2803       1.1334
    2804       1.1403
    2805       1.2086
    2806       1.1511
    2807       1.1955
    2808       1.1892
    2809       1.1521
    2810       1.2376
    2811       1.3072
    2812       1.2826
    2813       1.2607
    2814       1.2717
    2815       1.2308
    2816       1.2811
    2817       1.2108
    2818       1.1646
    2819       1.1725
    2820       1.2162
    2821       1.2035
    2822       1.2135
    2823       1.2096
    2824       1.1804
    2825       1.2688
    2826       1.3240
    2827       1.2898
    2828       1.3978
    2829       1.3989
    2830       1.4224
    2831       1.3590
    2832       1.4160
    2833       1.4421
    2834       1.2950
    2835       1.2862
    2836       1.3173
    2837       1.1928
    2838       1.2467
    2839       1.1530
    2840       1.0928
    2841       1.1353
    2842       1.1538
    2843       1.2372
    2844       1.1975
    2845       1.2991
    2846       1.3275
    2847       1.2358
    2848       1.2417
    2849       1.2475
    2850       1.2516
    2851       1.2968
    2852       1.2703
    2853       1.2391
    2854       1.2965
    2855       1.2971
    2856       1.3659
    2857       1.3603
    2858       1.3097
    2859       1.3233
    2860       1.2377
    2861       1.2380
    2862       1.1894
    2863       1.2681
    2864       1.2262
    2865       1.2339
    2866       1.2321
    2867       1.2357
    2868       1.2479
    2869       1.2526
    2870       1.2701
    2871       1.3332
    2872       1.3465
    2873       1.3668
    2874       1.3103
    2875       1.3715
    2876       1.3278
    2877       1.3579
    2878       1.3999
    2879       1.3960
    2880       1.4003
    2881       1.3943
    2882       1.4214
    2883       1.3961
    2884       1.3428
    2885       1.2590
    2886       1.2144
    2887       1.2544
    2888       1.2594
    2889       1.3449
    2890       1.3367
    2891       1.3657
    2892       1.3490
    2893       1.3371
    2894       1.3258
    2895       1.3758
    2896       1.3177
    2897       1.3691
    2898       1.3553
    2899       1.2780
    2900       1.2534
    2901       1.3211
    2902       1.3127
    2903       1.3266
    2904       1.3385
    2905       1.2798
    2906       1.2853
    2907       1.2620
    2908       1.2857
    2909       1.2557
    2910       1.2415
    2911       1.2459
    2912       1.2885
    2913       1.2773
    2914       1.2723
    2915       1.3005
    2916       1.3722
    2917       1.5214
    2918       1.3858
    2919       1.4575
    2920       1.4316
    2921       1.4444
    2922       1.3750
    2923       1.3987
    2924       1.4125
    2925       1.3957
    2926       1.4328
    2927       1.3178
    2928       1.3319
    2929       1.3986
    2930       1.3711
    2931       1.3842
    2932       1.3658
    2933       1.3430
    2934       1.4062
    2935       1.3057
    2936       1.3630
    2937       1.3451
    2938       1.4137
    2939       1.3871
    2940       1.3639
    2941       1.4302
    2942       1.5116
    2943       1.4704
    2944       1.4940
    2945       1.4446
    2946       1.3220
    2947       1.4036
    2948       1.2585
    2949       1.3254
    2950       1.3232
    2951       1.3259
    2952       1.3993
    2953       1.3120
    2954       1.2895
    2955       1.4276
    2956       1.5164
    2957       1.4939
    2958       1.3298
    2959       1.3288
    2960       1.3643
    2961       1.4142
    2962       1.4448
    2963       1.3853
    2964       1.3761
    2965       1.3871
    2966       1.3592
    2967       1.3863
    2968       1.4224
    2969       1.4941
    2970       1.4503
    2971       1.3891
    2972       1.4202
    2973       1.3730
    2974       1.2626
    2975       1.3529
    2976       1.4007
    2977       1.3116
    2978       1.3123
    2979       1.2341
    2980       1.3219
    2981       1.3026
    2982       1.3946
    2983       1.4624
    2984       1.2700
    2985       1.3320
    2986       1.3087
    2987       1.2943
    2988       1.2585
    2989       1.3479
    2990       1.2285
    2991       1.3165
    2992       1.2423
    2993       1.3097
    2994       1.2875
    2995       1.3359
    2996       1.3050
    2997       1.3060
    2998       1.2860
    2999       1.2441
    3000       1.2131
    3001       1.2747
    3002       1.2816
    3003       1.2367
    3004       1.3106
    3005       1.2862
    3006       1.2409
    3007       1.2639
    3008       1.1510
    3009       1.1545
    3010       1.1092
    3011       1.1330
    3012       1.1529
    3013       1.1006
    3014       1.1953
    3015       1.1916
    3016       1.1628
    3017       1.2289
    3018       1.2104
    3019       1.2767
    3020       1.3357
    3021       1.2973
    3022       1.3016
    3023       1.2766
    3024       1.2271
    3025       1.1575
    3026       1.1402
    3027       1.1957
    3028       1.2303
    3029       1.2034
    3030       1.2057
    3031       1.1642
    3032       1.2217
    3033       1.2470
    3034       1.2367
    3035       1.3135
    3036       1.2697
    3037       1.3088
    3038       1.2663
    3039       1.2474
    3040       1.2172
    3041       1.2083
    3042       1.3487
    3043       1.2802
    3044       1.2794
    3045       1.1677
    3046       1.3011
    3047       1.2446
    3048       1.3292
    3049       1.2483
    3050       1.2254
    3051       1.2439
    3052       1.2405
    3053       1.2353
    3054       1.2617
    3055       1.2618
    3056       1.2763
    3057       1.2129
    3058       1.2270
    3059       1.3290
    3060       1.1622
    3061       1.1891
    3062       1.1584
    3063       1.2223
    3064       1.2329
    3065       1.2683
    3066       1.2535
    3067       1.2526
    3068       1.2764
    3069       1.2755
    3070       1.2627
    3071       1.2590
    3072       1.3152
    3073       1.1398
    3074       1.2021
    3075       1.1871
    3076       1.2256
    3077       1.2355
    3078       1.2933
    3079       1.2093
    3080       1.3231
    3081       1.3480
    3082       1.3101
    3083       1.2813
    3084       1.3425
    3085       1.3268
    3086       1.2988
    3087       1.3205
    3088       1.3250
    3089       1.3477
    3090       1.4127
    3091       1.3199
    3092       1.3054
    3093       1.3429
    3094       1.3076
    3095       1.2196
    3096       1.3133
    3097       1.3673
    3098       1.3417
    3099       1.3014
    3100       1.3287
    3101       1.3264
    3102       1.3177
    3103       1.3307
    3104       1.2874
    3105       1.2648
    3106       1.2399
    3107       1.3289
    3108       1.3249
    3109       1.3630
    3110       1.4304
    3111       1.3989
    3112       1.3326
    3113       1.2960
    3114       1.2599
    3115       1.2477
    3116       1.1952
    3117       1.1777
    3118       1.1155
    3119       1.2058
    3120       1.1923
    3121       1.1720
    3122       1.1635
    3123       1.1957
    3124       1.2271
    3125       1.1626
