#Frame     RMSD_00001
       1       0.0000
       2       0.6791
       3       0.7427
       4       0.8331
       5       0.7829
       6       0.7709
       7       0.8204
       8       0.7823
       9       0.8182
      10       0.8313
      11       0.7942
      12       0.8140
      13       0.7503
      14       0.8173
      15       0.8517
      16       0.9120
      17       0.9237
      18       0.9053
      19       0.9013
      20       0.9230
      21       0.9356
      22       0.8968
      23       0.9601
      24       0.9400
      25       0.8879
      26       1.0895
      27       1.0684
      28       1.0128
      29       0.9979
      30       1.0565
      31       1.0889
      32       1.0518
      33       1.0550
      34       0.9581
      35       1.0571
      36       0.9424
      37       0.9124
      38       0.8956
      39       0.9140
      40       0.9316
      41       0.8894
      42       0.9421
      43       1.0204
      44       0.9876
      45       1.0112
      46       1.0276
      47       1.0459
      48       1.0320
      49       0.9564
      50       0.9669
      51       1.0086
      52       0.9761
      53       0.9734
      54       0.9459
      55       0.9762
      56       1.0056
      57       0.9643
      58       1.0639
      59       1.0205
      60       1.0448
      61       1.0443
      62       1.0072
      63       1.0134
      64       1.0233
      65       1.0134
      66       0.9310
      67       0.9946
      68       1.0126
      69       1.0469
      70       1.0216
      71       1.1012
      72       1.0636
      73       0.9972
      74       0.9451
      75       1.0445
      76       0.9420
      77       0.8793
      78       0.9313
      79       0.9237
      80       0.9943
      81       1.0454
      82       1.0478
      83       1.0571
      84       1.0683
      85       1.0491
      86       1.0613
      87       0.9729
      88       0.9541
      89       1.0024
      90       1.0322
      91       1.0098
      92       0.9746
      93       0.9523
      94       0.9967
      95       1.0293
      96       0.9872
      97       0.9965
      98       0.9906
      99       1.0484
     100       0.9819
     101       0.9848
     102       0.8903
     103       0.9867
     104       1.0078
     105       0.9755
     106       0.9510
     107       1.0055
     108       0.9949
     109       0.9744
     110       0.9756
     111       0.9808
     112       1.0607
     113       1.0606
     114       1.0563
     115       1.0292
     116       0.9964
     117       0.9829
     118       0.9969
     119       1.1411
     120       1.0565
     121       1.0159
     122       0.9967
     123       1.0374
     124       1.0633
     125       1.0237
     126       1.0633
     127       1.0066
     128       1.1391
     129       1.0747
     130       1.0925
     131       1.0570
     132       1.1148
     133       1.0251
     134       1.0407
     135       1.0866
     136       1.0757
     137       1.0727
     138       1.0058
     139       1.1056
     140       0.9850
     141       0.9945
     142       1.0195
     143       1.0689
     144       0.9948
     145       0.9776
     146       1.0085
     147       1.0765
     148       0.9768
     149       0.9679
     150       0.9970
     151       0.9382
     152       1.0326
     153       0.9933
     154       1.0389
     155       1.0385
     156       0.9717
     157       0.9989
     158       1.0115
     159       0.9527
     160       0.9666
     161       0.9937
     162       0.9556
     163       0.9823
     164       0.9699
     165       0.9503
     166       0.9460
     167       0.9730
     168       0.9744
     169       0.9032
     170       0.9705
     171       0.9941
     172       0.9997
     173       1.0222
     174       1.0297
     175       1.0023
     176       1.0557
     177       1.0393
     178       1.0027
     179       1.0693
     180       1.1128
     181       1.1206
     182       1.0813
     183       1.0445
     184       1.0568
     185       1.1093
     186       1.0739
     187       1.0660
     188       1.1117
     189       1.0827
     190       1.0875
     191       1.1557
     192       1.0686
     193       1.0774
     194       1.0915
     195       1.0397
     196       1.0658
     197       1.0562
     198       1.1094
     199       1.0896
     200       1.0618
     201       1.1237
     202       1.0626
     203       1.0940
     204       1.0143
     205       1.0003
     206       0.9927
     207       0.9747
     208       1.0583
     209       0.9296
     210       0.9413
     211       1.0060
     212       0.9386
     213       1.0229
     214       1.0317
     215       1.0640
     216       1.0330
     217       1.1099
     218       1.0570
     219       1.0289
     220       1.0234
     221       1.0551
     222       1.1247
     223       1.1438
     224       1.1444
     225       1.1918
     226       1.1096
     227       1.1462
     228       1.1286
     229       1.2045
     230       1.1762
     231       1.1321
     232       1.1101
     233       1.0858
     234       1.1659
     235       1.1374
     236       1.1263
     237       1.1609
     238       1.2398
     239       1.1496
     240       1.0919
     241       1.0393
     242       1.0814
     243       1.0665
     244       0.9864
     245       0.9393
     246       1.0152
     247       1.0834
     248       1.1464
     249       1.2088
     250       1.2140
     251       1.1448
     252       1.1342
     253       1.1238
     254       1.0623
     255       1.0978
     256       1.1333
     257       1.1532
     258       1.1016
     259       1.1160
     260       1.0704
     261       1.1491
     262       1.0598
     263       1.0828
     264       1.1303
     265       1.1027
     266       1.0679
     267       1.1456
     268       1.1930
     269       1.1413
     270       1.1865
     271       1.1466
     272       1.0766
     273       1.1329
     274       1.1558
     275       1.0962
     276       1.0874
     277       1.1685
     278       1.1938
     279       1.1825
     280       1.2334
     281       1.1879
     282       1.2546
     283       1.2119
     284       1.1931
     285       1.1130
     286       1.1484
     287       1.1679
     288       1.1645
     289       1.2071
     290       1.1571
     291       1.2178
     292       1.2197
     293       1.1857
     294       1.1828
     295       1.2796
     296       1.3066
     297       1.3007
     298       1.2223
     299       1.2278
     300       1.3195
     301       1.2029
     302       1.1965
     303       1.1159
     304       1.1410
     305       1.1119
     306       1.0738
     307       1.0792
     308       1.1411
     309       1.1414
     310       1.0724
     311       1.1225
     312       1.2145
     313       1.1569
     314       1.1540
     315       1.1482
     316       1.1325
     317       1.1704
     318       1.0757
     319       1.0884
     320       1.1244
     321       1.0630
     322       1.1555
     323       1.1540
     324       1.1379
     325       1.1790
     326       1.0715
     327       1.1117
     328       1.1520
     329       1.2308
     330       1.2094
     331       1.2933
     332       1.3264
     333       1.2757
     334       1.2330
     335       1.2782
     336       1.1908
     337       1.3072
     338       1.2583
     339       1.1942
     340       1.2851
     341       1.2645
     342       1.2201
     343       1.2171
     344       1.1872
     345       1.1451
     346       1.1223
     347       1.1442
     348       1.1265
     349       1.1246
     350       1.1146
     351       1.1751
     352       1.1526
     353       1.1648
     354       1.1580
     355       1.0783
     356       1.0761
     357       1.1167
     358       1.2010
     359       1.1749
     360       1.1695
     361       1.2364
     362       1.1539
     363       1.2135
     364       1.1581
     365       1.2027
     366       1.1543
     367       1.2111
     368       1.2051
     369       1.1923
     370       1.2312
     371       1.2286
     372       1.2592
     373       1.2660
     374       1.2956
     375       1.2341
     376       1.2228
     377       1.2110
     378       1.1572
     379       1.2312
     380       1.3462
     381       1.1799
     382       1.3448
     383       1.3353
     384       1.3573
     385       1.2469
     386       1.2332
     387       1.2762
     388       1.2370
     389       1.2487
     390       1.2607
     391       1.3146
     392       1.2770
     393       1.2991
     394       1.2988
     395       1.2373
     396       1.2574
     397       1.2890
     398       1.3227
     399       1.3183
     400       1.2810
     401       1.2679
     402       1.2566
     403       1.1928
     404       1.2239
     405       1.1908
     406       1.2061
     407       1.2366
     408       1.2074
     409       1.2922
     410       1.2572
     411       1.2678
     412       1.2740
     413       1.2132
     414       1.1521
     415       1.1942
     416       1.1879
     417       1.1243
     418       1.1782
     419       1.2171
     420       1.2912
     421       1.2769
     422       1.2120
     423       1.2669
     424       1.2489
     425       1.2526
     426       1.1704
     427       1.1851
     428       1.3212
     429       1.3193
     430       1.2643
     431       1.2858
     432       1.3961
     433       1.3297
     434       1.3336
     435       1.3146
     436       1.2508
     437       1.2933
     438       1.3062
     439       1.2228
     440       1.1831
     441       1.1552
     442       1.1090
     443       1.1176
     444       1.1188
     445       1.1634
     446       1.1359
     447       1.1836
     448       1.1839
     449       1.2617
     450       1.1349
     451       1.3080
     452       1.2711
     453       1.3323
     454       1.3048
     455       1.2788
     456       1.1892
     457       1.1639
     458       1.2164
     459       1.2188
     460       1.2312
     461       1.2086
     462       1.1686
     463       1.2687
     464       1.1662
     465       1.2572
     466       1.3466
     467       1.3347
     468       1.3512
     469       1.3280
     470       1.1122
     471       1.1621
     472       1.2008
     473       1.2025
     474       1.3088
     475       1.2309
     476       1.1959
     477       1.2388
     478       1.2722
     479       1.2066
     480       1.2075
     481       1.0624
     482       1.0608
     483       1.1311
     484       1.2140
     485       1.1722
     486       1.1682
     487       1.2253
     488       1.2480
     489       1.2348
     490       1.1362
     491       1.1924
     492       1.1424
     493       1.1596
     494       1.1120
     495       1.1831
     496       1.1984
     497       1.2477
     498       1.1795
     499       1.1204
     500       1.2065
     501       1.1089
     502       1.0723
     503       1.0829
     504       1.1281
     505       1.0518
     506       1.0938
     507       1.0822
     508       1.0579
     509       1.0454
     510       1.0534
     511       1.0685
     512       1.0291
     513       1.0206
     514       1.0813
     515       1.1655
     516       1.1738
     517       1.1056
     518       1.1451
     519       1.1429
     520       1.2140
     521       1.2376
     522       1.1295
     523       1.0486
     524       1.1547
     525       1.1122
     526       1.1176
     527       1.1627
     528       1.1557
     529       1.2512
     530       1.2768
     531       1.2476
     532       1.1729
     533       1.1239
     534       1.1835
     535       1.1692
     536       1.1476
     537       1.1608
     538       1.2056
     539       1.2270
     540       1.1640
     541       1.2491
     542       1.1686
     543       1.1744
     544       1.1707
     545       1.1766
     546       1.2048
     547       1.2075
     548       1.1017
     549       1.2740
     550       1.2405
     551       1.2211
     552       1.2311
     553       1.2622
     554       1.2415
     555       1.2365
     556       1.2971
     557       1.2227
     558       1.2334
     559       1.1813
     560       1.2432
     561       1.2705
     562       1.3371
     563       1.2434
     564       1.1950
     565       1.1727
     566       1.1463
     567       1.1418
     568       1.3379
     569       1.2745
     570       1.2551
     571       1.1902
     572       1.2434
     573       1.2341
     574       1.2493
     575       1.1865
     576       1.1228
     577       1.1149
     578       1.1458
     579       1.1140
     580       1.1373
     581       1.1427
     582       1.1878
     583       1.0900
     584       1.1050
     585       1.2025
     586       1.2294
     587       1.2302
     588       1.2112
     589       1.2199
     590       1.2432
     591       1.2012
     592       1.2027
     593       1.1486
     594       1.2185
     595       1.2052
     596       1.2585
     597       1.3082
     598       1.2787
     599       1.2626
     600       1.2698
     601       1.2593
     602       1.2743
     603       1.2270
     604       1.3307
     605       1.2220
     606       1.2678
     607       1.2353
     608       1.3869
     609       1.2212
     610       1.2492
     611       1.3051
     612       1.3009
     613       1.2522
     614       1.3330
     615       1.3685
     616       1.3696
     617       1.3164
     618       1.3672
     619       1.3258
     620       1.3840
     621       1.3060
     622       1.3505
     623       1.3349
     624       1.3590
     625       1.3762
     626       1.3879
     627       1.3734
     628       1.4186
     629       1.3657
     630       1.2136
     631       1.2238
     632       1.2550
     633       1.2769
     634       1.2163
     635       1.2089
     636       1.2613
     637       1.2873
     638       1.3096
     639       1.2710
     640       1.2622
     641       1.1409
     642       1.2073
     643       1.2324
     644       1.1807
     645       1.2423
     646       1.2756
     647       1.3164
     648       1.2622
     649       1.2361
     650       1.1774
     651       1.1450
     652       1.2226
     653       1.1163
     654       1.1220
     655       1.0876
     656       1.1523
     657       1.1973
     658       1.2135
     659       1.2648
     660       1.2525
     661       1.1733
     662       1.1584
     663       1.1186
     664       1.2387
     665       1.2616
     666       1.2542
     667       1.2485
     668       1.2625
     669       1.2165
     670       1.0770
     671       1.1633
     672       1.2195
     673       1.1939
     674       1.2037
     675       1.2256
     676       1.2553
     677       1.2848
     678       1.3926
     679       1.3777
     680       1.4236
     681       1.3865
     682       1.4066
     683       1.4198
     684       1.3523
     685       1.2641
     686       1.3520
     687       1.2341
     688       1.2528
     689       1.2720
     690       1.2596
     691       1.2657
     692       1.1872
     693       1.2734
     694       1.3553
     695       1.4080
     696       1.3240
     697       1.2853
     698       1.3632
     699       1.3044
     700       1.2784
     701       1.3617
     702       1.3477
     703       1.2693
     704       1.2082
     705       1.3619
     706       1.2768
     707       1.2923
     708       1.2993
     709       1.3539
     710       1.3601
     711       1.3451
     712       1.3146
     713       1.3203
     714       1.3575
     715       1.3373
     716       1.3539
     717       1.4258
     718       1.4339
     719       1.3660
     720       1.3918
     721       1.3737
     722       1.3360
     723       1.3301
     724       1.3878
     725       1.3631
     726       1.2532
     727       1.2712
     728       1.2557
     729       1.2342
     730       1.3157
     731       1.2252
     732       1.2643
     733       1.2823
     734       1.3982
     735       1.4158
     736       1.3992
     737       1.3545
     738       1.3534
     739       1.3051
     740       1.2385
     741       1.3652
     742       1.3739
     743       1.3050
     744       1.2254
     745       1.2905
     746       1.3332
     747       1.4144
     748       1.3458
     749       1.3306
     750       1.3098
     751       1.2960
     752       1.2784
     753       1.2653
     754       1.4342
     755       1.3742
     756       1.4158
     757       1.3659
     758       1.4067
     759       1.3184
     760       1.2733
     761       1.3356
     762       1.3120
     763       1.3162
     764       1.3672
     765       1.3844
     766       1.4987
     767       1.5371
     768       1.4141
     769       1.4265
     770       1.3356
     771       1.4298
     772       1.3456
     773       1.2872
     774       1.2828
     775       1.2350
     776       1.2541
     777       1.2370
     778       1.2703
     779       1.2778
     780       1.2172
     781       1.1613
     782       1.2328
     783       1.2295
     784       1.1965
     785       1.2326
     786       1.2068
     787       1.2168
     788       1.2000
     789       1.1795
     790       1.2015
     791       1.2358
     792       1.3003
     793       1.2353
     794       1.3132
     795       1.2893
     796       1.2501
     797       1.2552
     798       1.1842
     799       1.2556
     800       1.2634
     801       1.2957
     802       1.3215
     803       1.2889
     804       1.2630
     805       1.2786
     806       1.3496
     807       1.4068
     808       1.4182
     809       1.3329
     810       1.3154
     811       1.3744
     812       1.3337
     813       1.2817
     814       1.3131
     815       1.1990
     816       1.2380
     817       1.2001
     818       1.2627
     819       1.1999
     820       1.1812
     821       1.1915
     822       1.1501
     823       1.1924
     824       1.2057
     825       1.2084
     826       1.1806
     827       1.1499
     828       1.2425
     829       1.3032
     830       1.2285
     831       1.1970
     832       1.2134
     833       1.1904
     834       1.2494
     835       1.2753
     836       1.2350
     837       1.2766
     838       1.2305
     839       1.2919
     840       1.2730
     841       1.3229
     842       1.3226
     843       1.2971
     844       1.3933
     845       1.3661
     846       1.3186
     847       1.2552
     848       1.2609
     849       1.3622
     850       1.3344
     851       1.4221
     852       1.3939
     853       1.3509
     854       1.4664
     855       1.3899
     856       1.3902
     857       1.4186
     858       1.3894
     859       1.3492
     860       1.4355
     861       1.3330
     862       1.3418
     863       1.3375
     864       1.2444
     865       1.2373
     866       1.2574
     867       1.2437
     868       1.2737
     869       1.2631
     870       1.3364
     871       1.3145
     872       1.2876
     873       1.2926
     874       1.2564
     875       1.2723
     876       1.2296
     877       1.2323
     878       1.1410
     879       1.1730
     880       1.1882
     881       1.2113
     882       1.1286
     883       1.1355
     884       1.1573
     885       1.1882
     886       1.2472
     887       1.2402
     888       1.2175
     889       1.3123
     890       1.2789
     891       1.2099
     892       1.2368
     893       1.2968
     894       1.3494
     895       1.3109
     896       1.2790
     897       1.2624
     898       1.3730
     899       1.4098
     900       1.4144
     901       1.3902
     902       1.4383
     903       1.3630
     904       1.4176
     905       1.4597
     906       1.4069
     907       1.4443
     908       1.5320
     909       1.5554
     910       1.4614
     911       1.3961
     912       1.3290
     913       1.2501
     914       1.2366
     915       1.1401
     916       1.2162
     917       1.2187
     918       1.1787
     919       1.2337
     920       1.2095
     921       1.2146
     922       1.2075
     923       1.2734
     924       1.1740
     925       1.1016
     926       1.1518
     927       1.1319
     928       1.2224
     929       1.1836
     930       1.2221
     931       1.1190
     932       1.1981
     933       1.2468
     934       1.2480
     935       1.2203
     936       1.2107
     937       1.2766
     938       1.2764
     939       1.2748
     940       1.2358
     941       1.2208
     942       1.1907
     943       1.1924
     944       1.2680
     945       1.3339
     946       1.1845
     947       1.2346
     948       1.3392
     949       1.2578
     950       1.2115
     951       1.3350
     952       1.3042
     953       1.3635
     954       1.3300
     955       1.3844
     956       1.4050
     957       1.3185
     958       1.3264
     959       1.3541
     960       1.3232
     961       1.3322
     962       1.3665
     963       1.3109
     964       1.3421
     965       1.3271
     966       1.3151
     967       1.3397
     968       1.3707
     969       1.2772
     970       1.3231
     971       1.3272
     972       1.2833
     973       1.2668
     974       1.2680
     975       1.3512
     976       1.2065
     977       1.2678
     978       1.2930
     979       1.3135
     980       1.3568
     981       1.3459
     982       1.3444
     983       1.3446
     984       1.3419
     985       1.3644
     986       1.3611
     987       1.4070
     988       1.3345
     989       1.4560
     990       1.3963
     991       1.2989
     992       1.3406
     993       1.3225
     994       1.4188
     995       1.3646
     996       1.4087
     997       1.4275
     998       1.4167
     999       1.4725
    1000       1.4760
    1001       1.4695
    1002       1.4798
    1003       1.4291
    1004       1.5777
    1005       1.4527
    1006       1.5208
    1007       1.5107
    1008       1.5106
    1009       1.4882
    1010       1.3021
    1011       1.3121
    1012       1.2919
    1013       1.3067
    1014       1.3978
    1015       1.3255
    1016       1.3235
    1017       1.3425
    1018       1.4125
    1019       1.4268
    1020       1.4828
    1021       1.4038
    1022       1.4462
    1023       1.4371
    1024       1.3664
    1025       1.4150
    1026       1.3851
    1027       1.4436
    1028       1.4216
    1029       1.4436
    1030       1.4079
    1031       1.3619
    1032       1.2706
    1033       1.2983
    1034       1.2798
    1035       1.3860
    1036       1.4005
    1037       1.3415
    1038       1.3171
    1039       1.3047
    1040       1.3505
    1041       1.2786
    1042       1.2866
    1043       1.3251
    1044       1.3474
    1045       1.3658
    1046       1.3087
    1047       1.3158
    1048       1.2710
    1049       1.3043
    1050       1.3165
    1051       1.2225
    1052       1.2570
    1053       1.2657
    1054       1.2146
    1055       1.2407
    1056       1.2593
    1057       1.2641
    1058       1.2756
    1059       1.2425
    1060       1.3064
    1061       1.3292
    1062       1.3460
    1063       1.3213
    1064       1.3097
    1065       1.3286
    1066       1.3904
    1067       1.3923
    1068       1.4553
    1069       1.3077
    1070       1.4037
    1071       1.3582
    1072       1.3991
    1073       1.3702
    1074       1.3088
    1075       1.3323
    1076       1.3440
    1077       1.3753
    1078       1.5063
    1079       1.4124
    1080       1.4248
    1081       1.4195
    1082       1.5116
    1083       1.4665
    1084       1.4137
    1085       1.4387
    1086       1.4279
    1087       1.4276
    1088       1.5086
    1089       1.4338
    1090       1.4054
    1091       1.3816
    1092       1.3313
    1093       1.3728
    1094       1.4313
    1095       1.4125
    1096       1.4964
    1097       1.4338
    1098       1.4994
    1099       1.4725
    1100       1.4725
    1101       1.3529
    1102       1.4242
    1103       1.4144
    1104       1.3549
    1105       1.4216
    1106       1.3135
    1107       1.3372
    1108       1.3544
    1109       1.4639
    1110       1.4664
    1111       1.4365
    1112       1.4386
    1113       1.3407
    1114       1.2807
    1115       1.3463
    1116       1.3464
    1117       1.2343
    1118       1.2501
    1119       1.3024
    1120       1.3097
    1121       1.3535
    1122       1.3722
    1123       1.3597
    1124       1.3348
    1125       1.3442
    1126       1.3903
    1127       1.4133
    1128       1.4035
    1129       1.2783
    1130       1.2457
    1131       1.2666
    1132       1.2167
    1133       1.2477
    1134       1.3509
    1135       1.3193
    1136       1.3168
    1137       1.3005
    1138       1.3117
    1139       1.3646
    1140       1.2755
    1141       1.3183
    1142       1.2761
    1143       1.3441
    1144       1.3695
    1145       1.3590
    1146       1.3483
    1147       1.3279
    1148       1.5316
    1149       1.4642
    1150       1.4212
    1151       1.4256
    1152       1.4886
    1153       1.4851
    1154       1.4647
    1155       1.5258
    1156       1.4956
    1157       1.4283
    1158       1.4431
    1159       1.4765
    1160       1.3381
    1161       1.3458
    1162       1.3398
    1163       1.3545
    1164       1.3524
    1165       1.3773
    1166       1.3375
    1167       1.3551
    1168       1.4684
    1169       1.4953
    1170       1.4564
    1171       1.4558
    1172       1.4793
    1173       1.4870
    1174       1.4088
    1175       1.4552
    1176       1.4363
    1177       1.4893
    1178       1.4154
    1179       1.3114
    1180       1.2435
    1181       1.2339
    1182       1.2961
    1183       1.2993
    1184       1.3734
    1185       1.4427
    1186       1.4135
    1187       1.4145
    1188       1.4710
    1189       1.4265
    1190       1.2473
    1191       1.3498
    1192       1.3726
    1193       1.3148
    1194       1.3651
    1195       1.2893
    1196       1.1980
    1197       1.2231
    1198       1.2211
    1199       1.2336
    1200       1.1955
    1201       1.1160
    1202       1.1226
    1203       1.1438
    1204       1.1449
    1205       1.0843
    1206       1.0853
    1207       1.1144
    1208       1.2058
    1209       1.1896
    1210       1.2604
    1211       1.4137
    1212       1.3367
    1213       1.4385
    1214       1.4749
    1215       1.5552
    1216       1.5333
    1217       1.4718
    1218       1.4874
    1219       1.4778
    1220       1.4346
    1221       1.4311
    1222       1.3795
    1223       1.4516
    1224       1.3457
    1225       1.3193
    1226       1.3250
    1227       1.3861
    1228       1.3196
    1229       1.3834
    1230       1.3177
    1231       1.3691
    1232       1.4359
    1233       1.3859
    1234       1.3148
    1235       1.3195
    1236       1.1932
    1237       1.3064
    1238       1.3403
    1239       1.2779
    1240       1.2914
    1241       1.3115
    1242       1.3695
    1243       1.3452
    1244       1.3189
    1245       1.2261
    1246       1.1723
    1247       1.0767
    1248       1.0457
    1249       1.1124
    1250       1.1117
    1251       1.1022
    1252       1.0993
    1253       1.1654
    1254       1.1595
    1255       1.1381
    1256       1.1983
    1257       1.1693
    1258       1.1348
    1259       1.1722
    1260       1.1778
    1261       1.1055
    1262       1.1899
    1263       1.1965
    1264       1.1425
    1265       1.2272
    1266       1.2301
    1267       1.1637
    1268       1.1323
    1269       1.2072
    1270       1.1892
    1271       1.2470
    1272       1.1712
    1273       1.2540
    1274       1.1521
    1275       1.2610
    1276       1.2394
    1277       1.1995
    1278       1.1909
    1279       1.1346
    1280       1.1740
    1281       1.1839
    1282       1.1382
    1283       1.1317
    1284       1.1917
    1285       1.2088
    1286       1.1523
    1287       1.2163
    1288       1.2382
    1289       1.1436
    1290       1.1398
    1291       1.1917
    1292       1.1876
    1293       1.2041
    1294       1.2105
    1295       1.1600
    1296       1.1306
    1297       1.2244
    1298       1.1589
    1299       1.1833
    1300       1.1119
    1301       1.2067
    1302       1.2496
    1303       1.2151
    1304       1.2447
    1305       1.2569
    1306       1.2743
    1307       1.2355
    1308       1.3038
    1309       1.2860
    1310       1.2028
    1311       1.2189
    1312       1.2264
    1313       1.3006
    1314       1.3593
    1315       1.2625
    1316       1.2171
    1317       1.2457
    1318       1.3359
    1319       1.3875
    1320       1.4667
    1321       1.4647
    1322       1.5059
    1323       1.4878
    1324       1.5514
    1325       1.5074
    1326       1.5318
    1327       1.5874
    1328       1.4679
    1329       1.4430
    1330       1.4475
    1331       1.3888
    1332       1.5131
    1333       1.5052
    1334       1.4114
    1335       1.4159
    1336       1.4116
    1337       1.4006
    1338       1.2915
    1339       1.2687
    1340       1.3120
    1341       1.2754
    1342       1.3880
    1343       1.3817
    1344       1.3706
    1345       1.1705
    1346       1.2183
    1347       1.2955
    1348       1.2441
    1349       1.2080
    1350       1.1777
    1351       1.1915
    1352       1.2280
    1353       1.3569
    1354       1.3202
    1355       1.3553
    1356       1.3741
    1357       1.2503
    1358       1.3236
    1359       1.3250
    1360       1.4994
    1361       1.4540
    1362       1.3327
    1363       1.3625
    1364       1.2581
    1365       1.2619
    1366       1.2948
    1367       1.2273
    1368       1.2603
    1369       1.2062
    1370       1.2858
    1371       1.2334
    1372       1.3441
    1373       1.3373
    1374       1.3155
    1375       1.3568
    1376       1.3630
    1377       1.3543
    1378       1.3167
    1379       1.2618
    1380       1.2015
    1381       1.2957
    1382       1.4123
    1383       1.4306
    1384       1.4706
    1385       1.3998
    1386       1.3438
    1387       1.2753
    1388       1.3014
    1389       1.3072
    1390       1.3442
    1391       1.4664
    1392       1.3639
    1393       1.4087
    1394       1.3618
    1395       1.2563
    1396       1.2794
    1397       1.4009
    1398       1.4950
    1399       1.4224
    1400       1.4303
    1401       1.4039
    1402       1.3130
    1403       1.3100
    1404       1.3352
    1405       1.3377
    1406       1.3899
    1407       1.3648
    1408       1.4755
    1409       1.4514
    1410       1.4994
    1411       1.4234
    1412       1.4518
    1413       1.4353
    1414       1.4190
    1415       1.4883
    1416       1.4827
    1417       1.4564
    1418       1.3353
    1419       1.3382
    1420       1.4194
    1421       1.3589
    1422       1.3522
    1423       1.3607
    1424       1.3894
    1425       1.3532
    1426       1.3802
    1427       1.3857
    1428       1.3570
    1429       1.3845
    1430       1.4332
    1431       1.4333
    1432       1.5008
    1433       1.4355
    1434       1.4822
    1435       1.5354
    1436       1.5000
    1437       1.4834
    1438       1.5210
    1439       1.5506
    1440       1.4993
    1441       1.4179
    1442       1.4726
    1443       1.3550
    1444       1.2729
    1445       1.3609
    1446       1.3577
    1447       1.3099
    1448       1.3697
    1449       1.2415
    1450       1.2383
    1451       1.3578
    1452       1.3469
    1453       1.3175
    1454       1.3918
    1455       1.3826
    1456       1.2763
    1457       1.2492
    1458       1.2929
    1459       1.3999
    1460       1.3942
    1461       1.4019
    1462       1.3290
    1463       1.3229
    1464       1.2918
    1465       1.2682
    1466       1.2484
    1467       1.1337
    1468       1.3053
    1469       1.3057
    1470       1.3096
    1471       1.3197
    1472       1.3586
    1473       1.2926
    1474       1.2253
    1475       1.3333
    1476       1.3552
    1477       1.2840
    1478       1.2345
    1479       1.3057
    1480       1.2856
    1481       1.3885
    1482       1.3530
    1483       1.2707
    1484       1.2437
    1485       1.2597
    1486       1.2452
    1487       1.2692
    1488       1.2870
    1489       1.3760
    1490       1.4032
    1491       1.3349
    1492       1.4316
    1493       1.4821
    1494       1.4569
    1495       1.4586
    1496       1.4090
    1497       1.3488
    1498       1.4137
    1499       1.3112
    1500       1.3018
    1501       1.3193
    1502       1.3554
    1503       1.3347
    1504       1.2899
    1505       1.3316
    1506       1.3154
    1507       1.2676
    1508       1.3249
    1509       1.4066
    1510       1.4501
    1511       1.4679
    1512       1.4952
    1513       1.5749
    1514       1.6436
    1515       1.5972
    1516       1.4834
    1517       1.4656
    1518       1.5701
    1519       1.6639
    1520       1.6191
    1521       1.5811
    1522       1.5761
    1523       1.4984
    1524       1.4633
    1525       1.4089
    1526       1.4088
    1527       1.4227
    1528       1.4371
    1529       1.3827
    1530       1.3379
    1531       1.4412
    1532       1.4518
    1533       1.3834
    1534       1.4018
    1535       1.2870
    1536       1.2305
    1537       1.2301
    1538       1.1945
    1539       1.3193
    1540       1.3787
    1541       1.3072
    1542       1.3860
    1543       1.4347
    1544       1.4036
    1545       1.3798
    1546       1.4390
    1547       1.4466
    1548       1.4514
    1549       1.4326
    1550       1.4090
    1551       1.3808
    1552       1.4307
    1553       1.4830
    1554       1.4850
    1555       1.4604
    1556       1.4786
    1557       1.3187
    1558       1.2875
    1559       1.2805
    1560       1.3617
    1561       1.3518
    1562       1.3883
    1563       1.3751
    1564       1.3748
    1565       1.3132
    1566       1.3251
    1567       1.2970
    1568       1.2886
    1569       1.3295
    1570       1.2766
    1571       1.2485
    1572       1.2903
    1573       1.2552
    1574       1.3100
    1575       1.2605
    1576       1.3331
    1577       1.3225
    1578       1.3583
    1579       1.3791
    1580       1.3245
    1581       1.2801
    1582       1.2804
    1583       1.1898
    1584       1.1367
    1585       1.0743
    1586       1.1789
    1587       1.1661
    1588       1.1767
    1589       1.1686
    1590       1.1972
    1591       1.3427
    1592       1.2702
    1593       1.3209
    1594       1.3402
    1595       1.2239
    1596       1.2337
    1597       1.3022
    1598       1.2797
    1599       1.2217
    1600       1.2122
    1601       1.1209
    1602       1.1733
    1603       1.2397
    1604       1.2876
    1605       1.2715
    1606       1.2164
    1607       1.3620
    1608       1.4070
    1609       1.3011
    1610       1.3147
    1611       1.3911
    1612       1.2718
    1613       1.3120
    1614       1.2838
    1615       1.2203
    1616       1.1966
    1617       1.2440
    1618       1.2381
    1619       1.3036
    1620       1.2652
    1621       1.3231
    1622       1.3250
    1623       1.3052
    1624       1.3013
    1625       1.3562
    1626       1.3579
    1627       1.3384
    1628       1.3149
    1629       1.3001
    1630       1.3586
    1631       1.3112
    1632       1.2717
    1633       1.3604
    1634       1.3923
    1635       1.3794
    1636       1.3230
    1637       1.3088
    1638       1.4008
    1639       1.3769
    1640       1.3249
    1641       1.3489
    1642       1.2723
    1643       1.1962
    1644       1.2207
    1645       1.2182
    1646       1.2947
    1647       1.1774
    1648       1.2706
    1649       1.2521
    1650       1.3233
    1651       1.3851
    1652       1.3458
    1653       1.4014
    1654       1.3094
    1655       1.2769
    1656       1.3139
    1657       1.2054
    1658       1.2567
    1659       1.2078
    1660       1.2382
    1661       1.0937
    1662       1.0964
    1663       1.1302
    1664       1.1684
    1665       1.1001
    1666       1.1767
    1667       1.1916
    1668       1.2162
    1669       1.2269
    1670       1.1696
    1671       1.2410
    1672       1.2648
    1673       1.3393
    1674       1.2902
    1675       1.2680
    1676       1.2463
    1677       1.1697
    1678       1.2206
    1679       1.2879
    1680       1.3441
    1681       1.2116
    1682       1.2384
    1683       1.2067
    1684       1.2347
    1685       1.2055
    1686       1.2691
    1687       1.2731
    1688       1.2178
    1689       1.2244
    1690       1.2883
    1691       1.2535
    1692       1.2415
    1693       1.2996
    1694       1.3160
    1695       1.3457
    1696       1.3177
    1697       1.2857
    1698       1.3010
    1699       1.3383
    1700       1.3786
    1701       1.2990
    1702       1.3543
    1703       1.2684
    1704       1.2548
    1705       1.2984
    1706       1.2862
    1707       1.2858
    1708       1.2969
    1709       1.2842
    1710       1.2951
    1711       1.3333
    1712       1.3726
    1713       1.3800
    1714       1.3767
    1715       1.4825
    1716       1.4239
    1717       1.3107
    1718       1.3024
    1719       1.2952
    1720       1.3095
    1721       1.2066
    1722       1.2578
    1723       1.1770
    1724       1.1513
    1725       1.1419
    1726       1.0665
    1727       1.1485
    1728       1.1077
    1729       1.1796
    1730       1.1473
    1731       1.1878
    1732       1.2247
    1733       1.2049
    1734       1.1743
    1735       1.2795
    1736       1.2999
    1737       1.2357
    1738       1.2451
    1739       1.3519
    1740       1.2787
    1741       1.2788
    1742       1.2265
    1743       1.2079
    1744       1.1832
    1745       1.3134
    1746       1.3182
    1747       1.3339
    1748       1.3028
    1749       1.2844
    1750       1.3437
    1751       1.3465
    1752       1.3789
    1753       1.2098
    1754       1.3018
    1755       1.2741
    1756       1.2885
    1757       1.2165
    1758       1.1986
    1759       1.2036
    1760       1.2451
    1761       1.2649
    1762       1.2429
    1763       1.2439
    1764       1.2241
    1765       1.2435
    1766       1.2591
    1767       1.2840
    1768       1.2182
    1769       1.2994
    1770       1.3074
    1771       1.3506
    1772       1.2897
    1773       1.3897
    1774       1.3319
    1775       1.3364
    1776       1.2916
    1777       1.3913
    1778       1.3324
    1779       1.4251
    1780       1.4026
    1781       1.3576
    1782       1.3436
    1783       1.3273
    1784       1.3279
    1785       1.3125
    1786       1.2741
    1787       1.2076
    1788       1.2778
    1789       1.3156
    1790       1.2705
    1791       1.2229
    1792       1.3502
    1793       1.4046
    1794       1.3019
    1795       1.2642
    1796       1.2695
    1797       1.2889
    1798       1.2630
    1799       1.2243
    1800       1.2418
    1801       1.2263
    1802       1.2081
    1803       1.3263
    1804       1.3575
    1805       1.3085
    1806       1.3539
    1807       1.4048
    1808       1.4190
    1809       1.3995
    1810       1.3192
    1811       1.2903
    1812       1.3264
    1813       1.2163
    1814       1.1904
    1815       1.2939
    1816       1.2987
    1817       1.3782
    1818       1.3734
    1819       1.3141
    1820       1.4038
    1821       1.4716
    1822       1.5204
    1823       1.4377
    1824       1.3686
    1825       1.3960
    1826       1.3867
    1827       1.3690
    1828       1.3375
    1829       1.3017
    1830       1.3442
    1831       1.2543
    1832       1.2154
    1833       1.2919
    1834       1.3233
    1835       1.3790
    1836       1.3938
    1837       1.3774
    1838       1.3977
    1839       1.3524
    1840       1.3268
    1841       1.3155
    1842       1.1946
    1843       1.1908
    1844       1.3202
    1845       1.2209
    1846       1.2445
    1847       1.2939
    1848       1.3790
    1849       1.3778
    1850       1.2848
    1851       1.3694
    1852       1.3734
    1853       1.4462
    1854       1.4889
    1855       1.4114
    1856       1.3525
    1857       1.4053
    1858       1.2832
    1859       1.3551
    1860       1.3271
    1861       1.3857
    1862       1.3984
    1863       1.4919
    1864       1.4066
    1865       1.2842
    1866       1.3054
    1867       1.3615
    1868       1.3220
    1869       1.4084
    1870       1.3984
    1871       1.3375
    1872       1.3485
    1873       1.3502
    1874       1.3505
    1875       1.4388
    1876       1.3798
    1877       1.2935
    1878       1.3798
    1879       1.3324
    1880       1.3462
    1881       1.3707
    1882       1.2981
    1883       1.3001
    1884       1.2892
    1885       1.2813
    1886       1.3169
    1887       1.2654
    1888       1.2767
    1889       1.2454
    1890       1.2986
    1891       1.4082
    1892       1.3597
    1893       1.3853
    1894       1.4382
    1895       1.4192
    1896       1.3660
    1897       1.3503
    1898       1.3822
    1899       1.4155
    1900       1.4370
    1901       1.3736
    1902       1.5121
    1903       1.5178
    1904       1.5210
    1905       1.3363
    1906       1.3724
    1907       1.3890
    1908       1.4406
    1909       1.3859
    1910       1.3626
    1911       1.3213
    1912       1.3640
    1913       1.4111
    1914       1.3782
    1915       1.2780
    1916       1.2705
    1917       1.3237
    1918       1.3246
    1919       1.2734
    1920       1.3151
    1921       1.3666
    1922       1.4278
    1923       1.3424
    1924       1.2953
    1925       1.3009
    1926       1.2109
    1927       1.2047
    1928       1.1713
    1929       1.2254
    1930       1.1895
    1931       1.2121
    1932       1.2189
    1933       1.2084
    1934       1.2161
    1935       1.3092
    1936       1.3468
    1937       1.3560
    1938       1.3414
    1939       1.2895
    1940       1.2642
    1941       1.3329
    1942       1.3277
    1943       1.3359
    1944       1.3661
    1945       1.2808
    1946       1.3901
    1947       1.3666
    1948       1.3756
    1949       1.3733
    1950       1.2981
    1951       1.3573
    1952       1.4670
    1953       1.4078
    1954       1.3264
    1955       1.3006
    1956       1.2956
    1957       1.3886
    1958       1.4534
    1959       1.4806
    1960       1.5377
    1961       1.4498
    1962       1.4862
    1963       1.4459
    1964       1.4573
    1965       1.4683
    1966       1.4580
    1967       1.4379
    1968       1.3633
    1969       1.4267
    1970       1.4181
    1971       1.4809
    1972       1.5751
    1973       1.6290
    1974       1.5983
    1975       1.5418
    1976       1.5329
    1977       1.5085
    1978       1.4515
    1979       1.3240
    1980       1.4764
    1981       1.4839
    1982       1.4007
    1983       1.3914
    1984       1.4374
    1985       1.3533
    1986       1.2674
    1987       1.3998
    1988       1.4350
    1989       1.3998
    1990       1.3199
    1991       1.3842
    1992       1.4534
    1993       1.4867
    1994       1.4907
    1995       1.5155
    1996       1.5271
    1997       1.5772
    1998       1.5251
    1999       1.6649
    2000       1.6089
    2001       1.4199
    2002       1.4633
    2003       1.4327
    2004       1.5037
    2005       1.4723
    2006       1.4469
    2007       1.4157
    2008       1.3971
    2009       1.4306
    2010       1.4527
    2011       1.4165
    2012       1.4289
    2013       1.4606
    2014       1.4087
    2015       1.4403
    2016       1.4921
    2017       1.4424
    2018       1.3857
    2019       1.3761
    2020       1.4733
    2021       1.5496
    2022       1.5088
    2023       1.4833
    2024       1.4417
    2025       1.4193
    2026       1.4672
    2027       1.4279
    2028       1.3527
    2029       1.4056
    2030       1.4446
    2031       1.4245
    2032       1.4044
    2033       1.4089
    2034       1.3500
    2035       1.3099
    2036       1.3575
    2037       1.2588
    2038       1.2153
    2039       1.1832
    2040       1.1199
    2041       1.1504
    2042       1.2272
    2043       1.2079
    2044       1.1763
    2045       1.1872
    2046       1.2180
    2047       1.2035
    2048       1.2083
    2049       1.2605
    2050       1.1898
    2051       1.2130
    2052       1.1868
    2053       1.2382
    2054       1.1956
    2055       1.1386
    2056       1.2360
    2057       1.3117
    2058       1.3250
    2059       1.3645
    2060       1.3673
    2061       1.3686
    2062       1.3830
    2063       1.3125
    2064       1.3181
    2065       1.2987
    2066       1.3652
    2067       1.2963
    2068       1.3645
    2069       1.4383
    2070       1.4050
    2071       1.3379
    2072       1.2755
    2073       1.2676
    2074       1.3265
    2075       1.2957
    2076       1.2929
    2077       1.2142
    2078       1.1954
    2079       1.2651
    2080       1.3377
    2081       1.2898
    2082       1.2884
    2083       1.2517
    2084       1.2536
    2085       1.2879
    2086       1.2983
    2087       1.2673
    2088       1.2624
    2089       1.2963
    2090       1.4123
    2091       1.2885
    2092       1.3221
    2093       1.3892
    2094       1.3004
    2095       1.2801
    2096       1.3670
    2097       1.4189
    2098       1.4053
    2099       1.3846
    2100       1.4048
    2101       1.3352
    2102       1.3990
    2103       1.4188
    2104       1.5019
    2105       1.5318
    2106       1.3955
    2107       1.4281
    2108       1.4512
    2109       1.4570
    2110       1.4383
    2111       1.4968
    2112       1.4546
    2113       1.4911
    2114       1.4304
    2115       1.3321
    2116       1.3294
    2117       1.3020
    2118       1.3663
    2119       1.2169
    2120       1.3031
    2121       1.2659
    2122       1.3334
    2123       1.2239
    2124       1.1894
    2125       1.2312
    2126       1.2458
    2127       1.2596
    2128       1.3208
    2129       1.2460
    2130       1.3647
    2131       1.3377
    2132       1.4317
    2133       1.3738
    2134       1.3671
    2135       1.3313
    2136       1.2892
    2137       1.3104
    2138       1.2843
    2139       1.2029
    2140       1.2010
    2141       1.2577
    2142       1.2697
    2143       1.2518
    2144       1.2567
    2145       1.2064
    2146       1.2403
    2147       1.2038
    2148       1.2294
    2149       1.2103
    2150       1.2126
    2151       1.2096
    2152       1.1572
    2153       1.2328
    2154       1.2010
    2155       1.2825
    2156       1.2057
    2157       1.2522
    2158       1.3409
    2159       1.2639
    2160       1.2639
    2161       1.1681
    2162       1.2632
    2163       1.3016
    2164       1.3683
    2165       1.3652
    2166       1.3225
    2167       1.2586
    2168       1.3041
    2169       1.3454
    2170       1.2698
    2171       1.1848
    2172       1.2747
    2173       1.1877
    2174       1.3058
    2175       1.2901
    2176       1.2935
    2177       1.2919
    2178       1.3057
    2179       1.3254
    2180       1.1782
    2181       1.1560
    2182       1.2253
    2183       1.2405
    2184       1.3841
    2185       1.3026
    2186       1.2553
    2187       1.2686
    2188       1.2047
    2189       1.2459
    2190       1.2256
    2191       1.2461
    2192       1.1743
    2193       1.2327
    2194       1.3065
    2195       1.4156
    2196       1.2500
    2197       1.2656
    2198       1.2560
    2199       1.2697
    2200       1.2001
    2201       1.3214
    2202       1.2777
    2203       1.2897
    2204       1.3319
    2205       1.3583
    2206       1.3510
    2207       1.4508
    2208       1.4146
    2209       1.3934
    2210       1.4832
    2211       1.4243
    2212       1.4130
    2213       1.5066
    2214       1.4829
    2215       1.5010
    2216       1.5173
    2217       1.4112
    2218       1.4574
    2219       1.4496
    2220       1.4529
    2221       1.4931
    2222       1.3284
    2223       1.3896
    2224       1.4231
    2225       1.3773
    2226       1.3338
    2227       1.3632
    2228       1.3653
    2229       1.3856
    2230       1.3505
    2231       1.3171
    2232       1.3019
    2233       1.2838
    2234       1.2456
    2235       1.2610
    2236       1.2956
    2237       1.2020
    2238       1.1601
    2239       1.2263
    2240       1.2233
    2241       1.2186
    2242       1.2406
    2243       1.2716
    2244       1.1999
    2245       1.3238
    2246       1.4023
    2247       1.4912
    2248       1.5391
    2249       1.4416
    2250       1.4136
    2251       1.4669
    2252       1.4003
    2253       1.3292
    2254       1.2940
    2255       1.3029
    2256       1.3124
    2257       1.3217
    2258       1.2236
    2259       1.3314
    2260       1.2425
    2261       1.3059
    2262       1.4378
    2263       1.4422
    2264       1.3390
    2265       1.3633
    2266       1.2645
    2267       1.2665
    2268       1.2243
    2269       1.2045
    2270       1.1859
    2271       1.2532
    2272       1.2352
    2273       1.3189
    2274       1.2766
    2275       1.2657
    2276       1.2665
    2277       1.2522
    2278       1.2975
    2279       1.2947
    2280       1.3294
    2281       1.3714
    2282       1.4414
    2283       1.4711
    2284       1.3447
    2285       1.3185
    2286       1.2457
    2287       1.2140
    2288       1.2525
    2289       1.2857
    2290       1.2829
    2291       1.3224
    2292       1.2707
    2293       1.3797
    2294       1.3502
    2295       1.2676
    2296       1.1822
    2297       1.2204
    2298       1.2373
    2299       1.2810
    2300       1.1683
    2301       1.1945
    2302       1.2564
    2303       1.3316
    2304       1.2763
    2305       1.2888
    2306       1.2725
    2307       1.2766
    2308       1.2830
    2309       1.2736
    2310       1.3768
    2311       1.3380
    2312       1.3179
    2313       1.3100
    2314       1.2344
    2315       1.3631
    2316       1.3196
    2317       1.2874
    2318       1.2320
    2319       1.2929
    2320       1.2758
    2321       1.3255
    2322       1.2170
    2323       1.2391
    2324       1.2622
    2325       1.3037
    2326       1.3340
    2327       1.3131
    2328       1.2552
    2329       1.2191
    2330       1.2574
    2331       1.2233
    2332       1.3030
    2333       1.3578
    2334       1.3014
    2335       1.3000
    2336       1.2324
    2337       1.3159
    2338       1.3085
    2339       1.3076
    2340       1.3390
    2341       1.3196
    2342       1.3939
    2343       1.4077
    2344       1.3303
    2345       1.4067
    2346       1.3450
    2347       1.2451
    2348       1.2838
    2349       1.2515
    2350       1.2543
    2351       1.4172
    2352       1.3397
    2353       1.2826
    2354       1.2232
    2355       1.3311
    2356       1.4244
    2357       1.3039
    2358       1.2487
    2359       1.1745
    2360       1.2177
    2361       1.1809
    2362       1.1816
    2363       1.1842
    2364       1.1628
    2365       1.1718
    2366       1.2084
    2367       1.1540
    2368       1.2712
    2369       1.2551
    2370       1.2674
    2371       1.2217
    2372       1.2745
    2373       1.2022
    2374       1.2249
    2375       1.2777
    2376       1.2105
    2377       1.2451
    2378       1.1807
    2379       1.2004
    2380       1.2407
    2381       1.1574
    2382       1.2263
    2383       1.2394
    2384       1.2912
    2385       1.2296
    2386       1.2112
    2387       1.2645
    2388       1.2931
    2389       1.2366
    2390       1.2174
    2391       1.2066
    2392       1.2041
    2393       1.2174
    2394       1.2477
    2395       1.1979
    2396       1.2403
    2397       1.2626
    2398       1.2187
    2399       1.2867
    2400       1.2320
    2401       1.2719
    2402       1.3803
    2403       1.2795
    2404       1.3512
    2405       1.3069
    2406       1.2517
    2407       1.3303
    2408       1.3729
    2409       1.3483
    2410       1.3245
    2411       1.3609
    2412       1.3305
    2413       1.3558
    2414       1.3464
    2415       1.3405
    2416       1.3517
    2417       1.4225
    2418       1.3631
    2419       1.3610
    2420       1.3402
    2421       1.2988
    2422       1.2799
    2423       1.3075
    2424       1.2799
    2425       1.3326
    2426       1.3794
    2427       1.3532
    2428       1.3113
    2429       1.3065
    2430       1.2756
    2431       1.2350
    2432       1.2607
    2433       1.2452
    2434       1.3204
    2435       1.2682
    2436       1.3436
    2437       1.3973
    2438       1.3941
    2439       1.3183
    2440       1.3149
    2441       1.3098
    2442       1.3088
    2443       1.3140
    2444       1.2779
    2445       1.2921
    2446       1.3263
    2447       1.2535
    2448       1.3025
    2449       1.3257
    2450       1.3477
    2451       1.2664
    2452       1.2968
    2453       1.2900
    2454       1.3139
    2455       1.3487
    2456       1.3134
    2457       1.3070
    2458       1.3110
    2459       1.4211
    2460       1.4444
    2461       1.3705
    2462       1.4291
    2463       1.3750
    2464       1.3920
    2465       1.3525
    2466       1.4315
    2467       1.4008
    2468       1.3585
    2469       1.3535
    2470       1.3924
    2471       1.3761
    2472       1.3625
    2473       1.4258
    2474       1.3931
    2475       1.4207
    2476       1.3612
    2477       1.3990
    2478       1.2900
    2479       1.3244
    2480       1.3514
    2481       1.4282
    2482       1.4190
    2483       1.4563
    2484       1.4927
    2485       1.5072
    2486       1.5772
    2487       1.5108
    2488       1.4581
    2489       1.4465
    2490       1.6188
    2491       1.4595
    2492       1.4125
    2493       1.4833
    2494       1.3907
    2495       1.3836
    2496       1.3596
    2497       1.3819
    2498       1.4398
    2499       1.4438
    2500       1.3257
    2501       1.3348
    2502       1.3179
    2503       1.2923
    2504       1.3525
    2505       1.4086
    2506       1.3646
    2507       1.4000
    2508       1.4352
    2509       1.4048
    2510       1.4068
    2511       1.3713
    2512       1.4133
    2513       1.3820
    2514       1.4041
    2515       1.4533
    2516       1.5474
    2517       1.5003
    2518       1.5512
    2519       1.5699
    2520       1.5404
    2521       1.4790
    2522       1.4773
    2523       1.4986
    2524       1.5774
    2525       1.5275
    2526       1.5262
    2527       1.4972
    2528       1.4856
    2529       1.4716
    2530       1.3869
    2531       1.4289
    2532       1.3958
    2533       1.3848
    2534       1.3828
    2535       1.3318
    2536       1.3703
    2537       1.3807
    2538       1.3519
    2539       1.4160
    2540       1.4827
    2541       1.5213
    2542       1.5086
    2543       1.4334
    2544       1.3954
    2545       1.3455
    2546       1.3937
    2547       1.3362
    2548       1.2552
    2549       1.2989
    2550       1.2765
    2551       1.3693
    2552       1.3509
    2553       1.3336
    2554       1.3577
    2555       1.3772
    2556       1.3864
    2557       1.3126
    2558       1.3326
    2559       1.3900
    2560       1.3464
    2561       1.3557
    2562       1.3746
    2563       1.2945
    2564       1.3017
    2565       1.2844
    2566       1.3901
    2567       1.3441
    2568       1.3883
    2569       1.3277
    2570       1.3290
    2571       1.3367
    2572       1.3776
    2573       1.4026
    2574       1.3995
    2575       1.3457
    2576       1.3113
    2577       1.2747
    2578       1.3150
    2579       1.2750
    2580       1.2844
    2581       1.2529
    2582       1.3211
    2583       1.2546
    2584       1.2557
    2585       1.2518
    2586       1.2984
    2587       1.3733
    2588       1.3189
    2589       1.4056
    2590       1.3766
    2591       1.3980
    2592       1.4408
    2593       1.4457
    2594       1.4058
    2595       1.4153
    2596       1.3665
    2597       1.3684
    2598       1.3430
    2599       1.3082
    2600       1.2475
    2601       1.3243
    2602       1.3017
    2603       1.2788
    2604       1.3474
    2605       1.3360
    2606       1.3002
    2607       1.3516
    2608       1.2465
    2609       1.2888
    2610       1.3187
    2611       1.2415
    2612       1.2547
    2613       1.3328
    2614       1.2459
    2615       1.2628
    2616       1.2584
    2617       1.3053
    2618       1.2721
    2619       1.2235
    2620       1.2136
    2621       1.2629
    2622       1.2928
    2623       1.3276
    2624       1.2903
    2625       1.3833
    2626       1.5462
    2627       1.4571
    2628       1.4039
    2629       1.3395
    2630       1.3808
    2631       1.3774
    2632       1.3437
    2633       1.3590
    2634       1.4296
    2635       1.3592
    2636       1.3738
    2637       1.3459
    2638       1.3010
    2639       1.2910
    2640       1.2362
    2641       1.1896
    2642       1.2131
    2643       1.2040
    2644       1.1567
    2645       1.1451
    2646       1.1298
    2647       1.1176
    2648       1.1434
    2649       1.2178
    2650       1.1472
    2651       1.1294
    2652       1.1599
    2653       1.2314
    2654       1.2262
    2655       1.1800
    2656       1.2404
    2657       1.1696
    2658       1.1847
    2659       1.2280
    2660       1.2260
    2661       1.2042
    2662       1.2825
    2663       1.3176
    2664       1.2223
    2665       1.3211
    2666       1.3487
    2667       1.4152
    2668       1.4428
    2669       1.4064
    2670       1.3558
    2671       1.3027
    2672       1.1779
    2673       1.2244
    2674       1.2166
    2675       1.2604
    2676       1.2017
    2677       1.2537
    2678       1.2543
    2679       1.3297
    2680       1.2723
    2681       1.2202
    2682       1.2257
    2683       1.1718
    2684       1.2013
    2685       1.2209
    2686       1.2463
    2687       1.2580
    2688       1.2708
    2689       1.3331
    2690       1.3400
    2691       1.3259
    2692       1.3647
    2693       1.3599
    2694       1.3242
    2695       1.2736
    2696       1.2169
    2697       1.3136
    2698       1.3498
    2699       1.3143
    2700       1.2707
    2701       1.3413
    2702       1.3089
    2703       1.3426
    2704       1.4504
    2705       1.4060
    2706       1.3723
    2707       1.4208
    2708       1.3960
    2709       1.3681
    2710       1.3751
    2711       1.3465
    2712       1.2633
    2713       1.2575
    2714       1.2906
    2715       1.3362
    2716       1.2500
    2717       1.3364
    2718       1.3210
    2719       1.3314
    2720       1.3602
    2721       1.4102
    2722       1.4236
    2723       1.4289
    2724       1.4294
    2725       1.3817
    2726       1.4157
    2727       1.4226
    2728       1.4283
    2729       1.3839
    2730       1.3311
    2731       1.3309
    2732       1.3484
    2733       1.4454
    2734       1.2758
    2735       1.3563
    2736       1.3401
    2737       1.3584
    2738       1.4196
    2739       1.3179
    2740       1.3570
    2741       1.5298
    2742       1.3976
    2743       1.4440
    2744       1.4585
    2745       1.3907
    2746       1.4057
    2747       1.3859
    2748       1.3584
    2749       1.3899
    2750       1.3733
    2751       1.4300
    2752       1.4195
    2753       1.3788
    2754       1.3536
    2755       1.4288
    2756       1.4518
    2757       1.4042
    2758       1.4405
    2759       1.4248
    2760       1.5020
    2761       1.4567
    2762       1.4394
    2763       1.4633
    2764       1.3774
    2765       1.3761
    2766       1.3645
    2767       1.3891
    2768       1.3965
    2769       1.3781
    2770       1.4291
    2771       1.3782
    2772       1.3768
    2773       1.3633
    2774       1.3784
    2775       1.3559
    2776       1.3431
    2777       1.3767
    2778       1.2908
    2779       1.3993
    2780       1.3644
    2781       1.3250
    2782       1.4566
    2783       1.3649
    2784       1.3648
    2785       1.3946
    2786       1.4883
    2787       1.4971
    2788       1.4891
    2789       1.5081
    2790       1.4748
    2791       1.4046
    2792       1.3472
    2793       1.3463
    2794       1.3584
    2795       1.4125
    2796       1.3766
    2797       1.3939
    2798       1.3635
    2799       1.3672
    2800       1.4406
    2801       1.3373
    2802       1.4111
    2803       1.3780
    2804       1.3640
    2805       1.3789
    2806       1.3363
    2807       1.4495
    2808       1.4708
    2809       1.4056
    2810       1.4138
    2811       1.3957
    2812       1.3707
    2813       1.4106
    2814       1.5167
    2815       1.4024
    2816       1.3591
    2817       1.3029
    2818       1.2567
    2819       1.3856
    2820       1.3183
    2821       1.3068
    2822       1.3787
    2823       1.3806
    2824       1.3873
    2825       1.3110
    2826       1.2789
    2827       1.3176
    2828       1.3722
    2829       1.3608
    2830       1.3880
    2831       1.4164
    2832       1.3827
    2833       1.4037
    2834       1.4451
    2835       1.4199
    2836       1.4529
    2837       1.5168
    2838       1.4742
    2839       1.4570
    2840       1.4186
    2841       1.4095
    2842       1.5216
    2843       1.5598
    2844       1.5511
    2845       1.5931
    2846       1.4819
    2847       1.4619
    2848       1.4055
    2849       1.4726
    2850       1.4710
    2851       1.4704
    2852       1.3676
    2853       1.5066
    2854       1.4464
    2855       1.4635
    2856       1.5580
    2857       1.5285
    2858       1.4905
    2859       1.4938
    2860       1.4991
    2861       1.4434
    2862       1.4876
    2863       1.4740
    2864       1.4906
    2865       1.4573
    2866       1.5462
    2867       1.5329
    2868       1.4907
    2869       1.5648
    2870       1.5764
    2871       1.4830
    2872       1.5372
    2873       1.5455
    2874       1.5575
    2875       1.5531
    2876       1.4613
    2877       1.4744
    2878       1.4241
    2879       1.4837
    2880       1.4853
    2881       1.4053
    2882       1.5285
    2883       1.4414
    2884       1.3584
    2885       1.3703
    2886       1.4456
    2887       1.4300
    2888       1.4763
    2889       1.4329
    2890       1.4940
    2891       1.4785
    2892       1.5227
    2893       1.5670
    2894       1.4727
    2895       1.4217
    2896       1.4065
    2897       1.3987
    2898       1.4386
    2899       1.5389
    2900       1.4504
    2901       1.4769
    2902       1.4994
    2903       1.4732
    2904       1.5417
    2905       1.5482
    2906       1.4029
    2907       1.4342
    2908       1.4597
    2909       1.5222
    2910       1.4188
    2911       1.3916
    2912       1.4831
    2913       1.5526
    2914       1.4860
    2915       1.4334
    2916       1.3994
    2917       1.4515
    2918       1.5006
    2919       1.5194
    2920       1.4794
    2921       1.4924
    2922       1.5859
    2923       1.5838
    2924       1.6210
    2925       1.5899
    2926       1.4685
    2927       1.4502
    2928       1.4159
    2929       1.3833
    2930       1.4406
    2931       1.4002
    2932       1.3691
    2933       1.3594
    2934       1.4387
    2935       1.4835
    2936       1.3443
    2937       1.4123
    2938       1.3639
    2939       1.4992
    2940       1.4556
    2941       1.5119
    2942       1.4478
    2943       1.4290
    2944       1.3554
    2945       1.3932
    2946       1.4109
    2947       1.3554
    2948       1.2906
    2949       1.3839
    2950       1.2724
    2951       1.2554
    2952       1.2703
    2953       1.2592
    2954       1.2500
    2955       1.2730
    2956       1.2057
    2957       1.2790
    2958       1.3662
    2959       1.3327
    2960       1.3203
    2961       1.2938
    2962       1.3707
    2963       1.4274
    2964       1.4407
    2965       1.4524
    2966       1.4916
    2967       1.3989
    2968       1.4068
    2969       1.4052
    2970       1.4282
    2971       1.4002
    2972       1.4001
    2973       1.3999
    2974       1.3736
    2975       1.3886
    2976       1.3153
    2977       1.3709
    2978       1.4306
    2979       1.4194
    2980       1.4703
    2981       1.4666
    2982       1.3964
    2983       1.5733
    2984       1.4800
    2985       1.3894
    2986       1.3407
    2987       1.4017
    2988       1.4250
    2989       1.4170
    2990       1.4719
    2991       1.4391
    2992       1.4347
    2993       1.4837
    2994       1.5296
    2995       1.4922
    2996       1.5396
    2997       1.5724
    2998       1.4906
    2999       1.5518
    3000       1.4788
    3001       1.5416
    3002       1.5322
    3003       1.5229
    3004       1.4778
    3005       1.5734
    3006       1.5514
    3007       1.5185
    3008       1.4872
    3009       1.4791
    3010       1.5057
    3011       1.5820
    3012       1.5193
    3013       1.4150
    3014       1.4288
    3015       1.4056
    3016       1.4042
    3017       1.4360
    3018       1.3583
    3019       1.4208
    3020       1.3781
    3021       1.3260
    3022       1.3718
    3023       1.4316
    3024       1.4093
    3025       1.3562
    3026       1.3981
    3027       1.4675
    3028       1.4920
    3029       1.4430
    3030       1.3881
    3031       1.4250
    3032       1.5053
    3033       1.5332
    3034       1.4463
    3035       1.5000
    3036       1.4467
    3037       1.3736
    3038       1.3809
    3039       1.4717
    3040       1.4639
    3041       1.4119
    3042       1.5155
    3043       1.5532
    3044       1.5969
    3045       1.5073
    3046       1.5400
    3047       1.4311
    3048       1.5066
    3049       1.4962
    3050       1.4522
    3051       1.5085
    3052       1.5222
    3053       1.6016
    3054       1.4575
    3055       1.5407
    3056       1.5987
    3057       1.4527
    3058       1.5184
    3059       1.4256
    3060       1.4583
    3061       1.4000
    3062       1.4753
    3063       1.5465
    3064       1.5503
    3065       1.6896
    3066       1.6471
    3067       1.6440
    3068       1.7208
    3069       1.6336
    3070       1.6903
    3071       1.5582
    3072       1.4683
    3073       1.5910
    3074       1.5645
    3075       1.5305
    3076       1.5557
    3077       1.5851
    3078       1.5273
    3079       1.6245
    3080       1.6670
    3081       1.6650
    3082       1.5286
    3083       1.6640
    3084       1.6311
    3085       1.6318
    3086       1.6775
    3087       1.5526
    3088       1.5642
    3089       1.5471
    3090       1.5507
    3091       1.5536
    3092       1.5714
    3093       1.5782
    3094       1.5874
    3095       1.5198
    3096       1.4887
    3097       1.4180
    3098       1.4282
    3099       1.4170
    3100       1.3515
    3101       1.3725
    3102       1.3296
    3103       1.3780
    3104       1.2885
    3105       1.2984
    3106       1.1998
    3107       1.4064
    3108       1.4055
    3109       1.4575
    3110       1.4403
    3111       1.4060
    3112       1.4936
    3113       1.5317
    3114       1.4937
    3115       1.5358
    3116       1.4203
    3117       1.3486
    3118       1.4835
    3119       1.6216
    3120       1.6058
    3121       1.5422
    3122       1.6333
    3123       1.6074
    3124       1.6980
    3125       1.6513
