#Frame     RMSD_00001
       1       0.0000
       2       0.6016
       3       0.6386
       4       0.6323
       5       0.6993
       6       0.7251
       7       0.7070
       8       0.7492
       9       0.7948
      10       0.8042
      11       0.7964
      12       0.9032
      13       0.8570
      14       0.8241
      15       0.8579
      16       0.8297
      17       0.8823
      18       0.8728
      19       0.8617
      20       0.9075
      21       0.9047
      22       0.9266
      23       0.9409
      24       0.9063
      25       0.9321
      26       0.8870
      27       0.9022
      28       0.9106
      29       0.9373
      30       0.9353
      31       0.9624
      32       0.9384
      33       0.9072
      34       1.0368
      35       1.1299
      36       0.9621
      37       0.9339
      38       0.9570
      39       0.9811
      40       0.9090
      41       0.8610
      42       0.9535
      43       0.9259
      44       0.9206
      45       0.9595
      46       0.9773
      47       0.9582
      48       0.9485
      49       0.9263
      50       0.9658
      51       0.9953
      52       0.9440
      53       0.9978
      54       0.9656
      55       0.9629
      56       0.9651
      57       0.8741
      58       0.9463
      59       0.9269
      60       0.9335
      61       0.9299
      62       0.8886
      63       0.8789
      64       0.8237
      65       0.8039
      66       0.8642
      67       0.8852
      68       0.8665
      69       0.8592
      70       0.8644
      71       0.8852
      72       0.8737
      73       0.8759
      74       0.9087
      75       0.9564
      76       0.9900
      77       1.0939
      78       1.0157
      79       0.9661
      80       0.9333
      81       0.9182
      82       0.9256
      83       0.8524
      84       0.8940
      85       0.8576
      86       0.8621
      87       0.8917
      88       0.8982
      89       0.9543
      90       0.9964
      91       1.0350
      92       0.9261
      93       0.9947
      94       1.0257
      95       1.0877
      96       1.0887
      97       1.0028
      98       0.9789
      99       0.9175
     100       0.9179
     101       0.9776
     102       0.9998
     103       1.0395
     104       0.9870
     105       1.0098
     106       1.0190
     107       1.1529
     108       1.1424
     109       1.1548
     110       1.1649
     111       1.2050
     112       1.0876
     113       1.0643
     114       1.1201
     115       1.0838
     116       1.0906
     117       1.1500
     118       1.1576
     119       1.1462
     120       1.1485
     121       1.0718
     122       1.0901
     123       1.1622
     124       1.1088
     125       1.0797
     126       1.1001
     127       0.9802
     128       1.0340
     129       1.0174
     130       1.0837
     131       1.0957
     132       1.1493
     133       1.1500
     134       1.0896
     135       1.1045
     136       1.1343
     137       1.1059
     138       1.1439
     139       1.1394
     140       1.1129
     141       1.1075
     142       1.0134
     143       0.9844
     144       0.9554
     145       0.9221
     146       0.9462
     147       0.9769
     148       0.9488
     149       0.9544
     150       0.9492
     151       0.9065
     152       0.9716
     153       0.9653
     154       0.9962
     155       0.9950
     156       1.0167
     157       0.9383
     158       1.0713
     159       1.0386
     160       1.0231
     161       1.0353
     162       0.9523
     163       0.9977
     164       0.9619
     165       0.9789
     166       0.9386
     167       1.0322
     168       0.9936
     169       0.9558
     170       1.0704
     171       0.9896
     172       0.9781
     173       0.9989
     174       0.9673
     175       1.0240
     176       1.0162
     177       0.9985
     178       1.0542
     179       0.9465
     180       1.0187
     181       0.9889
     182       1.1079
     183       1.0736
     184       1.0930
     185       1.0462
     186       1.1257
     187       1.2080
     188       1.0458
     189       1.0063
     190       1.0037
     191       1.0118
     192       1.0321
     193       1.0376
     194       1.0607
     195       1.0565
     196       1.0662
     197       1.0179
     198       1.0726
     199       1.0996
     200       1.0409
     201       1.0520
     202       1.0569
     203       0.9552
     204       1.0779
     205       1.0312
     206       1.0005
     207       0.9653
     208       0.9113
     209       0.9495
     210       0.9770
     211       0.9559
     212       1.0265
     213       0.9529
     214       0.9611
     215       1.0255
     216       1.0324
     217       1.0692
     218       1.1175
     219       1.1617
     220       1.1218
     221       1.1288
     222       1.0874
     223       1.0636
     224       1.1735
     225       1.1452
     226       1.1979
     227       1.1336
     228       1.0615
     229       1.0400
     230       1.0859
     231       1.0096
     232       1.1336
     233       1.0811
     234       1.1937
     235       1.1635
     236       1.2317
     237       1.1872
     238       1.1866
     239       1.0465
     240       1.1380
     241       1.1336
     242       1.0734
     243       1.0963
     244       1.1314
     245       1.0613
     246       1.1030
     247       1.1188
     248       1.1045
     249       1.0982
     250       1.0301
     251       1.1078
     252       1.0976
     253       1.1283
     254       1.0661
     255       1.1678
     256       1.1433
     257       1.1486
     258       1.2031
     259       1.2137
     260       1.1500
     261       1.1366
     262       1.1347
     263       1.2009
     264       1.0421
     265       1.1178
     266       1.1307
     267       1.0927
     268       1.0595
     269       1.0709
     270       1.1459
     271       1.1353
     272       1.1462
     273       1.2076
     274       1.1547
     275       1.1288
     276       1.0797
     277       1.1331
     278       1.2468
     279       1.1605
     280       1.1514
     281       1.2476
     282       1.1434
     283       1.1437
     284       1.1797
     285       1.0919
     286       1.1418
     287       1.1233
     288       1.2118
     289       1.2391
     290       1.1350
     291       1.0838
     292       1.1381
     293       1.1247
     294       1.0778
     295       1.0903
     296       1.0708
     297       1.0548
     298       1.1188
     299       1.0798
     300       1.0952
     301       1.1445
     302       1.1598
     303       1.3131
     304       1.1640
     305       1.1644
     306       1.1293
     307       1.0150
     308       1.0600
     309       1.0823
     310       1.1764
     311       1.1522
     312       1.1728
     313       1.1595
     314       1.1794
     315       1.1741
     316       1.1327
     317       1.1111
     318       1.0789
     319       1.0523
     320       1.0350
     321       1.0923
     322       1.1974
     323       1.1512
     324       1.1386
     325       1.1469
     326       1.0839
     327       1.1175
     328       1.0794
     329       1.1035
     330       1.1214
     331       1.1205
     332       1.1429
     333       1.1196
     334       1.0924
     335       1.1797
     336       1.1787
     337       1.1214
     338       1.1869
     339       1.2071
     340       1.1266
     341       1.1898
     342       1.2761
     343       1.2827
     344       1.2739
     345       1.2905
     346       1.3215
     347       1.3955
     348       1.2862
     349       1.1937
     350       1.1826
     351       1.1753
     352       1.1695
     353       1.2003
     354       1.1604
     355       1.1952
     356       1.2602
     357       1.1674
     358       1.1761
     359       1.1258
     360       1.2188
     361       1.2261
     362       1.2552
     363       1.2006
     364       1.1109
     365       1.2067
     366       1.3120
     367       1.2531
     368       1.1782
     369       1.1791
     370       1.2334
     371       1.1654
     372       1.1929
     373       1.1734
     374       1.1803
     375       1.1326
     376       1.2061
     377       1.1584
     378       1.1755
     379       1.2291
     380       1.2810
     381       1.2067
     382       1.2511
     383       1.2085
     384       1.1792
     385       1.1408
     386       1.2359
     387       1.1009
     388       1.1478
     389       1.0734
     390       1.1278
     391       1.0578
     392       1.0838
     393       1.1526
     394       1.1820
     395       1.1581
     396       1.2104
     397       1.1160
     398       1.2615
     399       1.2123
     400       1.2186
     401       1.1794
     402       1.2041
     403       1.2285
     404       1.3243
     405       1.3389
     406       1.2781
     407       1.2799
     408       1.2953
     409       1.2742
     410       1.2099
     411       1.2306
     412       1.2950
     413       1.1849
     414       1.1100
     415       1.1993
     416       1.1831
     417       1.1989
     418       1.2126
     419       1.2693
     420       1.1729
     421       1.1798
     422       1.1742
     423       1.2231
     424       1.1604
     425       1.2438
     426       1.1271
     427       1.1969
     428       1.2219
     429       1.2656
     430       1.2453
     431       1.2101
     432       1.2214
     433       1.2180
     434       1.2451
     435       1.2227
     436       1.1527
     437       1.1853
     438       1.2689
     439       1.3122
     440       1.2803
     441       1.2974
     442       1.3250
     443       1.2786
     444       1.2635
     445       1.3340
     446       1.3286
     447       1.3811
     448       1.3498
     449       1.3775
     450       1.3823
     451       1.3638
     452       1.3285
     453       1.3126
     454       1.3115
     455       1.2183
     456       1.2687
     457       1.2783
     458       1.2120
     459       1.1874
     460       1.1155
     461       1.1781
     462       1.1641
     463       1.1919
     464       1.2921
     465       1.2962
     466       1.2337
     467       1.2646
     468       1.2259
     469       1.2255
     470       1.3207
     471       1.3194
     472       1.3170
     473       1.3694
     474       1.2770
     475       1.2202
     476       1.2799
     477       1.2026
     478       1.1306
     479       1.1234
     480       1.1515
     481       1.1640
     482       1.2101
     483       1.1481
     484       1.1355
     485       1.1399
     486       1.1090
     487       1.1144
     488       1.0763
     489       1.1850
     490       1.1564
     491       1.1259
     492       1.1275
     493       1.2346
     494       1.1668
     495       1.1740
     496       1.2228
     497       1.1782
     498       1.1887
     499       1.2083
     500       1.1280
     501       1.0975
     502       1.1322
     503       1.1860
     504       1.1448
     505       1.1823
     506       1.1738
     507       1.1582
     508       1.1077
     509       1.1466
     510       1.1476
     511       1.1412
     512       1.1078
     513       1.1193
     514       1.1414
     515       1.1340
     516       1.1261
     517       1.0551
     518       1.1307
     519       1.2082
     520       1.1693
     521       1.1446
     522       1.1717
     523       1.1927
     524       1.2823
     525       1.2475
     526       1.3313
     527       1.3367
     528       1.3450
     529       1.2416
     530       1.1907
     531       1.2556
     532       1.2864
     533       1.3277
     534       1.3844
     535       1.3655
     536       1.2333
     537       1.2138
     538       1.1770
     539       1.2390
     540       1.2131
     541       1.2124
     542       1.1469
     543       1.1742
     544       1.2356
     545       1.2944
     546       1.1938
     547       1.1639
     548       1.2950
     549       1.2204
     550       1.1631
     551       1.1773
     552       1.2440
     553       1.1810
     554       1.1645
     555       1.2191
     556       1.3370
     557       1.2767
     558       1.2685
     559       1.3034
     560       1.2734
     561       1.2501
     562       1.2103
     563       1.1849
     564       1.2387
     565       1.1681
     566       1.2002
     567       1.1357
     568       1.2421
     569       1.2180
     570       1.2319
     571       1.2177
     572       1.1157
     573       1.1252
     574       1.0697
     575       1.0486
     576       1.0566
     577       0.9687
     578       1.0210
     579       1.1119
     580       1.1356
     581       1.1186
     582       1.1072
     583       1.1676
     584       1.2144
     585       1.1290
     586       1.1178
     587       1.0468
     588       1.0150
     589       1.1788
     590       1.1374
     591       1.0834
     592       1.1186
     593       1.0692
     594       1.0412
     595       1.0375
     596       1.0980
     597       1.1555
     598       1.1721
     599       1.1372
     600       1.1418
     601       1.0312
     602       1.0220
     603       0.9908
     604       1.0130
     605       0.9809
     606       1.0173
     607       1.0353
     608       1.0151
     609       0.9900
     610       0.9877
     611       1.0101
     612       0.9881
     613       1.0758
     614       0.9834
     615       1.0768
     616       1.0233
     617       0.9849
     618       0.9620
     619       0.9813
     620       1.0050
     621       0.9894
     622       1.0176
     623       1.0368
     624       1.0792
     625       1.1054
     626       1.0431
     627       1.0388
     628       1.0345
     629       1.0399
     630       0.9846
     631       1.0491
     632       1.1234
     633       1.0614
     634       1.0293
     635       1.1571
     636       1.1083
     637       1.0520
     638       1.0482
     639       1.0198
     640       1.0645
     641       1.0877
     642       1.1254
     643       1.1500
     644       1.1548
     645       1.1511
     646       1.1234
     647       1.1838
     648       1.1560
     649       1.0517
     650       1.1143
     651       1.0345
     652       1.0672
     653       1.0267
     654       1.0197
     655       1.1162
     656       1.1474
     657       1.1122
     658       1.0100
     659       1.1392
     660       1.1135
     661       1.0472
     662       1.0775
     663       1.1120
     664       1.1686
     665       1.1298
     666       1.1093
     667       1.1121
     668       1.1003
     669       1.2040
     670       1.1467
     671       1.2499
     672       1.1274
     673       1.1823
     674       1.1105
     675       1.1030
     676       1.1181
     677       1.0903
     678       1.1330
     679       1.0794
     680       1.1382
     681       1.1027
     682       1.1148
     683       1.2187
     684       1.1926
     685       1.1729
     686       1.1974
     687       1.1477
     688       1.1492
     689       1.1322
     690       1.1543
     691       1.0705
     692       1.0817
     693       1.0719
     694       1.1260
     695       1.1123
     696       1.1739
     697       1.1924
     698       1.2235
     699       1.2105
     700       1.3030
     701       1.3326
     702       1.2574
     703       1.2879
     704       1.3794
     705       1.4128
     706       1.3536
     707       1.4028
     708       1.2877
     709       1.2956
     710       1.3150
     711       1.2320
     712       1.2558
     713       1.2404
     714       1.1320
     715       1.1416
     716       1.1884
     717       1.2566
     718       1.2792
     719       1.3083
     720       1.2365
     721       1.2542
     722       1.2656
     723       1.3015
     724       1.2965
     725       1.2590
     726       1.1658
     727       1.1712
     728       1.2549
     729       1.2641
     730       1.1992
     731       1.2562
     732       1.3049
     733       1.3244
     734       1.2935
     735       1.2909
     736       1.3234
     737       1.3110
     738       1.3658
     739       1.3050
     740       1.4303
     741       1.3426
     742       1.2661
     743       1.2950
     744       1.3463
     745       1.4463
     746       1.4455
     747       1.3399
     748       1.4420
     749       1.3873
     750       1.3713
     751       1.4412
     752       1.4412
     753       1.4129
     754       1.3984
     755       1.3167
     756       1.2755
     757       1.4301
     758       1.3807
     759       1.5768
     760       1.5168
     761       1.4282
     762       1.4685
     763       1.3952
     764       1.3676
     765       1.2342
     766       1.2873
     767       1.4631
     768       1.3465
     769       1.3041
     770       1.3760
     771       1.4280
     772       1.4685
     773       1.3661
     774       1.3925
     775       1.3984
     776       1.5093
     777       1.4743
     778       1.4996
     779       1.5961
     780       1.6285
     781       1.6121
     782       1.5331
     783       1.5478
     784       1.5387
     785       1.5400
     786       1.5664
     787       1.4403
     788       1.4716
     789       1.3962
     790       1.3635
     791       1.2890
     792       1.2935
     793       1.3405
     794       1.3190
     795       1.3250
     796       1.3025
     797       1.2974
     798       1.2527
     799       1.1597
     800       1.1119
     801       1.1037
     802       1.1296
     803       1.1069
     804       1.1204
     805       1.2508
     806       1.2210
     807       1.2581
     808       1.2182
     809       1.1721
     810       1.1771
     811       1.2173
     812       1.1941
     813       1.1470
     814       1.1481
     815       1.1928
     816       1.1780
     817       1.1816
     818       1.2885
     819       1.3359
     820       1.2712
     821       1.3045
     822       1.2748
     823       1.2311
     824       1.1568
     825       1.1832
     826       1.1868
     827       1.2131
     828       1.2619
     829       1.2463
     830       1.2921
     831       1.3665
     832       1.3300
     833       1.3964
     834       1.2826
     835       1.4241
     836       1.4083
     837       1.4408
     838       1.5160
     839       1.5649
     840       1.5384
     841       1.5505
     842       1.4812
     843       1.5201
     844       1.4390
     845       1.4140
     846       1.3256
     847       1.3217
     848       1.2682
     849       1.2339
     850       1.2525
     851       1.4089
     852       1.2910
     853       1.2594
     854       1.3043
     855       1.2731
     856       1.2280
     857       1.1658
     858       1.1493
     859       1.1978
     860       1.2777
     861       1.2356
     862       1.2910
     863       1.3631
     864       1.3631
     865       1.3560
     866       1.3025
     867       1.2810
     868       1.2987
     869       1.2495
     870       1.2776
     871       1.3417
     872       1.3778
     873       1.3794
     874       1.3411
     875       1.2855
     876       1.2857
     877       1.3702
     878       1.2755
     879       1.2899
     880       1.2753
     881       1.2535
     882       1.3338
     883       1.3129
     884       1.3427
     885       1.4281
     886       1.4047
     887       1.3405
     888       1.3499
     889       1.2738
     890       1.2463
     891       1.2195
     892       1.3016
     893       1.3215
     894       1.2055
     895       1.2992
     896       1.2330
     897       1.2749
     898       1.3230
     899       1.3437
     900       1.2737
     901       1.3065
     902       1.2618
     903       1.2141
     904       1.3277
     905       1.3118
     906       1.2952
     907       1.1965
     908       1.2255
     909       1.1818
     910       1.2707
     911       1.2946
     912       1.3120
     913       1.3034
     914       1.2424
     915       1.2663
     916       1.2285
     917       1.2671
     918       1.2910
     919       1.2431
     920       1.2995
     921       1.3222
     922       1.2779
     923       1.1706
     924       1.1982
     925       1.3129
     926       1.3463
     927       1.3647
     928       1.3670
     929       1.4719
     930       1.3745
     931       1.3028
     932       1.3958
     933       1.5229
     934       1.4742
     935       1.5418
     936       1.6611
     937       1.6019
     938       1.5457
     939       1.4695
     940       1.4075
     941       1.4231
     942       1.4525
     943       1.4632
     944       1.4190
     945       1.4357
     946       1.4258
     947       1.4441
     948       1.5545
     949       1.4829
     950       1.4825
     951       1.4470
     952       1.4342
     953       1.4309
     954       1.4334
     955       1.3645
     956       1.4931
     957       1.4660
     958       1.3993
     959       1.3600
     960       1.4297
     961       1.4768
     962       1.4213
     963       1.3606
     964       1.3197
     965       1.2997
     966       1.3744
     967       1.4081
     968       1.2677
     969       1.2761
     970       1.4137
     971       1.3728
     972       1.3660
     973       1.4904
     974       1.3993
     975       1.4190
     976       1.4072
     977       1.4395
     978       1.3724
     979       1.3236
     980       1.3895
     981       1.4660
     982       1.4140
     983       1.4322
     984       1.3255
     985       1.3396
     986       1.3308
     987       1.4235
     988       1.3560
     989       1.3221
     990       1.4302
     991       1.4003
     992       1.4600
     993       1.3707
     994       1.4543
     995       1.4901
     996       1.4792
     997       1.4292
     998       1.4326
     999       1.4823
    1000       1.4128
    1001       1.3424
    1002       1.2533
    1003       1.1761
    1004       1.2573
    1005       1.3065
    1006       1.3170
    1007       1.4530
    1008       1.4310
    1009       1.4611
    1010       1.4233
    1011       1.4001
    1012       1.3642
    1013       1.3559
    1014       1.3688
    1015       1.3522
    1016       1.3476
    1017       1.2617
    1018       1.2751
    1019       1.3738
    1020       1.3738
    1021       1.4566
    1022       1.3786
    1023       1.4021
    1024       1.3962
    1025       1.3031
    1026       1.2757
    1027       1.3259
    1028       1.4358
    1029       1.3726
    1030       1.3192
    1031       1.1791
    1032       1.1561
    1033       1.1148
    1034       1.1270
    1035       1.1760
    1036       1.1387
    1037       1.1776
    1038       1.2654
    1039       1.1938
    1040       1.1706
    1041       1.3155
    1042       1.2423
    1043       1.3204
    1044       1.2296
    1045       1.2674
    1046       1.2304
    1047       1.2350
    1048       1.2792
    1049       1.2824
    1050       1.3079
    1051       1.2930
    1052       1.2202
    1053       1.0845
    1054       1.1260
    1055       1.1243
    1056       1.0867
    1057       1.1771
    1058       1.1128
    1059       1.1828
    1060       1.1648
    1061       1.1531
    1062       1.1085
    1063       1.0869
    1064       1.1197
    1065       1.1499
    1066       1.1193
    1067       1.1499
    1068       1.0440
    1069       1.0788
    1070       1.1003
    1071       1.0849
    1072       1.1160
    1073       1.1849
    1074       1.1740
    1075       1.1226
    1076       1.1275
    1077       1.0985
    1078       1.0931
    1079       1.0782
    1080       1.0262
    1081       0.9857
    1082       1.0075
    1083       1.0567
    1084       1.1065
    1085       1.1376
    1086       1.1299
    1087       1.1142
    1088       1.0596
    1089       1.1346
    1090       1.1051
    1091       1.2328
    1092       1.1194
    1093       1.1646
    1094       1.1959
    1095       1.0819
    1096       1.0855
    1097       1.0068
    1098       1.1326
    1099       1.1320
    1100       1.1503
    1101       1.1455
    1102       1.1281
    1103       1.1054
    1104       1.1098
    1105       1.0904
    1106       1.1092
    1107       1.1151
    1108       1.1240
    1109       1.0640
    1110       1.0552
    1111       1.0358
    1112       0.9958
    1113       0.9995
    1114       1.0272
    1115       1.0374
    1116       1.0202
    1117       1.0177
    1118       1.0378
    1119       0.9914
    1120       1.0324
    1121       0.9654
    1122       1.0268
    1123       1.0769
    1124       1.0660
    1125       1.1502
    1126       1.1081
    1127       1.1343
    1128       1.0801
    1129       1.0528
    1130       0.9963
    1131       1.0855
    1132       1.0953
    1133       1.1246
    1134       1.1481
    1135       1.1104
    1136       1.1178
    1137       1.1846
    1138       1.1512
    1139       1.2123
    1140       1.1645
    1141       1.2263
    1142       1.2427
    1143       1.1324
    1144       1.0852
    1145       1.1069
    1146       1.1649
    1147       1.2112
    1148       1.2484
    1149       1.1547
    1150       1.2009
    1151       1.1182
    1152       1.0385
    1153       1.1208
    1154       1.0067
    1155       1.0587
    1156       1.0392
    1157       1.0622
    1158       1.0346
    1159       1.0520
    1160       1.0034
    1161       0.9525
    1162       1.0374
    1163       1.0353
    1164       1.0459
    1165       1.0231
    1166       1.1291
    1167       1.1674
    1168       1.2091
    1169       1.2359
    1170       1.1575
    1171       1.0719
    1172       1.1000
    1173       1.0437
    1174       1.0159
    1175       1.1600
    1176       1.2235
    1177       1.2021
    1178       1.1648
    1179       1.2638
    1180       1.2035
    1181       1.1881
    1182       1.2491
    1183       1.2882
    1184       1.2835
    1185       1.1816
    1186       1.1647
    1187       1.1191
    1188       1.1438
    1189       1.2232
    1190       1.2069
    1191       1.2294
    1192       1.2223
    1193       1.1402
    1194       1.1052
    1195       1.2063
    1196       1.2389
    1197       1.1716
    1198       1.2243
    1199       1.2379
    1200       1.2405
    1201       1.2631
    1202       1.3383
    1203       1.3513
    1204       1.2039
    1205       1.2557
    1206       1.2093
    1207       1.3155
    1208       1.2808
    1209       1.2761
    1210       1.4051
    1211       1.3729
    1212       1.4026
    1213       1.3458
    1214       1.2707
    1215       1.2442
    1216       1.2637
    1217       1.3755
    1218       1.2697
    1219       1.3216
    1220       1.3643
    1221       1.3272
    1222       1.2939
    1223       1.2033
    1224       1.2473
    1225       1.1832
    1226       1.1843
    1227       1.1177
    1228       1.0951
    1229       1.1187
    1230       1.1810
    1231       1.2071
    1232       1.2668
    1233       1.2099
    1234       1.2586
    1235       1.2214
    1236       1.1534
    1237       1.1729
    1238       1.1896
    1239       1.2063
    1240       1.1977
    1241       1.1871
    1242       1.2065
    1243       1.1577
    1244       1.1245
    1245       1.1276
    1246       1.1628
    1247       1.1343
    1248       1.1017
    1249       1.1054
    1250       1.0964
    1251       1.0974
    1252       1.0981
    1253       1.1224
    1254       1.1211
    1255       1.2384
    1256       1.1773
    1257       1.1661
    1258       1.1051
    1259       1.1576
    1260       1.0590
    1261       1.0162
    1262       1.0331
    1263       1.1064
    1264       1.0443
    1265       1.0379
    1266       1.1172
    1267       1.0915
    1268       1.0792
    1269       1.1690
    1270       1.1936
    1271       1.1809
    1272       1.1867
    1273       1.1908
    1274       1.2460
    1275       1.2152
    1276       1.2215
    1277       1.1947
    1278       1.1796
    1279       1.2693
    1280       1.2179
    1281       1.2750
    1282       1.3069
    1283       1.3069
    1284       1.3717
    1285       1.3668
    1286       1.2750
    1287       1.3112
    1288       1.3164
    1289       1.2964
    1290       1.2988
    1291       1.2681
    1292       1.3377
    1293       1.3947
    1294       1.2997
    1295       1.2940
    1296       1.2334
    1297       1.4175
    1298       1.4624
    1299       1.4430
    1300       1.2907
    1301       1.3153
    1302       1.3394
    1303       1.2644
    1304       1.1969
    1305       1.2956
    1306       1.2213
    1307       1.1302
    1308       1.1404
    1309       1.2233
    1310       1.2456
    1311       1.3175
    1312       1.2946
    1313       1.3663
    1314       1.3798
    1315       1.3427
    1316       1.4107
    1317       1.3746
    1318       1.2610
    1319       1.2622
    1320       1.2773
    1321       1.1775
    1322       1.2273
    1323       1.2681
    1324       1.3161
    1325       1.2739
    1326       1.2306
    1327       1.2465
    1328       1.2008
    1329       1.2098
    1330       1.2216
    1331       1.2040
    1332       1.2033
    1333       1.2319
    1334       1.2288
    1335       1.2301
    1336       1.2797
    1337       1.2455
    1338       1.2316
    1339       1.2610
    1340       1.2123
    1341       1.1939
    1342       1.2099
    1343       1.2013
    1344       1.2008
    1345       1.2501
    1346       1.2245
    1347       1.2167
    1348       1.2913
    1349       1.2511
    1350       1.2575
    1351       1.3117
    1352       1.3191
    1353       1.2518
    1354       1.3639
    1355       1.3396
    1356       1.3392
    1357       1.3152
    1358       1.2681
    1359       1.2871
    1360       1.4359
    1361       1.3160
    1362       1.3394
    1363       1.2478
    1364       1.2680
    1365       1.2915
    1366       1.2446
    1367       1.2759
    1368       1.2947
    1369       1.3861
    1370       1.2987
    1371       1.2866
    1372       1.2806
    1373       1.2552
    1374       1.3364
    1375       1.3335
    1376       1.4175
    1377       1.4018
    1378       1.4214
    1379       1.3833
    1380       1.3025
    1381       1.3009
    1382       1.3419
    1383       1.3779
    1384       1.3932
    1385       1.5199
    1386       1.5504
    1387       1.3562
    1388       1.3477
    1389       1.4173
    1390       1.3503
    1391       1.4895
    1392       1.4585
    1393       1.3502
    1394       1.3578
    1395       1.4314
    1396       1.3473
    1397       1.3047
    1398       1.3541
    1399       1.2470
    1400       1.2432
    1401       1.2679
    1402       1.2223
    1403       1.2061
    1404       1.2024
    1405       1.2120
    1406       1.1672
    1407       1.2896
    1408       1.1858
    1409       1.2085
    1410       1.3627
    1411       1.3465
    1412       1.3051
    1413       1.3645
    1414       1.3405
    1415       1.2938
    1416       1.3104
    1417       1.2996
    1418       1.2381
    1419       1.2070
    1420       1.2526
    1421       1.2806
    1422       1.2506
    1423       1.3281
    1424       1.2821
    1425       1.2152
    1426       1.2520
    1427       1.2090
    1428       1.2202
    1429       1.1761
    1430       1.1744
    1431       1.2772
    1432       1.2652
    1433       1.2915
    1434       1.2832
    1435       1.2954
    1436       1.3444
    1437       1.3729
    1438       1.3253
    1439       1.2727
    1440       1.3554
    1441       1.3533
    1442       1.2951
    1443       1.4317
    1444       1.4965
    1445       1.4697
    1446       1.4485
    1447       1.3775
    1448       1.3953
    1449       1.4547
    1450       1.3693
    1451       1.3342
    1452       1.3060
    1453       1.3713
    1454       1.3563
    1455       1.3948
    1456       1.2984
    1457       1.3146
    1458       1.2918
    1459       1.2851
    1460       1.3034
    1461       1.2551
    1462       1.2834
    1463       1.2994
    1464       1.3126
    1465       1.2473
    1466       1.2279
    1467       1.2015
    1468       1.1567
    1469       1.1613
    1470       1.1593
    1471       1.1695
    1472       1.1333
    1473       1.1615
    1474       1.1923
    1475       1.1566
    1476       1.1431
    1477       1.1837
    1478       1.2161
    1479       1.1587
    1480       1.1119
    1481       1.1769
    1482       1.1672
    1483       1.1684
    1484       1.1480
    1485       1.1410
    1486       1.2360
    1487       1.1708
    1488       1.1829
    1489       1.1727
    1490       1.2356
    1491       1.2764
    1492       1.2940
    1493       1.2684
    1494       1.2651
    1495       1.2862
    1496       1.3210
    1497       1.2971
    1498       1.2142
    1499       1.2419
    1500       1.2255
    1501       1.1951
    1502       1.1861
    1503       1.2136
    1504       1.2533
    1505       1.2058
    1506       1.2645
    1507       1.2159
    1508       1.2555
    1509       1.1508
    1510       1.2553
    1511       1.2462
    1512       1.2724
    1513       1.3127
    1514       1.2732
    1515       1.1646
    1516       1.2033
    1517       1.2223
    1518       1.1971
    1519       1.1765
    1520       1.2408
    1521       1.1500
    1522       1.2219
    1523       1.2774
    1524       1.2621
    1525       1.2516
    1526       1.2204
    1527       1.1973
    1528       1.2519
    1529       1.1798
    1530       1.1401
    1531       1.1191
    1532       1.2432
    1533       1.2578
    1534       1.2023
    1535       1.2354
    1536       1.1358
    1537       1.1782
    1538       1.1885
    1539       1.2275
    1540       1.1860
    1541       1.1678
    1542       1.1922
    1543       1.1889
    1544       1.2053
    1545       1.2271
    1546       1.1757
    1547       1.1615
    1548       1.1852
    1549       1.1255
    1550       1.1727
    1551       1.1492
    1552       1.2154
    1553       1.2265
    1554       1.2544
    1555       1.2323
    1556       1.1978
    1557       1.1963
    1558       1.1737
    1559       1.2746
    1560       1.2325
    1561       1.2886
    1562       1.2448
    1563       1.2571
    1564       1.3018
    1565       1.3272
    1566       1.3274
    1567       1.4100
    1568       1.3538
    1569       1.3275
    1570       1.3826
    1571       1.3918
    1572       1.3266
    1573       1.3239
    1574       1.3589
    1575       1.3344
    1576       1.2327
    1577       1.1604
    1578       1.2176
    1579       1.1862
    1580       1.3132
    1581       1.2359
    1582       1.2476
    1583       1.3404
    1584       1.2381
    1585       1.2260
    1586       1.2307
    1587       1.2298
    1588       1.2997
    1589       1.2983
    1590       1.3400
    1591       1.4138
    1592       1.3419
    1593       1.3885
    1594       1.3068
    1595       1.3607
    1596       1.3927
    1597       1.3622
    1598       1.1952
    1599       1.1838
    1600       1.2207
    1601       1.2489
    1602       1.2417
    1603       1.2749
    1604       1.2346
    1605       1.2053
    1606       1.3093
    1607       1.3243
    1608       1.3357
    1609       1.2643
    1610       1.2300
    1611       1.3482
    1612       1.2553
    1613       1.2942
    1614       1.2433
    1615       1.2849
    1616       1.2249
    1617       1.2593
    1618       1.2762
    1619       1.3103
    1620       1.2425
    1621       1.2515
    1622       1.3188
    1623       1.3116
    1624       1.3263
    1625       1.3454
    1626       1.3161
    1627       1.3150
    1628       1.3677
    1629       1.3741
    1630       1.3387
    1631       1.3056
    1632       1.2804
    1633       1.3387
    1634       1.3524
    1635       1.3097
    1636       1.2821
    1637       1.2936
    1638       1.2846
    1639       1.4055
    1640       1.4489
    1641       1.3390
    1642       1.2834
    1643       1.1886
    1644       1.1882
    1645       1.3467
    1646       1.2369
    1647       1.3298
    1648       1.3787
    1649       1.3033
    1650       1.3584
    1651       1.3213
    1652       1.3238
    1653       1.2318
    1654       1.3148
    1655       1.3651
    1656       1.4059
    1657       1.3195
    1658       1.2783
    1659       1.2513
    1660       1.2340
    1661       1.2242
    1662       1.2345
    1663       1.2111
    1664       1.1673
    1665       1.2114
    1666       1.1686
    1667       1.1850
    1668       1.2875
    1669       1.2069
    1670       1.2553
    1671       1.1978
    1672       1.2097
    1673       1.1917
    1674       1.2162
    1675       1.1390
    1676       1.1936
    1677       1.2338
    1678       1.1979
    1679       1.3130
    1680       1.2740
    1681       1.2357
    1682       1.2398
    1683       1.2459
    1684       1.1720
    1685       1.2289
    1686       1.2007
    1687       1.1620
    1688       1.2252
    1689       1.2763
    1690       1.3345
    1691       1.3179
    1692       1.1889
    1693       1.1261
    1694       1.2229
    1695       1.1989
    1696       1.2503
    1697       1.2036
    1698       1.2056
    1699       1.2144
    1700       1.2252
    1701       1.1917
    1702       1.2714
    1703       1.2955
    1704       1.2758
    1705       1.2612
    1706       1.1901
    1707       1.2151
    1708       1.1902
    1709       1.2063
    1710       1.2990
    1711       1.3498
    1712       1.2544
    1713       1.2623
    1714       1.1529
    1715       1.1583
    1716       1.2457
    1717       1.3237
    1718       1.2452
    1719       1.2592
    1720       1.2161
    1721       1.1250
    1722       1.1082
    1723       1.1846
    1724       1.1777
    1725       1.1962
    1726       1.3251
    1727       1.3169
    1728       1.3096
    1729       1.3028
    1730       1.3337
    1731       1.4845
    1732       1.5553
    1733       1.4860
    1734       1.4275
    1735       1.3489
    1736       1.2496
    1737       1.2792
    1738       1.3832
    1739       1.4308
    1740       1.4580
    1741       1.4340
    1742       1.4016
    1743       1.4026
    1744       1.3952
    1745       1.4210
    1746       1.4605
    1747       1.4441
    1748       1.4955
    1749       1.4553
    1750       1.5100
    1751       1.5652
    1752       1.5167
    1753       1.5273
    1754       1.4716
    1755       1.4455
    1756       1.3971
    1757       1.4140
    1758       1.4281
    1759       1.3774
    1760       1.3213
    1761       1.2831
    1762       1.2958
    1763       1.3421
    1764       1.3039
    1765       1.3415
    1766       1.3978
    1767       1.2848
    1768       1.3554
    1769       1.2454
    1770       1.2018
    1771       1.1681
    1772       1.1411
    1773       1.1433
    1774       1.1345
    1775       1.1029
    1776       1.1201
    1777       1.1189
    1778       1.1004
    1779       1.0587
    1780       1.1132
    1781       1.0827
    1782       1.1429
    1783       1.1692
    1784       1.1632
    1785       1.2450
    1786       1.1230
    1787       1.1468
    1788       1.1321
    1789       1.1805
    1790       1.1108
    1791       1.1173
    1792       1.1684
    1793       1.1828
    1794       1.2133
    1795       1.2163
    1796       1.2290
    1797       1.1765
    1798       1.1813
    1799       1.2066
    1800       1.1646
    1801       1.1353
    1802       1.1653
    1803       1.0972
    1804       1.1007
    1805       1.0890
    1806       1.1355
    1807       1.1735
    1808       1.2065
    1809       1.1520
    1810       1.0898
    1811       1.0080
    1812       1.0365
    1813       1.0550
    1814       1.1399
    1815       1.1275
    1816       1.1216
    1817       1.0701
    1818       1.1003
    1819       1.2006
    1820       1.0738
    1821       1.1219
    1822       1.1538
    1823       1.1676
    1824       1.1086
    1825       1.1158
    1826       1.1666
    1827       1.1499
    1828       1.1395
    1829       1.1388
    1830       1.0721
    1831       1.1468
    1832       1.0883
    1833       1.0820
    1834       1.1126
    1835       1.1529
    1836       1.1787
    1837       1.2016
    1838       1.0797
    1839       1.1171
    1840       1.1617
    1841       1.2098
    1842       1.1621
    1843       1.1690
    1844       1.1553
    1845       1.1232
    1846       1.0881
    1847       1.2155
    1848       1.1674
    1849       1.1338
    1850       1.0924
    1851       1.1800
    1852       1.1783
    1853       1.1949
    1854       1.2262
    1855       1.2515
    1856       1.2662
    1857       1.2715
    1858       1.3277
    1859       1.2621
    1860       1.2718
    1861       1.3007
    1862       1.2659
    1863       1.2723
    1864       1.2463
    1865       1.2457
    1866       1.3197
    1867       1.3902
    1868       1.2974
    1869       1.3285
    1870       1.3768
    1871       1.3604
    1872       1.3615
    1873       1.4215
    1874       1.5099
    1875       1.4437
    1876       1.4593
    1877       1.4122
    1878       1.4199
    1879       1.3550
    1880       1.3756
    1881       1.3821
    1882       1.3492
    1883       1.3262
    1884       1.3713
    1885       1.4255
    1886       1.3405
    1887       1.4312
    1888       1.4476
    1889       1.4046
    1890       1.3914
    1891       1.4204
    1892       1.3393
    1893       1.3610
    1894       1.3633
    1895       1.4720
    1896       1.4440
    1897       1.4967
    1898       1.4643
    1899       1.5832
    1900       1.4107
    1901       1.3907
    1902       1.3820
    1903       1.4159
    1904       1.4532
    1905       1.4764
    1906       1.5228
    1907       1.5438
    1908       1.4462
    1909       1.5016
    1910       1.3816
    1911       1.3886
    1912       1.2915
    1913       1.3209
    1914       1.3374
    1915       1.2417
    1916       1.2717
    1917       1.1677
    1918       1.2675
    1919       1.3208
    1920       1.3612
    1921       1.2963
    1922       1.3406
    1923       1.4227
    1924       1.2395
    1925       1.2853
    1926       1.2793
    1927       1.2867
    1928       1.2248
    1929       1.2837
    1930       1.1487
    1931       1.2199
    1932       1.1718
    1933       1.1930
    1934       1.1816
    1935       1.1919
    1936       1.2582
    1937       1.2631
    1938       1.1841
    1939       1.2705
    1940       1.2658
    1941       1.2402
    1942       1.2897
    1943       1.2981
    1944       1.2776
    1945       1.3671
    1946       1.2582
    1947       1.2694
    1948       1.1999
    1949       1.2598
    1950       1.2505
    1951       1.2609
    1952       1.2576
    1953       1.1895
    1954       1.1680
    1955       1.1369
    1956       1.1416
    1957       1.1449
    1958       1.2022
    1959       1.1403
    1960       1.0450
    1961       1.0644
    1962       1.1067
    1963       1.0845
    1964       1.1643
    1965       1.1623
    1966       1.1764
    1967       1.1526
    1968       1.1776
    1969       1.2934
    1970       1.2440
    1971       1.2546
    1972       1.2196
    1973       1.2082
    1974       1.1819
    1975       1.1635
    1976       1.0520
    1977       1.0922
    1978       1.0704
    1979       1.1635
    1980       1.2131
    1981       1.1957
    1982       1.2215
    1983       1.1873
    1984       1.1096
    1985       1.0986
    1986       1.0115
    1987       1.0193
    1988       1.0733
    1989       1.1303
    1990       1.2271
    1991       1.1255
    1992       1.1464
    1993       1.1243
    1994       1.1204
    1995       1.1436
    1996       1.1412
    1997       1.1206
    1998       1.0918
    1999       1.1886
    2000       1.1778
    2001       1.1687
    2002       1.2818
    2003       1.2874
    2004       1.1985
    2005       1.1804
    2006       1.0880
    2007       1.0655
    2008       1.1235
    2009       1.1928
    2010       1.1533
    2011       1.1283
    2012       1.1146
    2013       1.2125
    2014       1.2516
    2015       1.2059
    2016       1.1506
    2017       1.2357
    2018       1.1877
    2019       1.1844
    2020       1.1599
    2021       1.1079
    2022       1.0865
    2023       1.0742
    2024       1.1431
    2025       1.1751
    2026       1.1396
    2027       1.1131
    2028       1.1588
    2029       1.1685
    2030       1.1875
    2031       1.1805
    2032       1.2147
    2033       1.1877
    2034       1.1632
    2035       1.1391
    2036       1.2251
    2037       1.1673
    2038       1.2443
    2039       1.2111
    2040       1.2470
    2041       1.3066
    2042       1.2165
    2043       1.1489
    2044       1.2953
    2045       1.1393
    2046       1.1641
    2047       1.1163
    2048       1.2700
    2049       1.2864
    2050       1.2657
    2051       1.2543
    2052       1.2286
    2053       1.1714
    2054       1.2107
    2055       1.1201
    2056       1.2255
    2057       1.1598
    2058       1.1856
    2059       1.2247
    2060       1.1766
    2061       1.1990
    2062       1.1612
    2063       1.1517
    2064       1.1406
    2065       1.2376
    2066       1.2195
    2067       1.2440
    2068       1.2270
    2069       1.2598
    2070       1.3577
    2071       1.4644
    2072       1.3736
    2073       1.4380
    2074       1.4051
    2075       1.3112
    2076       1.2884
    2077       1.2805
    2078       1.2237
    2079       1.2173
    2080       1.3202
    2081       1.1877
    2082       1.2403
    2083       1.1614
    2084       1.1994
    2085       1.2512
    2086       1.2071
    2087       1.2303
    2088       1.1916
    2089       1.3291
    2090       1.3487
    2091       1.3420
    2092       1.3236
    2093       1.3758
    2094       1.4096
    2095       1.2899
    2096       1.3720
    2097       1.2962
    2098       1.3319
    2099       1.2760
    2100       1.1916
    2101       1.2147
    2102       1.1945
    2103       1.2325
    2104       1.3534
    2105       1.3657
    2106       1.5049
    2107       1.5535
    2108       1.4972
    2109       1.5098
    2110       1.5046
    2111       1.5094
    2112       1.5618
    2113       1.4771
    2114       1.4509
    2115       1.4159
    2116       1.4424
    2117       1.4487
    2118       1.4524
    2119       1.5148
    2120       1.4798
    2121       1.4599
    2122       1.4949
    2123       1.5044
    2124       1.5078
    2125       1.4699
    2126       1.4616
    2127       1.3695
    2128       1.3769
    2129       1.3304
    2130       1.4046
    2131       1.3676
    2132       1.3745
    2133       1.2966
    2134       1.3287
    2135       1.3111
    2136       1.3135
    2137       1.3305
    2138       1.3118
    2139       1.4034
    2140       1.3514
    2141       1.3157
    2142       1.3018
    2143       1.3377
    2144       1.3256
    2145       1.2332
    2146       1.2205
    2147       1.2457
    2148       1.2480
    2149       1.1839
    2150       1.2168
    2151       1.2328
    2152       1.1619
    2153       1.0908
    2154       1.0730
    2155       1.1389
    2156       1.1644
    2157       1.1508
    2158       1.1966
    2159       1.2497
    2160       1.2923
    2161       1.2971
    2162       1.2379
    2163       1.2875
    2164       1.3264
    2165       1.2998
    2166       1.3504
    2167       1.3792
    2168       1.3446
    2169       1.3179
    2170       1.2768
    2171       1.2457
    2172       1.2151
    2173       1.2840
    2174       1.3103
    2175       1.2240
    2176       1.2823
    2177       1.4073
    2178       1.2941
    2179       1.3316
    2180       1.2481
    2181       1.3814
    2182       1.3312
    2183       1.3311
    2184       1.3555
    2185       1.3402
    2186       1.3440
    2187       1.3791
    2188       1.3910
    2189       1.3015
    2190       1.2547
    2191       1.3146
    2192       1.2121
    2193       1.2717
    2194       1.2491
    2195       1.1911
    2196       1.1214
    2197       1.1680
    2198       1.1877
    2199       1.1624
    2200       1.2283
    2201       1.2127
    2202       1.2415
    2203       1.2315
    2204       1.2767
    2205       1.2192
    2206       1.3086
    2207       1.2290
    2208       1.2239
    2209       1.1658
    2210       1.1538
    2211       1.1263
    2212       1.2155
    2213       1.2261
    2214       1.2732
    2215       1.2118
    2216       1.2297
    2217       1.2392
    2218       1.2051
    2219       1.3271
    2220       1.2411
    2221       1.2604
    2222       1.3387
    2223       1.3155
    2224       1.2506
    2225       1.3711
    2226       1.2997
    2227       1.3574
    2228       1.2978
    2229       1.2946
    2230       1.2980
    2231       1.2470
    2232       1.2379
    2233       1.2606
    2234       1.1767
    2235       1.2804
    2236       1.1249
    2237       1.1688
    2238       1.1382
    2239       1.1332
    2240       1.0979
    2241       1.1493
    2242       1.1687
    2243       1.1391
    2244       1.1805
    2245       1.1917
    2246       1.1950
    2247       1.2045
    2248       1.2209
    2249       1.2306
    2250       1.0961
    2251       1.0972
    2252       1.1549
    2253       1.0610
    2254       1.1393
    2255       1.1019
    2256       1.0959
    2257       1.1318
    2258       1.1542
    2259       1.2301
    2260       1.2024
    2261       1.2577
    2262       1.1288
    2263       1.1505
    2264       1.1292
    2265       1.1667
    2266       1.1341
    2267       1.2045
    2268       1.1214
    2269       1.0929
    2270       1.1336
    2271       1.1709
    2272       1.1881
    2273       1.2242
    2274       1.1689
    2275       1.1109
    2276       1.0884
    2277       1.0767
    2278       1.1777
    2279       1.2544
    2280       1.2086
    2281       1.1484
    2282       1.1371
    2283       1.1510
    2284       1.1688
    2285       1.1783
    2286       1.1650
    2287       1.0954
    2288       1.2112
    2289       1.1659
    2290       1.1898
    2291       1.1707
    2292       1.2037
    2293       1.1933
    2294       1.2016
    2295       1.1763
    2296       1.2408
    2297       1.2435
    2298       1.2184
    2299       1.3028
    2300       1.3595
    2301       1.3865
    2302       1.2587
    2303       1.2510
    2304       1.2896
    2305       1.2556
    2306       1.1605
    2307       1.1255
    2308       1.2073
    2309       1.1640
    2310       1.1811
    2311       1.1628
    2312       1.2029
    2313       1.1476
    2314       1.1567
    2315       1.2174
    2316       1.4187
    2317       1.3617
    2318       1.3014
    2319       1.2913
    2320       1.2499
    2321       1.3051
    2322       1.3415
    2323       1.2820
    2324       1.3021
    2325       1.3284
    2326       1.3077
    2327       1.2983
    2328       1.2876
    2329       1.2214
    2330       1.2046
    2331       1.2768
    2332       1.2270
    2333       1.1734
    2334       1.2712
    2335       1.2079
    2336       1.2162
    2337       1.1896
    2338       1.2034
    2339       1.2527
    2340       1.1498
    2341       1.2327
    2342       1.2134
    2343       1.1714
    2344       1.1965
    2345       1.2200
    2346       1.2599
    2347       1.2492
    2348       1.1287
    2349       1.1466
    2350       1.1274
    2351       1.1393
    2352       1.1776
    2353       1.2671
    2354       1.2307
    2355       1.2828
    2356       1.2714
    2357       1.2017
    2358       1.2738
    2359       1.1878
    2360       1.1912
    2361       1.1641
    2362       1.1876
    2363       1.2245
    2364       1.2196
    2365       1.1733
    2366       1.2185
    2367       1.2851
    2368       1.2566
    2369       1.3098
    2370       1.3007
    2371       1.2280
    2372       1.3010
    2373       1.3116
    2374       1.2475
    2375       1.2112
    2376       1.3506
    2377       1.3847
    2378       1.3014
    2379       1.3432
    2380       1.2534
    2381       1.2092
    2382       1.2331
    2383       1.2258
    2384       1.2755
    2385       1.2311
    2386       1.2327
    2387       1.1918
    2388       1.2207
    2389       1.2998
    2390       1.2276
    2391       1.2747
    2392       1.2558
    2393       1.2059
    2394       1.1251
    2395       1.1306
    2396       1.2163
    2397       1.3153
    2398       1.3629
    2399       1.2874
    2400       1.2290
    2401       1.2668
    2402       1.2927
    2403       1.2461
    2404       1.2428
    2405       1.2240
    2406       1.2534
    2407       1.1999
    2408       1.1531
    2409       1.2213
    2410       1.1932
    2411       1.2156
    2412       1.1680
    2413       1.2810
    2414       1.3316
    2415       1.2602
    2416       1.3812
    2417       1.2436
    2418       1.2395
    2419       1.2592
    2420       1.2242
    2421       1.2499
    2422       1.2734
    2423       1.2915
    2424       1.2305
    2425       1.2079
    2426       1.1767
    2427       1.1260
    2428       1.1509
    2429       1.1059
    2430       1.1083
    2431       1.1353
    2432       1.1315
    2433       1.1951
    2434       1.1287
    2435       1.0931
    2436       1.1438
    2437       1.1634
    2438       1.1029
    2439       1.1052
    2440       1.1074
    2441       1.1177
    2442       1.1629
    2443       1.1652
    2444       1.1090
    2445       1.1159
    2446       1.1014
    2447       1.1188
    2448       1.1117
    2449       1.1236
    2450       1.2336
    2451       1.2359
    2452       1.2411
    2453       1.2042
    2454       1.2341
    2455       1.2555
    2456       1.1460
    2457       1.1675
    2458       1.1548
    2459       1.1413
    2460       1.1479
    2461       1.1629
    2462       1.2589
    2463       1.1569
    2464       1.1740
    2465       1.2583
    2466       1.2446
    2467       1.3881
    2468       1.2570
    2469       1.3221
    2470       1.3469
    2471       1.3089
    2472       1.3077
    2473       1.2323
    2474       1.2468
    2475       1.2389
    2476       1.2533
    2477       1.1788
    2478       1.2090
    2479       1.3526
    2480       1.2723
    2481       1.3339
    2482       1.2979
    2483       1.2837
    2484       1.2806
    2485       1.2116
    2486       1.0573
    2487       1.1971
    2488       1.1557
    2489       1.1908
    2490       1.1095
    2491       1.2008
    2492       1.1248
    2493       1.2186
    2494       1.1559
    2495       1.2396
    2496       1.1589
    2497       1.1468
    2498       1.2506
    2499       1.2477
    2500       1.2489
    2501       1.2600
    2502       1.2343
    2503       1.1900
    2504       1.2080
    2505       1.2151
    2506       1.2968
    2507       1.2674
    2508       1.2014
    2509       1.2242
    2510       1.2837
    2511       1.2577
    2512       1.3352
    2513       1.2602
    2514       1.2897
    2515       1.2661
    2516       1.2970
    2517       1.2717
    2518       1.2869
    2519       1.3015
    2520       1.3256
    2521       1.2365
    2522       1.1997
    2523       1.2209
    2524       1.1966
    2525       1.2685
    2526       1.3048
    2527       1.3034
    2528       1.2645
    2529       1.2432
    2530       1.3160
    2531       1.2863
    2532       1.2006
    2533       1.2673
    2534       1.2656
    2535       1.2236
    2536       1.2054
    2537       1.2123
    2538       1.1627
    2539       1.1170
    2540       1.3296
    2541       1.4025
    2542       1.5074
    2543       1.4016
    2544       1.3352
    2545       1.4046
    2546       1.3284
    2547       1.3447
    2548       1.3291
    2549       1.2324
    2550       1.2292
    2551       1.2559
    2552       1.2493
    2553       1.2089
    2554       1.2890
    2555       1.2767
    2556       1.2547
    2557       1.3058
    2558       1.2824
    2559       1.2494
    2560       1.2125
    2561       1.2887
    2562       1.2999
    2563       1.3596
    2564       1.4401
    2565       1.4192
    2566       1.4199
    2567       1.4147
    2568       1.4771
    2569       1.4265
    2570       1.3847
    2571       1.4155
    2572       1.3807
    2573       1.3300
    2574       1.2656
    2575       1.3851
    2576       1.2937
    2577       1.3625
    2578       1.4013
    2579       1.3296
    2580       1.3118
    2581       1.2715
    2582       1.2394
    2583       1.2847
    2584       1.3195
    2585       1.3473
    2586       1.3602
    2587       1.2559
    2588       1.3235
    2589       1.3373
    2590       1.3232
    2591       1.3352
    2592       1.2834
    2593       1.2982
    2594       1.3245
    2595       1.2915
    2596       1.3065
    2597       1.3385
    2598       1.3527
    2599       1.3306
    2600       1.3463
    2601       1.3179
    2602       1.3074
    2603       1.3518
    2604       1.3418
    2605       1.2082
    2606       1.2479
    2607       1.2199
    2608       1.1509
    2609       1.0344
    2610       1.1075
    2611       1.1274
    2612       1.1604
    2613       1.1554
    2614       1.2155
    2615       1.2431
    2616       1.2958
    2617       1.3433
    2618       1.3595
    2619       1.3669
    2620       1.3037
    2621       1.3485
    2622       1.4279
    2623       1.4082
    2624       1.3688
    2625       1.3638
    2626       1.3020
    2627       1.3188
    2628       1.3456
    2629       1.2833
    2630       1.2743
    2631       1.2548
    2632       1.2413
    2633       1.2652
    2634       1.2154
    2635       1.2142
    2636       1.2481
    2637       1.2187
    2638       1.2264
    2639       1.2446
    2640       1.2585
    2641       1.2914
    2642       1.1881
    2643       1.1752
    2644       1.1589
    2645       1.2547
    2646       1.2794
    2647       1.3412
    2648       1.2398
    2649       1.2111
    2650       1.2191
    2651       1.2300
    2652       1.1969
    2653       1.2275
    2654       1.1567
    2655       1.2267
    2656       1.2007
    2657       1.2920
    2658       1.3654
    2659       1.2729
    2660       1.2440
    2661       1.2333
    2662       1.2356
    2663       1.3536
    2664       1.2964
    2665       1.3518
    2666       1.3409
    2667       1.3199
    2668       1.3088
    2669       1.2072
    2670       1.3562
    2671       1.4120
    2672       1.3378
    2673       1.3429
    2674       1.2959
    2675       1.3145
    2676       1.2800
    2677       1.3113
    2678       1.4238
    2679       1.2890
    2680       1.2850
    2681       1.3071
    2682       1.3005
    2683       1.2839
    2684       1.3112
    2685       1.3979
    2686       1.3558
    2687       1.3673
    2688       1.3138
    2689       1.3959
    2690       1.4027
    2691       1.3229
    2692       1.3106
    2693       1.2592
    2694       1.2814
    2695       1.3074
    2696       1.2913
    2697       1.3331
    2698       1.4355
    2699       1.3036
    2700       1.3248
    2701       1.3932
    2702       1.3600
    2703       1.4115
    2704       1.4624
    2705       1.4182
    2706       1.4144
    2707       1.4277
    2708       1.4744
    2709       1.3979
    2710       1.3744
    2711       1.4402
    2712       1.5354
    2713       1.4223
    2714       1.3914
    2715       1.4076
    2716       1.4391
    2717       1.4475
    2718       1.4300
    2719       1.4642
    2720       1.4315
    2721       1.4429
    2722       1.5409
    2723       1.4616
    2724       1.4447
    2725       1.4683
    2726       1.4283
    2727       1.3800
    2728       1.3859
    2729       1.3509
    2730       1.4021
    2731       1.4268
    2732       1.3453
    2733       1.4477
    2734       1.5580
    2735       1.5266
    2736       1.5293
    2737       1.5829
    2738       1.6192
    2739       1.5584
    2740       1.4591
    2741       1.4723
    2742       1.5206
    2743       1.4462
    2744       1.4532
    2745       1.4652
    2746       1.4523
    2747       1.5384
    2748       1.6606
    2749       1.5231
    2750       1.5249
    2751       1.6184
    2752       1.6208
    2753       1.6397
    2754       1.5366
    2755       1.5846
    2756       1.5411
    2757       1.5635
    2758       1.6174
    2759       1.6470
    2760       1.6936
    2761       1.7164
    2762       1.6111
    2763       1.5526
    2764       1.5010
    2765       1.4406
    2766       1.4881
    2767       1.3805
    2768       1.3618
    2769       1.5164
    2770       1.5211
    2771       1.5495
    2772       1.4444
    2773       1.3843
    2774       1.3904
    2775       1.3433
    2776       1.3996
    2777       1.4589
    2778       1.4253
    2779       1.3963
    2780       1.4495
    2781       1.4120
    2782       1.4288
    2783       1.4743
    2784       1.4661
    2785       1.4666
    2786       1.4443
    2787       1.4095
    2788       1.4498
    2789       1.4119
    2790       1.3839
    2791       1.4147
    2792       1.4604
    2793       1.5038
    2794       1.4923
    2795       1.4023
    2796       1.2983
    2797       1.3576
    2798       1.4383
    2799       1.4155
    2800       1.4580
    2801       1.4022
    2802       1.4713
    2803       1.5390
    2804       1.4770
    2805       1.5218
    2806       1.5269
    2807       1.5477
    2808       1.4869
    2809       1.5185
    2810       1.5126
    2811       1.5255
    2812       1.4837
    2813       1.4307
    2814       1.3900
    2815       1.3750
    2816       1.3991
    2817       1.4855
    2818       1.4517
    2819       1.4307
    2820       1.4648
    2821       1.4578
    2822       1.4569
    2823       1.4416
    2824       1.3734
    2825       1.4051
    2826       1.5031
    2827       1.5005
    2828       1.4855
    2829       1.4591
    2830       1.4946
    2831       1.5860
    2832       1.6536
    2833       1.6683
    2834       1.5967
    2835       1.4767
    2836       1.3745
    2837       1.4332
    2838       1.4615
    2839       1.4086
    2840       1.4066
    2841       1.3765
    2842       1.4334
    2843       1.3777
    2844       1.3709
    2845       1.3194
    2846       1.3290
    2847       1.4135
    2848       1.4416
    2849       1.3825
    2850       1.4083
    2851       1.4160
    2852       1.4733
    2853       1.4959
    2854       1.6158
    2855       1.6334
    2856       1.5383
    2857       1.5618
    2858       1.4466
    2859       1.3572
    2860       1.3891
    2861       1.4877
    2862       1.4691
    2863       1.4843
    2864       1.4997
    2865       1.4396
    2866       1.4255
    2867       1.4056
    2868       1.3555
    2869       1.4291
    2870       1.4659
    2871       1.4816
    2872       1.4715
    2873       1.5043
    2874       1.4140
    2875       1.3845
    2876       1.4358
    2877       1.4310
    2878       1.3647
    2879       1.3958
    2880       1.4278
    2881       1.3839
    2882       1.3247
    2883       1.4718
    2884       1.4099
    2885       1.3534
    2886       1.3786
    2887       1.3436
    2888       1.3982
    2889       1.4264
    2890       1.4394
    2891       1.4376
    2892       1.3497
    2893       1.3357
    2894       1.3829
    2895       1.3748
    2896       1.4125
    2897       1.4033
    2898       1.4134
    2899       1.4585
    2900       1.4349
    2901       1.4316
    2902       1.4530
    2903       1.4936
    2904       1.5186
    2905       1.5137
    2906       1.4409
    2907       1.3792
    2908       1.4376
    2909       1.3844
    2910       1.4553
    2911       1.4730
    2912       1.4406
    2913       1.4948
    2914       1.5655
    2915       1.5136
    2916       1.5317
    2917       1.4948
    2918       1.5129
    2919       1.4547
    2920       1.5219
    2921       1.7042
    2922       1.6283
    2923       1.4947
    2924       1.4857
    2925       1.5279
    2926       1.5680
    2927       1.4912
    2928       1.5042
    2929       1.5184
    2930       1.5809
    2931       1.6088
    2932       1.5534
    2933       1.5470
    2934       1.5243
    2935       1.4765
    2936       1.4758
    2937       1.5543
    2938       1.5296
    2939       1.6192
    2940       1.5738
    2941       1.4767
    2942       1.5560
    2943       1.4924
    2944       1.6163
    2945       1.6082
    2946       1.3938
    2947       1.3840
    2948       1.4047
    2949       1.4684
    2950       1.4409
    2951       1.4049
    2952       1.4133
    2953       1.3971
    2954       1.3736
    2955       1.4464
    2956       1.5099
    2957       1.4977
    2958       1.5187
    2959       1.6157
    2960       1.6106
    2961       1.5085
    2962       1.4835
    2963       1.5707
    2964       1.5330
    2965       1.4407
    2966       1.4568
    2967       1.4411
    2968       1.4180
    2969       1.4570
    2970       1.3149
    2971       1.3934
    2972       1.4265
    2973       1.5222
    2974       1.4677
    2975       1.4567
    2976       1.3340
    2977       1.3441
    2978       1.3760
    2979       1.3540
    2980       1.3326
    2981       1.3567
    2982       1.2916
    2983       1.3221
    2984       1.3250
    2985       1.2344
    2986       1.3376
    2987       1.3483
    2988       1.2917
    2989       1.2726
    2990       1.3374
    2991       1.3309
    2992       1.3764
    2993       1.3691
    2994       1.3816
    2995       1.3824
    2996       1.4060
    2997       1.3270
    2998       1.4321
    2999       1.4608
    3000       1.4789
    3001       1.4548
    3002       1.4465
    3003       1.3865
    3004       1.3995
    3005       1.4375
    3006       1.5908
    3007       1.5476
    3008       1.4687
    3009       1.5380
    3010       1.5278
    3011       1.5323
    3012       1.5114
    3013       1.4492
    3014       1.4292
    3015       1.4349
    3016       1.4423
    3017       1.4434
    3018       1.5087
    3019       1.5442
    3020       1.5747
    3021       1.6897
    3022       1.5437
    3023       1.6903
    3024       1.5964
    3025       1.5290
    3026       1.5144
    3027       1.5477
    3028       1.4988
    3029       1.4916
    3030       1.5754
    3031       1.4458
    3032       1.3894
    3033       1.4549
    3034       1.4133
    3035       1.3750
    3036       1.5010
    3037       1.4347
    3038       1.4192
    3039       1.4668
    3040       1.4797
    3041       1.4652
    3042       1.3930
    3043       1.4456
    3044       1.4615
    3045       1.4133
    3046       1.4411
    3047       1.4352
    3048       1.4366
    3049       1.4825
    3050       1.5029
    3051       1.5024
    3052       1.4762
    3053       1.4477
    3054       1.3904
    3055       1.4329
    3056       1.4337
    3057       1.3298
    3058       1.3922
    3059       1.3097
    3060       1.3487
    3061       1.3235
    3062       1.2680
    3063       1.3718
    3064       1.4067
    3065       1.3447
    3066       1.3259
    3067       1.3578
    3068       1.3234
    3069       1.3644
    3070       1.2969
    3071       1.3963
    3072       1.3698
    3073       1.3612
    3074       1.4032
    3075       1.3739
    3076       1.4109
    3077       1.3295
    3078       1.3314
    3079       1.3000
    3080       1.3301
    3081       1.2831
    3082       1.2373
    3083       1.2424
    3084       1.2849
    3085       1.2371
    3086       1.2552
    3087       1.2741
    3088       1.3222
    3089       1.3491
    3090       1.3198
    3091       1.3301
    3092       1.2818
    3093       1.3564
    3094       1.3244
    3095       1.3227
    3096       1.3525
    3097       1.3662
    3098       1.3220
    3099       1.3395
    3100       1.3914
    3101       1.3972
    3102       1.3912
    3103       1.3965
    3104       1.3420
    3105       1.3082
    3106       1.3502
    3107       1.2879
    3108       1.3115
    3109       1.3020
    3110       1.3307
    3111       1.2983
    3112       1.2978
    3113       1.3061
    3114       1.3200
    3115       1.3537
    3116       1.3257
    3117       1.2948
    3118       1.3228
    3119       1.3556
    3120       1.3633
    3121       1.2857
    3122       1.3146
    3123       1.3800
    3124       1.4034
    3125       1.4134
