#Res        AtomicFlx
   1.000       1.4302
   2.000       1.2499
   3.000       1.1377
   4.000       0.9460
   5.000       1.1064
   6.000       1.1589
   7.000       0.9809
   8.000       0.8433
   9.000       0.8808
  10.000       0.8369
  11.000       0.7600
  12.000       0.8111
  13.000       0.8864 
  14.000       0.8264
  15.000       0.8341
  16.000       1.1527
  17.000       1.1138
  18.000       0.8943
  19.000       0.7582
  20.000       0.7396
  21.000       0.6637
  22.000       0.6590
  23.000       0.6721
  24.000       0.6919
  25.000       0.8509
  26.000       1.0392
  27.000       1.1859
  28.000       0.9068
  29.000       0.7931
  30.000       0.7138
  31.000       0.8496
  32.000       0.8325
  33.000       0.7384
  34.000       0.7697
  35.000       0.8333
  36.000       0.8366
  37.000       0.8197
  38.000       0.8296
  39.000       0.9252
  40.000       0.9841
  41.000       0.9501
  42.000       0.9749
  43.000       1.0825
  44.000       0.9557
  45.000       0.8134
  46.000       0.7654
  47.000       0.7619
  48.000       0.7076
  49.000       0.6188
  50.000       0.5919
  51.000       0.5878
  52.000       0.5550
  53.000       0.5227
  54.000       0.4915
  55.000       0.4823
  56.000       0.5161
  57.000       0.5217
  58.000       0.5023
  59.000       0.5243
  60.000       0.5793
  61.000       0.5456
  62.000       0.5254
  63.000       0.5736
  64.000       0.5624
  65.000       0.5549
  66.000       0.6400
  67.000       0.7415
  68.000       0.7508
  69.000       0.7261
  70.000       0.7732
  71.000       0.7102
  72.000       0.6610
  73.000       0.6195
  74.000       0.5949
  75.000       0.5406
  76.000       0.4636
  77.000       0.4803
  78.000       0.4707
  79.000       0.5061
  80.000       0.4582
  81.000       0.4572
  82.000       0.5437
  83.000       0.5502
  84.000       0.5502
  85.000       0.5226
  86.000       0.5176
  87.000       0.5138
  88.000       0.5297
  89.000       0.5182
  90.000       0.5120
  91.000       0.5737
  92.000       0.6795
  93.000       0.6781
  94.000       0.6931
  95.000       0.5729
  96.000       0.5234
  97.000       0.4632
  98.000       0.4361
  99.000       0.4868
 100.000       0.4981
 101.000       0.5156
 102.000       0.5611
 103.000       0.5778
 104.000       0.5396
 105.000       0.5284
 106.000       0.5966
 107.000       0.6494
 108.000       0.6059
 109.000       0.6296
 110.000       0.7098
 111.000       0.7628
 112.000       0.8141
 113.000       0.6985
 114.000       0.7215
 115.000       0.7204
 116.000       0.7109
 117.000       0.5782
 118.000       0.5228
 119.000       0.4620
 120.000       0.5137
 121.000       0.5384
 122.000       0.5191
 123.000       0.5573
 124.000       0.5617
 125.000       0.5078
 126.000       0.5498
 127.000       0.5863
 128.000       0.6129
 129.000       0.5543
 130.000       0.5479
 131.000       0.6044
 132.000       0.5997
 133.000       0.5809
 134.000       0.6890
 135.000       0.7517
 136.000       0.6784
 137.000       0.6853
 138.000       0.6334
 139.000       0.6740
 140.000       0.5960
 141.000       0.5309
 142.000       0.4851
 143.000       0.4840
 144.000       0.5310
 145.000       0.5983
 146.000       0.6115
 147.000       0.6123
 148.000       0.5942
 149.000       0.6232
 150.000       0.6519
 151.000       0.6001
 152.000       0.6165
 153.000       0.7238
 154.000       0.7473
 155.000       0.7269
 156.000       0.8075
 157.000       0.7485
 158.000       0.7359
 159.000       0.6681
 160.000       0.6255
 161.000       0.5739
 162.000       0.5377
 163.000       0.5325
 164.000       0.5034
 165.000       0.5522
 166.000       0.6173
 167.000       0.6048
 168.000       0.6897
 169.000       0.6240
 170.000       0.7475
 171.000       0.7570
 172.000       0.7165
 173.000       1.0408
 174.000       0.7472
 175.000       0.7022
 176.000       0.6011
 177.000       0.6386
 178.000       0.6586
 179.000       0.5305
 180.000       0.5069
 181.000       0.5597
 182.000       0.5933
 183.000       0.6755
 184.000       0.8038
 185.000       0.9297
 186.000       0.8327
 187.000       0.7262
 188.000       0.7756
 189.000       0.7933
 190.000       0.6978
 191.000       0.6825
 192.000       0.7482
 193.000       0.7279
 194.000       0.7034
 195.000       0.7901
 196.000       0.8275
 197.000       0.8079
 198.000       0.8267
 199.000       0.7096
 200.000       0.6787
 201.000       0.6418
 202.000       0.6447
 203.000       0.6250
 204.000       0.5759
 205.000       0.5347
 206.000       0.5171
 207.000       0.5074
 208.000       0.5141
 209.000       0.5131
 210.000       0.4992
 211.000       0.7641
 212.000       0.7831
 213.000       0.9390
 214.000       0.7901
 215.000       0.7614
 216.000       0.7946
 217.000       0.7102
 218.000       0.6513
 219.000       0.7343
 220.000       0.7692
 221.000       0.6659
 222.000       0.6808
 223.000       0.7477
 224.000       0.7117
 225.000       0.6942
 226.000       0.7327
 227.000       0.7360
 228.000       0.6943
 229.000       0.7234
 230.000       0.7856
 231.000       0.7874
 232.000       0.7934
 233.000       0.9129
 234.000       0.9512
 235.000       0.8946
 236.000       0.9119
 237.000       0.8368
 238.000       0.9659
 239.000       0.8744
 240.000       0.8269
 241.000       0.6873
 242.000       0.6081
 243.000       0.5264
 244.000       0.4953
 245.000       0.4791
 246.000       0.4818
 247.000       0.5159
 248.000       0.5049
 249.000       0.5963
 250.000       0.8372
 251.000       0.8735
 252.000       0.8610
 253.000       1.1075
 254.000       1.1797
 255.000       1.5104
 256.000       1.0487
 257.000       0.7699
 258.000       0.6630
 259.000       0.7043
 260.000       0.7416
 261.000       0.7144
 262.000       0.7009
 263.000       0.7564
 264.000       0.7366
 265.000       0.6802
 266.000       0.7086
 267.000       0.7860
 268.000       0.7817
 269.000       0.7514
 270.000       0.8469
 271.000       0.9051
 272.000       0.8354
 273.000       0.8178
 274.000       0.9345
 275.000       1.0525
 276.000       1.1747
 277.000       1.2147
 278.000       1.2932
 279.000       0.7809
 280.000       0.7228
 281.000       0.5999
 282.000       0.5233
 283.000       0.5591
 284.000       0.7603
 285.000       0.7359
 286.000       0.5540
 287.000       0.4568
 288.000       0.4619
 289.000       0.4823
 290.000       0.4621
 291.000       0.5135
 292.000       0.5827
 293.000       0.5773
 294.000       0.5691
 295.000       0.5489
 296.000       0.5935
 297.000       0.6102
 298.000       0.6432
 299.000       0.6763
 300.000       0.6556
 301.000       0.6221
 302.000       0.5512
 303.000       0.5840
 304.000       0.6160
 305.000       0.7290
 306.000       0.7907
 307.000       0.9242
 308.000       0.9031
 309.000       0.8876
 310.000       1.0416
 311.000       1.6016
 312.000       2.1727
 313.000       2.8739
 314.000       2.4585
 315.000       2.2939
 316.000       1.7122
 317.000       1.3326
 318.000       1.1203
 319.000       1.1251
 320.000       1.0253
 321.000       0.9856
 322.000       0.8681
 323.000       0.7016
 324.000       0.6208
 325.000       0.5577
 326.000       0.5225
 327.000       0.4945
 328.000       0.4997
 329.000       0.5351
 330.000       0.4858
 331.000       0.4444
 332.000       0.4081
 333.000       0.4459
 334.000       0.4830
 335.000       0.4916
 336.000       0.4392
 337.000       0.4285
 338.000       0.4441
 339.000       0.5273
 340.000       0.6139
 341.000       0.6458
 342.000       0.5447
 343.000       0.6637
 344.000       0.6869
 345.000       0.8295
 346.000       0.7688
 347.000       0.8457
 348.000       0.7770
 349.000       0.8312
 350.000       0.9414
 351.000       1.0865
 352.000       1.4614
 353.000       1.7447
 354.000       1.7205
 355.000       1.9082
 356.000       2.2953
 357.000       2.1332
 358.000       1.7737
 359.000       1.3636
 360.000       1.0815
 361.000       0.9030
 362.000       0.7960
 363.000       0.6907
 364.000       0.5936
 365.000       0.4922
 366.000       0.4561
 367.000       0.4530
 368.000       0.4571
 369.000       0.4628
 370.000       0.5157
 371.000       0.5120
 372.000       0.5564
 373.000       0.5223
 374.000       0.4539
 375.000       0.4994
 376.000       0.5170
 377.000       0.5995
 378.000       0.7032
 379.000       0.7761
 380.000       0.8097
 381.000       0.9029
 382.000       0.9120
 383.000       0.9861
 384.000       1.0708
 385.000       0.9304
 386.000       0.9178
 387.000       0.8528
 388.000       0.8823
 389.000       0.8384
 390.000       0.7941
 391.000       0.7529
 392.000       0.6674
 393.000       0.6470
 394.000       0.8376
 395.000       0.9984
 396.000       0.7148
 397.000       0.6671
 398.000       0.4464
 399.000       0.5008
 400.000       0.4478
 401.000       0.6120
 402.000       0.5989
 403.000       0.5267
 404.000       0.4571
 405.000       0.4495
 406.000       0.5278
 407.000       0.5498
 408.000       0.7242
 409.000       0.8502
 410.000       0.9523
 411.000       1.0642
 412.000       1.0513
 413.000       1.1022
 414.000       0.8634
 415.000       0.6470
 416.000       0.5724
 417.000       0.5382
 418.000       0.5077
 419.000       0.5392
 420.000       0.6381
 421.000       0.7033
 422.000       0.7283
 423.000       0.6490
 424.000       0.6504
 425.000       0.7412
 426.000       0.7345
 427.000       0.7392
 428.000       0.9845
 429.000       1.0608
 430.000       1.0762
 431.000       1.4518
 432.000       1.6119
 433.000       3.9529
 434.000       1.8397
 435.000       1.2652
 436.000       1.2750
 437.000       1.2057
 438.000       0.9496
 439.000       0.8735
 440.000       0.9449
 441.000       0.8943
 442.000       0.8038
 443.000       0.8650
 444.000       0.9113
 445.000       0.8147
 446.000       0.8196
 447.000       0.9579
 448.000       1.0791
 449.000       0.9728
 450.000       0.8373
 451.000       0.7940
 452.000       0.6891
 453.000       0.6686
 454.000       0.7014
 455.000       0.7509
 456.000       0.9661
 457.000       1.1901
 458.000       1.3358
 459.000       1.0225
 460.000       0.8839
 461.000       0.7997
 462.000       0.8497
 463.000       0.8101
 464.000       0.6854
 465.000       0.6870
 466.000       0.7382
 467.000       0.7957
 468.000       0.8319
 469.000       0.8535
 470.000       1.0576
 471.000       1.2181
 472.000       1.2624
 473.000       1.3027
 474.000       1.4849
 475.000       1.2664
 476.000       1.1829
 477.000       1.0528
 478.000       0.8217
 479.000       0.7158
 480.000       0.5859
 481.000       0.5001
 482.000       0.4757
 483.000       0.4845
 484.000       0.4765
 485.000       0.4878
 486.000       0.5070
 487.000       0.5308
 488.000       0.5180
 489.000       0.6046
 490.000       0.6774
 491.000       0.6174
 492.000       0.5434
 493.000       0.5798
 494.000       0.6239
 495.000       0.5636
 496.000       0.5560
 497.000       0.6637
 498.000       0.7158
 499.000       0.6770
 500.000       0.6940
 501.000       0.9223
 502.000       0.7250
 503.000       0.6173
 504.000       0.5761
 505.000       0.5417
 506.000       0.4979
 507.000       0.4221
 508.000       0.4251
 509.000       0.4374
 510.000       0.4655
 511.000       0.4223
 512.000       0.4401
 513.000       0.5074
 514.000       0.5654
 515.000       0.6057
 516.000       0.5905
 517.000       0.5857
 518.000       0.5829
 519.000       0.5825
 520.000       0.5678
 521.000       0.5931
 522.000       0.6613
 523.000       0.7348
 524.000       0.7851
 525.000       0.8164
 526.000       0.6895
 527.000       0.5653
 528.000       0.4668
 529.000       0.4244
 530.000       0.4741
 531.000       0.5355
 532.000       0.5320
 533.000       0.5913
 534.000       0.6245
 535.000       0.5323
 536.000       0.5581
 537.000       0.6408
 538.000       0.6218
 539.000       0.6153
 540.000       0.7688
 541.000       0.8635
 542.000       0.9265
 543.000       1.0239
 544.000       0.8523
 545.000       0.8679
 546.000       0.8553
 547.000       0.8246
 548.000       0.6398
 549.000       0.5370
 550.000       0.4904
 551.000       0.4983
 552.000       0.4645
 553.000       0.4687
 554.000       0.4455
 555.000       0.4873
 556.000       0.5072
 557.000       0.5991
 558.000       0.6796
 559.000       0.6870
 560.000       0.6133
 561.000       0.6094
 562.000       0.6887
 563.000       0.6985
 564.000       0.7261
 565.000       0.8165
 566.000       0.8474
 567.000       0.8316
 568.000       0.8128
 569.000       0.6803
 570.000       0.7663
 571.000       0.5421
 572.000       0.4929
 573.000       0.4471
 574.000       0.4465
 575.000       0.4839
 576.000       0.5640
 577.000       0.6364
 578.000       0.6156
 579.000       0.5462
 580.000       0.5963
 581.000       0.7469
 582.000       0.7310
 583.000       0.6761
 584.000       0.8249
 585.000       0.9885
 586.000       0.8023
 587.000       0.7751
 588.000       1.1744
 589.000       0.9356
 590.000       0.6921
 591.000       0.5947
 592.000       0.5284
 593.000       0.4752
 594.000       0.4535
 595.000       0.4464
 596.000       0.5093
 597.000       0.6463
 598.000       0.7736
 599.000       0.9190
 600.000       0.7791
 601.000       0.8617
 602.000       0.9660
 603.000       0.8466
 604.000       0.8837
 605.000       0.7694
 606.000       0.6780
 607.000       0.5193
 608.000       0.5036
 609.000       0.5438
 610.000       0.5027
 611.000       0.4434
 612.000       0.5300
 613.000       0.5762
 614.000       0.6927
 615.000       0.8513
 616.000       1.0236
 617.000       0.7780
 618.000       0.6833
 619.000       0.6901
 620.000       0.6987
 621.000       0.6169
 622.000       0.6262
 623.000       0.6995
 624.000       0.6750
 625.000       0.6548
 626.000       0.7501
 627.000       0.7943
 628.000       0.7787
 629.000       0.7914
 630.000       0.6744
 631.000       0.6374
 632.000       0.5894
 633.000       0.5668
 634.000       0.5197
 635.000       0.4569
 636.000       0.4284
 637.000       0.4488
 638.000       0.5148
 639.000       0.5745
 640.000       0.5945
 641.000       0.6190
 642.000       0.7418
 643.000       0.7811
 644.000       0.8036
 645.000       0.8534
 646.000       0.8891
 647.000       0.8569
 648.000       0.7719
 649.000       0.7292
 650.000       0.7492
 651.000       0.7488
 652.000       0.6785
 653.000       0.6497
 654.000       0.7137
 655.000       0.7033
 656.000       0.6698
 657.000       0.7101
 658.000       0.7296
 659.000       0.6734
 660.000       0.7430
 661.000       0.8042
 662.000       0.7839
 663.000       0.7733
 664.000       0.8851
 665.000       0.9133
 666.000       0.8386
 667.000       0.8666
 668.000       0.7789
 669.000       0.9080
 670.000       0.7304
 671.000       0.6678
 672.000       0.5612
 673.000       0.4731
 674.000       0.4236
 675.000       0.4393
 676.000       0.4348
 677.000       0.5390
 678.000       0.7463
 679.000       0.5534
 680.000       0.5465
 681.000       0.7079
 682.000       0.6866
 683.000       0.7449
 684.000       0.8887
 685.000       0.9792
 686.000       1.1969
 687.000       0.9336
 688.000       0.8160
 689.000       0.6960
 690.000       0.7104
 691.000       0.8000
 692.000       0.7108
 693.000       0.6658
 694.000       0.7291
 695.000       0.7109
 696.000       0.6557
 697.000       0.6664
 698.000       0.7638
 699.000       0.7436
 700.000       0.6915
 701.000       0.8278
 702.000       0.8676
 703.000       0.7635
 704.000       0.7540
 705.000       0.9142
 706.000       1.0415
 707.000       1.1323
 708.000       1.0240
 709.000       0.9564
 710.000       0.7230
 711.000       0.6126
 712.000       0.5093
 713.000       0.4487
 714.000       0.4251
 715.000       0.4397
 716.000       0.4844
 717.000       0.4793
 718.000       0.4212
 719.000       0.4200
 720.000       0.4556
 721.000       0.4633
 722.000       0.4602
 723.000       0.4911
 724.000       0.4761
 725.000       0.4484
 726.000       0.4305
 727.000       0.4409
 728.000       0.4650
 729.000       0.4691
 730.000       0.4827
 731.000       0.4498
 732.000       0.4621
 733.000       0.4810
 734.000       0.5970
 735.000       0.6484
 736.000       0.8276
 737.000       1.0051
 738.000       1.5215
 739.000       2.0154
 740.000       3.0564
 741.000       3.3050
 742.000       3.9650
 743.000       4.9524
 744.000       5.8879
 745.000       5.7571
 746.000       4.5815
 747.000       3.8111
 748.000       4.1627
 749.000       3.9292
 750.000       2.8218
 751.000       2.3588
 752.000       2.1069
 753.000       1.4270
 754.000       1.0190
 755.000       0.7873
 756.000       0.6197
 757.000       0.5123
 758.000       0.4526
 759.000       0.4717
 760.000       0.4600
 761.000       0.4563
 762.000       0.4784
 763.000       0.4231
 764.000       0.4444
 765.000       0.4958
 766.000       0.5133
 767.000       0.4600
 768.000       0.4526
 769.000       0.4533
 770.000       0.4919
 771.000       0.5112
 772.000       0.5469
 773.000       0.5772
 774.000       0.6664
 775.000       0.6911
 776.000       0.7441
 777.000       0.7050
 778.000       0.6888
 779.000       0.6102
 780.000       0.6093
 781.000       0.6862
 782.000       0.9115
 783.000       1.5612
 784.000       1.8155
 785.000       1.6807
 786.000       1.7658
 787.000       2.0378
 788.000       1.8319
 789.000       1.4567
 790.000       1.2734
 791.000       1.1068
 792.000       0.9504
 793.000       0.8821
 794.000       0.7201
 795.000       0.6254
 796.000       0.5458
 797.000       0.5259
 798.000       0.5251
 799.000       0.5845
 800.000       0.5613
 801.000       0.6658
 802.000       0.6208
 803.000       0.6420
 804.000       0.5672
 805.000       0.5036
 806.000       0.5590
 807.000       0.5264
 808.000       0.6377
 809.000       0.7448
 810.000       0.7975
 811.000       0.8025
 812.000       0.8797
 813.000       0.8262
 814.000       0.8472
 815.000       0.8420
 816.000       0.7344
 817.000       0.7187
 818.000       0.6589
 819.000       0.6195
 820.000       0.5540
 821.000       0.5314
 822.000       0.5429
 823.000       0.4932
 824.000       0.4624
 825.000       0.5121
 826.000       0.5349
 827.000       0.4950
 828.000       0.5097
 829.000       0.4318
 830.000       0.4675
 831.000       0.4804
 832.000       0.5041
 833.000       0.5639
 834.000       0.5545
 835.000       0.4443
 836.000       0.4285
 837.000       0.4384
 838.000       0.4590
 839.000       0.5035
 840.000       0.6916
 841.000       0.6345
 842.000       0.6652
 843.000       0.6856
 844.000       0.6747
 845.000       0.6039
 846.000       0.5617
 847.000       0.5208
 848.000       0.5322
 849.000       0.5196
 850.000       0.5897
 851.000       0.6874
 852.000       0.7405
 853.000       0.7815
 854.000       0.6970
 855.000       0.6955
 856.000       0.7920
 857.000       0.8086
 858.000       0.8042
 859.000       0.9892
 860.000       1.0845
 861.000       1.0352
 862.000       1.3362
 863.000       1.7758
