#Res        AtomicFlx
   1.000       2.3680
   2.000       1.8580
   3.000       1.5321
   4.000       1.1735
   5.000       1.4018
   6.000       1.2069
   7.000       0.9861
   8.000       0.8839
   9.000       0.9371
  10.000       0.8864
  11.000       0.8013
  12.000       0.8933
  13.000       0.9647
  14.000       0.9008
  15.000       0.9564
  16.000       1.2726
  17.000       1.4661
  18.000       1.3100
  19.000       0.9836
  20.000       0.8829
  21.000       0.7392
  22.000       0.7115
  23.000       0.7121
  24.000       0.7358
  25.000       0.8995
  26.000       1.1031
  27.000       1.2931
  28.000       0.9276
  29.000       0.8110
  30.000       0.7299
  31.000       0.7484
  32.000       0.7189
  33.000       0.6577
  34.000       0.6727
  35.000       0.7073
  36.000       0.7293
  37.000       0.7105
  38.000       0.7199
  39.000       0.8175
  40.000       0.8557
  41.000       0.7895
  42.000       0.8008
  43.000       0.9230
  44.000       0.8369
  45.000       0.7489
  46.000       0.6860
  47.000       0.6388
  48.000       0.6356
  49.000       0.5645
  50.000       0.5031
  51.000       0.5016
  52.000       0.5223
  53.000       0.5168
  54.000       0.5092
  55.000       0.4974
  56.000       0.5037
  57.000       0.5117
  58.000       0.4845
  59.000       0.4869
  60.000       0.5163
  61.000       0.4982
  62.000       0.5158
  63.000       0.5479
  64.000       0.5234
  65.000       0.5070
  66.000       0.5784
  67.000       0.6387
  68.000       0.6082
  69.000       0.5958
  70.000       0.7081
  71.000       0.6404
  72.000       0.5502
  73.000       0.5398
  74.000       0.6601
  75.000       0.6446
  76.000       0.4800
  77.000       0.4791
  78.000       0.4922
  79.000       0.5089
  80.000       0.4545
  81.000       0.4464
  82.000       0.5014
  83.000       0.6042
  84.000       0.5931
  85.000       0.5491
  86.000       0.5411
  87.000       0.5394
  88.000       0.5527
  89.000       0.5412
  90.000       0.5371
  91.000       0.5810
  92.000       0.6592
  93.000       0.6436
  94.000       0.6397
  95.000       0.5404
  96.000       0.4753
  97.000       0.4458
  98.000       0.4461
  99.000       0.5393
 100.000       0.6333
 101.000       0.6699
 102.000       0.8097
 103.000       0.8210
 104.000       0.6826
 105.000       0.6974
 106.000       0.7723
 107.000       0.7030
 108.000       0.7199
 109.000       0.8952
 110.000       0.8906
 111.000       0.9314
 112.000       1.1278
 113.000       0.8541
 114.000       0.8233
 115.000       0.8425
 116.000       0.8025
 117.000       0.6213
 118.000       0.5363
 119.000       0.4779
 120.000       0.4773
 121.000       0.4675
 122.000       0.4685
 123.000       0.5559
 124.000       0.6089
 125.000       0.6103
 126.000       0.7183
 127.000       0.7862
 128.000       0.8233
 129.000       0.7016
 130.000       0.6872
 131.000       0.8056
 132.000       0.8048
 133.000       0.7376
 134.000       0.9570
 135.000       1.0810
 136.000       0.8762
 137.000       0.8924
 138.000       0.7433
 139.000       0.7191
 140.000       0.5741
 141.000       0.5066
 142.000       0.4816
 143.000       0.4948
 144.000       0.5418
 145.000       0.5942
 146.000       0.6497
 147.000       0.6668
 148.000       0.6040
 149.000       0.6542
 150.000       0.7426
 151.000       0.7095
 152.000       0.7113
 153.000       0.8630
 154.000       0.9593
 155.000       0.9222
 156.000       1.2700
 157.000       1.5458
 158.000       1.1885
 159.000       0.8813
 160.000       0.6693
 161.000       0.5749
 162.000       0.5210
 163.000       0.5060
 164.000       0.4810
 165.000       0.5247
 166.000       0.5972
 167.000       0.6144
 168.000       0.6952
 169.000       0.6426
 170.000       0.7054
 171.000       0.8013
 172.000       0.6742
 173.000       0.6787
 174.000       0.6100
 175.000       0.5934
 176.000       0.5476
 177.000       0.6154
 178.000       0.6229
 179.000       0.5494
 180.000       0.5384
 181.000       0.5576
 182.000       0.5759
 183.000       0.7070
 184.000       0.7892
 185.000       0.8462
 186.000       0.7505
 187.000       0.6846
 188.000       0.7603
 189.000       0.7814
 190.000       0.6823
 191.000       0.6767
 192.000       0.7357
 193.000       0.7325
 194.000       0.7081
 195.000       0.7864
 196.000       0.8513
 197.000       0.8389
 198.000       0.8510
 199.000       0.7476
 200.000       0.7596
 201.000       0.6868
 202.000       0.6183
 203.000       0.5782
 204.000       0.5187
 205.000       0.4921
 206.000       0.4729
 207.000       0.4824
 208.000       0.4877
 209.000       0.4738
 210.000       0.4994
 211.000       0.6744
 212.000       0.8504
 213.000       0.8184
 214.000       0.8146
 215.000       0.8670
 216.000       0.8493
 217.000       0.6828
 218.000       0.6168
 219.000       0.6762
 220.000       0.6991
 221.000       0.6229
 222.000       0.6202
 223.000       0.6939
 224.000       0.6717
 225.000       0.6403
 226.000       0.6972
 227.000       0.7097
 228.000       0.6859
 229.000       0.7326
 230.000       0.7947
 231.000       0.7672
 232.000       0.7823
 233.000       0.8961
 234.000       0.9314
 235.000       0.8889
 236.000       0.9085
 237.000       0.8403
 238.000       0.9613
 239.000       0.7768
 240.000       0.6916
 241.000       0.5969
 242.000       0.5154
 243.000       0.4798
 244.000       0.4750
 245.000       0.4555
 246.000       0.4857
 247.000       0.5074
 248.000       0.5407
 249.000       0.5621
 250.000       0.6476
 251.000       0.6517
 252.000       0.7194
 253.000       0.8790
 254.000       0.9245
 255.000       1.0033
 256.000       0.8159
 257.000       0.7233
 258.000       0.6155
 259.000       0.6610
 260.000       0.7490
 261.000       0.6789
 262.000       0.6482
 263.000       0.7221
 264.000       0.7285
 265.000       0.6671
 266.000       0.7214
 267.000       0.7617
 268.000       0.7033
 269.000       0.6728
 270.000       0.7607
 271.000       0.7859
 272.000       0.7264
 273.000       0.7558
 274.000       0.9550
 275.000       1.1776
 276.000       1.3218
 277.000       1.1374
 278.000       1.0345
 279.000       0.7416
 280.000       0.6257
 281.000       0.5338
 282.000       0.4937
 283.000       0.5518
 284.000       0.5666
 285.000       0.5720
 286.000       0.5050
 287.000       0.4256
 288.000       0.4184
 289.000       0.5132
 290.000       0.5347
 291.000       0.5465
 292.000       0.6180
 293.000       0.5545
 294.000       0.5198
 295.000       0.5027
 296.000       0.4887
 297.000       0.4849
 298.000       0.5176
 299.000       0.5073
 300.000       0.4300
 301.000       0.4552
 302.000       0.4708
 303.000       0.5206
 304.000       0.5520
 305.000       0.6464
 306.000       0.7321
 307.000       0.8566
 308.000       0.8528
 309.000       0.8225
 310.000       0.9064
 311.000       1.1883
 312.000       1.3446
 313.000       1.5327
 314.000       1.6714
 315.000       1.4817
 316.000       1.5421
 317.000       1.3257
 318.000       1.0880
 319.000       1.0901
 320.000       0.9621
 321.000       0.9536
 322.000       0.8264
 323.000       0.6688
 324.000       0.5567
 325.000       0.5044
 326.000       0.4506
 327.000       0.4271
 328.000       0.4460
 329.000       0.4864
 330.000       0.4733
 331.000       0.4630
 332.000       0.4540
 333.000       0.4885
 334.000       0.5047
 335.000       0.5161
 336.000       0.4757
 337.000       0.4675
 338.000       0.4787
 339.000       0.5169
 340.000       0.5521
 341.000       0.5567
 342.000       0.5248
 343.000       0.5734
 344.000       0.5862
 345.000       0.6250
 346.000       0.6411
 347.000       0.6283
 348.000       0.5875
 349.000       0.6370
 350.000       0.7126
 351.000       0.9127
 352.000       1.2478
 353.000       1.5617
 354.000       1.7741
 355.000       1.8514
 356.000       2.0774
 357.000       1.9709
 358.000       1.5376
 359.000       1.2069
 360.000       0.9173
 361.000       0.7311
 362.000       0.6789
 363.000       0.5692
 364.000       0.5251
 365.000       0.4798
 366.000       0.4811
 367.000       0.4707
 368.000       0.4614
 369.000       0.4728
 370.000       0.5836
 371.000       0.6065
 372.000       0.6626
 373.000       0.5764
 374.000       0.4878
 375.000       0.5077
 376.000       0.5102
 377.000       0.5674
 378.000       0.6344
 379.000       0.6492
 380.000       0.6516
 381.000       0.6980
 382.000       0.6849
 383.000       0.7376
 384.000       0.8518
 385.000       0.7153
 386.000       0.7128
 387.000       0.6031
 388.000       0.6214
 389.000       0.5734
 390.000       0.5432
 391.000       0.5530
 392.000       0.5071
 393.000       0.5173
 394.000       0.6678
 395.000       0.7960
 396.000       0.6834
 397.000       0.6594
 398.000       0.4568
 399.000       0.4228
 400.000       0.4422
 401.000       0.4763
 402.000       0.4824
 403.000       0.4773
 404.000       0.4594
 405.000       0.4664
 406.000       0.5422
 407.000       0.5249
 408.000       0.6122
 409.000       0.6666
 410.000       0.7388
 411.000       0.7936
 412.000       0.7154
 413.000       0.8208
 414.000       0.7155
 415.000       0.5879
 416.000       0.5265
 417.000       0.5588
 418.000       0.5530
 419.000       0.6132
 420.000       0.6911
 421.000       0.7338
 422.000       0.7354
 423.000       0.6442
 424.000       0.6530
 425.000       0.7380
 426.000       0.7209
 427.000       0.7184
 428.000       0.9300
 429.000       1.0458
 430.000       1.1319
 431.000       1.5440
 432.000       1.7848
 433.000       3.3844
 434.000       2.5874
 435.000       1.6577
 436.000       1.4327
 437.000       1.2612
 438.000       1.0092
 439.000       0.9153
 440.000       0.9679
 441.000       0.9247
 442.000       0.8393
 443.000       0.8852
 444.000       0.9242
 445.000       0.8670
 446.000       0.9019
 447.000       1.0401
 448.000       1.1533
 449.000       1.0015
 450.000       0.8578
 451.000       0.7914
 452.000       0.7131
 453.000       0.7059
 454.000       0.7352
 455.000       0.7599
 456.000       0.9789
 457.000       1.2376
 458.000       1.3313
 459.000       1.0182
 460.000       0.8372
 461.000       0.7314
 462.000       0.8156
 463.000       0.7721
 464.000       0.6929
 465.000       0.7303
 466.000       0.7569
 467.000       0.7394
 468.000       0.7439
 469.000       0.7840
 470.000       0.9606
 471.000       1.0699
 472.000       1.0321
 473.000       1.1515
 474.000       1.4704
 475.000       1.4374
 476.000       1.5152
 477.000       1.9631
 478.000       1.0233
 479.000       0.7487
 480.000       0.6264
 481.000       0.5108
 482.000       0.4830
 483.000       0.4939
 484.000       0.5010
 485.000       0.4994
 486.000       0.5283
 487.000       0.5731
 488.000       0.5413
 489.000       0.5262
 490.000       0.5533
 491.000       0.5728
 492.000       0.5217
 493.000       0.5298
 494.000       0.5863
 495.000       0.5654
 496.000       0.5368
 497.000       0.6088
 498.000       0.6817
 499.000       0.6236
 500.000       0.6023
 501.000       0.7141
 502.000       0.5963
 503.000       0.5432
 504.000       0.5132
 505.000       0.4689
 506.000       0.4325
 507.000       0.4179
 508.000       0.4242
 509.000       0.4464
 510.000       0.4830
 511.000       0.4495
 512.000       0.4872
 513.000       0.5139
 514.000       0.5519
 515.000       0.5990
 516.000       0.5938
 517.000       0.5426
 518.000       0.5336
 519.000       0.5809
 520.000       0.5731
 521.000       0.5445
 522.000       0.5823
 523.000       0.6627
 524.000       0.6668
 525.000       0.6498
 526.000       0.5214
 527.000       0.4489
 528.000       0.4118
 529.000       0.3902
 530.000       0.4367
 531.000       0.4819
 532.000       0.5124
 533.000       0.6055
 534.000       0.6499
 535.000       0.5603
 536.000       0.5672
 537.000       0.6596
 538.000       0.6393
 539.000       0.6149
 540.000       0.7665
 541.000       0.8852
 542.000       0.9081
 543.000       0.9618
 544.000       0.7349
 545.000       0.6942
 546.000       0.6796
 547.000       0.6513
 548.000       0.5072
 549.000       0.4439
 550.000       0.3975
 551.000       0.4084
 552.000       0.4062
 553.000       0.4065
 554.000       0.4246
 555.000       0.4684
 556.000       0.4568
 557.000       0.5370
 558.000       0.6127
 559.000       0.6325
 560.000       0.5730
 561.000       0.5612
 562.000       0.6276
 563.000       0.6461
 564.000       0.6193
 565.000       0.6673
 566.000       0.7464
 567.000       0.7108
 568.000       0.6672
 569.000       0.5636
 570.000       0.5210
 571.000       0.4473
 572.000       0.4060
 573.000       0.3890
 574.000       0.3968
 575.000       0.4246
 576.000       0.4667
 577.000       0.5114
 578.000       0.4935
 579.000       0.4856
 580.000       0.5555
 581.000       0.6158
 582.000       0.6258
 583.000       0.6393
 584.000       0.7779
 585.000       0.8452
 586.000       0.7133
 587.000       0.6682
 588.000       0.8455
 589.000       0.6876
 590.000       0.6135
 591.000       0.5228
 592.000       0.4564
 593.000       0.4175
 594.000       0.4169
 595.000       0.4180
 596.000       0.5035
 597.000       0.6514
 598.000       0.7301
 599.000       0.8456
 600.000       0.8214
 601.000       0.9089
 602.000       0.9424
 603.000       0.9586
 604.000       1.0770
 605.000       0.9571
 606.000       0.8388
 607.000       0.6479
 608.000       0.6246
 609.000       0.6517
 610.000       0.4839
 611.000       0.4608
 612.000       0.5119
 613.000       0.5657
 614.000       0.6767
 615.000       0.7833
 616.000       0.8228
 617.000       0.7180
 618.000       0.6798
 619.000       0.7617
 620.000       0.7461
 621.000       0.6181
 622.000       0.6432
 623.000       0.7491
 624.000       0.7132
 625.000       0.6703
 626.000       0.7812
 627.000       0.8546
 628.000       0.8163
 629.000       0.8362
 630.000       0.6892
 631.000       0.6237
 632.000       0.5739
 633.000       0.5278
 634.000       0.4872
 635.000       0.4448
 636.000       0.4273
 637.000       0.4825
 638.000       0.5528
 639.000       0.6445
 640.000       0.6942
 641.000       0.7531
 642.000       0.9835
 643.000       0.9785
 644.000       0.9797
 645.000       0.9793
 646.000       1.0409
 647.000       1.0547
 648.000       0.8817
 649.000       0.7652
 650.000       0.7989
 651.000       0.8071
 652.000       0.6771
 653.000       0.6457
 654.000       0.7354
 655.000       0.6917
 656.000       0.6114
 657.000       0.6921
 658.000       0.7445
 659.000       0.6763
 660.000       0.7255
 661.000       0.8571
 662.000       0.8533
 663.000       0.8502
 664.000       0.9873
 665.000       1.0123
 666.000       0.9153
 667.000       0.9569
 668.000       0.9184
 669.000       1.0443
 670.000       0.7784
 671.000       0.6620
 672.000       0.5777
 673.000       0.4685
 674.000       0.4240
 675.000       0.4423
 676.000       0.4537
 677.000       0.6221
 678.000       0.6266
 679.000       0.5423
 680.000       0.5748
 681.000       0.7370
 682.000       0.7464
 683.000       0.8407
 684.000       1.0081
 685.000       1.0436
 686.000       1.3174
 687.000       1.0863
 688.000       0.9348
 689.000       0.7477
 690.000       0.7619
 691.000       0.8669
 692.000       0.7884
 693.000       0.6984
 694.000       0.7973
 695.000       0.8077
 696.000       0.6868
 697.000       0.6845
 698.000       0.8097
 699.000       0.7853
 700.000       0.7223
 701.000       0.8714
 702.000       0.8993
 703.000       0.7558
 704.000       0.7544
 705.000       0.9223
 706.000       1.0466
 707.000       1.1588
 708.000       1.0685
 709.000       0.9897
 710.000       0.7204
 711.000       0.5757
 712.000       0.4637
 713.000       0.4119
 714.000       0.3980
 715.000       0.4060
 716.000       0.4552
 717.000       0.5255
 718.000       0.4812
 719.000       0.4553
 720.000       0.4642
 721.000       0.5540
 722.000       0.7062
 723.000       0.5546
 724.000       0.5121
 725.000       0.5185
 726.000       0.4833
 727.000       0.4728
 728.000       0.4837
 729.000       0.5009
 730.000       0.5248
 731.000       0.5152
 732.000       0.5472
 733.000       0.5514
 734.000       0.6070
 735.000       0.7027
 736.000       0.9166
 737.000       1.0334
 738.000       1.4374
 739.000       1.9560
 740.000       2.5003
 741.000       2.9700
 742.000       3.6196
 743.000       4.1262
 744.000       4.9296
 745.000       5.0114
 746.000       4.0650
 747.000       3.4453
 748.000       3.9421
 749.000       3.8039
 750.000       3.0079
 751.000       2.6344
 752.000       1.9341
 753.000       1.4642
 754.000       1.0873
 755.000       0.7929
 756.000       0.6588
 757.000       0.5503
 758.000       0.5112
 759.000       0.5213
 760.000       0.5363
 761.000       0.5093
 762.000       0.4853
 763.000       0.4504
 764.000       0.4763
 765.000       0.5138
 766.000       0.5238
 767.000       0.4950
 768.000       0.4916
 769.000       0.5193
 770.000       0.5549
 771.000       0.5698
 772.000       0.5976
 773.000       0.6738
 774.000       0.7852
 775.000       0.7527
 776.000       0.8847
 777.000       0.7934
 778.000       0.8264
 779.000       0.6819
 780.000       0.6821
 781.000       0.7400
 782.000       0.7020
 783.000       0.7817
 784.000       1.1471
 785.000       1.4317
 786.000       1.6744
 787.000       2.1171
 788.000       1.7510
 789.000       1.3680
 790.000       1.2150
 791.000       1.0748
 792.000       0.9692
 793.000       0.9631
 794.000       0.7774
 795.000       0.6119
 796.000       0.5433
 797.000       0.5505
 798.000       0.5351
 799.000       0.5663
 800.000       0.5679
 801.000       0.5929
 802.000       0.6219
 803.000       0.6033
 804.000       0.5301
 805.000       0.4807
 806.000       0.5182
 807.000       0.5432
 808.000       0.6548
 809.000       0.7130
 810.000       0.7730
 811.000       0.8367
 812.000       0.9189
 813.000       0.8366
 814.000       0.8601
 815.000       0.8967
 816.000       0.7536
 817.000       0.7626
 818.000       0.7557
 819.000       0.7136
 820.000       0.6067
 821.000       0.5536
 822.000       0.5463
 823.000       0.5137
 824.000       0.5108
 825.000       0.7469
 826.000       0.9406
 827.000       0.6881
 828.000       0.9159
 829.000       0.5331
 830.000       0.4675
 831.000       0.5179
 832.000       0.5268
 833.000       0.6352
 834.000       0.4941
 835.000       0.4828
 836.000       0.4705
 837.000       0.4710
 838.000       0.5045
 839.000       0.6671
 840.000       0.8352
 841.000       0.7598
 842.000       0.7153
 843.000       0.7194
 844.000       0.6994
 845.000       0.6139
 846.000       0.5630
 847.000       0.5226
 848.000       0.5486
 849.000       0.5500
 850.000       0.6268
 851.000       0.7424
 852.000       0.8211
 853.000       0.8765
 854.000       0.8362
 855.000       0.8208
 856.000       0.8088
 857.000       0.7676
 858.000       0.8069
 859.000       0.9565
 860.000       0.9664
 861.000       0.9077
 862.000       1.2417
 863.000       1.8698
