#Res        AtomicFlx
   1.000       2.0685
   2.000       1.4608
   3.000       1.1852
   4.000       0.9756
   5.000       1.0572
   6.000       1.0416
   7.000       0.8935
   8.000       0.8446
   9.000       0.8928
  10.000       0.8282
  11.000       0.7690
  12.000       0.8454
  13.000       0.8896
  14.000       0.8404
  15.000       0.9246
  16.000       1.3133
  17.000       1.3346
  18.000       1.0701
  19.000       0.8549
  20.000       0.7903
  21.000       0.6676
  22.000       0.6531
  23.000       0.6787
  24.000       0.7226
  25.000       0.8887
  26.000       1.0938
  27.000       1.2309
  28.000       0.9648
  29.000       0.8192
  30.000       0.7261
  31.000       0.7632
  32.000       0.7745
  33.000       0.7115
  34.000       0.6854
  35.000       0.7215
  36.000       0.7117
  37.000       0.6834
  38.000       0.6984
  39.000       0.7920
  40.000       0.8314
  41.000       0.7715
  42.000       0.7784
  43.000       0.9002
  44.000       0.8247
  45.000       0.7421
  46.000       0.6746
  47.000       0.6567
  48.000       0.6823
  49.000       0.6361
  50.000       0.5576
  51.000       0.5361
  52.000       0.5196
  53.000       0.5265
  54.000       0.5364
  55.000       0.5237
  56.000       0.5584
  57.000       0.5372
  58.000       0.4951
  59.000       0.5076
  60.000       0.5346
  61.000       0.4946
  62.000       0.5077
  63.000       0.5506
  64.000       0.5290
  65.000       0.5094
  66.000       0.5755
  67.000       0.6431
  68.000       0.6116
  69.000       0.5961
  70.000       0.6631
  71.000       0.5951
  72.000       0.5234
  73.000       0.4919
  74.000       0.5219
  75.000       0.5113
  76.000       0.4397
  77.000       0.4273
  78.000       0.4129
  79.000       0.4450
  80.000       0.4516
  81.000       0.4629
  82.000       0.5153
  83.000       0.6201
  84.000       0.6010
  85.000       0.5687
  86.000       0.5375
  87.000       0.5096
  88.000       0.5220
  89.000       0.5339
  90.000       0.5196
  91.000       0.5438
  92.000       0.6246
  93.000       0.6385
  94.000       0.6074
  95.000       0.5038
  96.000       0.4364
  97.000       0.4221
  98.000       0.4122
  99.000       0.4890
 100.000       0.5590
 101.000       0.6318
 102.000       0.7128
 103.000       0.7108
 104.000       0.5653
 105.000       0.5668
 106.000       0.6651
 107.000       0.6957
 108.000       0.7763
 109.000       0.8605
 110.000       0.8526
 111.000       1.0213
 112.000       1.1675
 113.000       0.9153
 114.000       1.0033
 115.000       1.2241
 116.000       1.2320
 117.000       0.7425
 118.000       0.5202
 119.000       0.4737
 120.000       0.5099
 121.000       0.4569
 122.000       0.4781
 123.000       0.5268
 124.000       0.5243
 125.000       0.5652
 126.000       0.6691
 127.000       0.7541
 128.000       0.8159
 129.000       0.7568
 130.000       0.7360
 131.000       0.8429
 132.000       0.8953
 133.000       0.8359
 134.000       0.9189
 135.000       1.0790
 136.000       1.0159
 137.000       0.8763
 138.000       0.7265
 139.000       0.7542
 140.000       0.6103
 141.000       0.5587
 142.000       0.4793
 143.000       0.4647
 144.000       0.4842
 145.000       0.5078
 146.000       0.5506
 147.000       0.5690
 148.000       0.5420
 149.000       0.6673
 150.000       0.8120
 151.000       0.7564
 152.000       0.7749
 153.000       0.9611
 154.000       1.1090
 155.000       1.1135
 156.000       1.1966
 157.000       1.2268
 158.000       1.0719
 159.000       0.8459
 160.000       0.7136
 161.000       0.5786
 162.000       0.5091
 163.000       0.4790
 164.000       0.4552
 165.000       0.4856
 166.000       0.5504
 167.000       0.6011
 168.000       0.6745
 169.000       0.6177
 170.000       0.6868
 171.000       0.6961
 172.000       0.6144
 173.000       0.6139
 174.000       0.5753
 175.000       0.5567
 176.000       0.5558
 177.000       0.6005
 178.000       0.5963
 179.000       0.4847
 180.000       0.5067
 181.000       0.5145
 182.000       0.5627
 183.000       0.6881
 184.000       0.7884
 185.000       0.8827
 186.000       0.7308
 187.000       0.6830
 188.000       0.7702
 189.000       0.7709
 190.000       0.6682
 191.000       0.6666
 192.000       0.7346
 193.000       0.7266
 194.000       0.7079
 195.000       0.7701
 196.000       0.8446
 197.000       0.8328
 198.000       0.8339
 199.000       0.7503
 200.000       0.7044
 201.000       0.6495
 202.000       0.6200
 203.000       0.5695
 204.000       0.4997
 205.000       0.4576
 206.000       0.4644
 207.000       0.4833
 208.000       0.4853
 209.000       0.4703
 210.000       0.4905
 211.000       0.6204
 212.000       0.7128
 213.000       0.7376
 214.000       0.7593
 215.000       0.7813
 216.000       0.7725
 217.000       0.6535
 218.000       0.6131
 219.000       0.6750
 220.000       0.6949
 221.000       0.6133
 222.000       0.5925
 223.000       0.6646
 224.000       0.6893
 225.000       0.6122
 226.000       0.6304
 227.000       0.6790
 228.000       0.6368
 229.000       0.6721
 230.000       0.7464
 231.000       0.7520
 232.000       0.7683
 233.000       0.8685
 234.000       0.8984
 235.000       0.8563
 236.000       0.8957
 237.000       0.8037
 238.000       0.9140
 239.000       0.7482
 240.000       0.6978
 241.000       0.5665
 242.000       0.4828
 243.000       0.4407
 244.000       0.4475
 245.000       0.4478
 246.000       0.4751
 247.000       0.4857
 248.000       0.5328
 249.000       0.5696
 250.000       0.6613
 251.000       0.6754
 252.000       0.7395
 253.000       0.8708
 254.000       0.8878
 255.000       1.0585
 256.000       0.8923
 257.000       0.7488
 258.000       0.6189
 259.000       0.6727
 260.000       0.7182
 261.000       0.6537
 262.000       0.6454
 263.000       0.7200
 264.000       0.7163
 265.000       0.6390
 266.000       0.6428
 267.000       0.7195
 268.000       0.6836
 269.000       0.6506
 270.000       0.7482
 271.000       0.7849
 272.000       0.7312
 273.000       0.7355
 274.000       0.9149
 275.000       1.1596
 276.000       1.3322
 277.000       1.1835
 278.000       1.0962
 279.000       0.7619
 280.000       0.6143
 281.000       0.4993
 282.000       0.4611
 283.000       0.4607
 284.000       0.4219
 285.000       0.4292
 286.000       0.4407
 287.000       0.4160
 288.000       0.4260
 289.000       0.5280
 290.000       0.5731
 291.000       0.6026
 292.000       0.6403
 293.000       0.5687
 294.000       0.5554
 295.000       0.5226
 296.000       0.5144
 297.000       0.5050
 298.000       0.5487
 299.000       0.5384
 300.000       0.4426
 301.000       0.4611
 302.000       0.4755
 303.000       0.5301
 304.000       0.5666
 305.000       0.7254
 306.000       0.8038
 307.000       1.1063
 308.000       1.1421
 309.000       1.2264
 310.000       1.8185
 311.000       2.5054
 312.000       2.8061
 313.000       2.9676
 314.000       3.1080
 315.000       2.4800
 316.000       2.0207
 317.000       1.8499
 318.000       1.3335
 319.000       1.2375
 320.000       1.0431
 321.000       1.1378
 322.000       0.9611
 323.000       0.7308
 324.000       0.6061
 325.000       0.5254
 326.000       0.4698
 327.000       0.4210
 328.000       0.4364
 329.000       0.4841
 330.000       0.4608
 331.000       0.4538
 332.000       0.4655
 333.000       0.4918
 334.000       0.4966
 335.000       0.5033
 336.000       0.4779
 337.000       0.4792
 338.000       0.5084
 339.000       0.5294
 340.000       0.5356
 341.000       0.5634
 342.000       0.5998
 343.000       0.6595
 344.000       0.7065
 345.000       0.7969
 346.000       0.7269
 347.000       0.7141
 348.000       0.6614
 349.000       0.6718
 350.000       0.7674
 351.000       1.0712
 352.000       1.4438
 353.000       1.8995
 354.000       2.2155
 355.000       2.5554
 356.000       2.6875
 357.000       2.4744
 358.000       1.9801
 359.000       1.3670
 360.000       0.9810
 361.000       0.7581
 362.000       0.6969
 363.000       0.6112
 364.000       0.5425
 365.000       0.4594
 366.000       0.4570
 367.000       0.4296
 368.000       0.4201
 369.000       0.4250
 370.000       0.4832
 371.000       0.4911
 372.000       0.5617
 373.000       0.5124
 374.000       0.4325
 375.000       0.4769
 376.000       0.4984
 377.000       0.5562
 378.000       0.6559
 379.000       0.7071
 380.000       0.7039
 381.000       0.7460
 382.000       0.7041
 383.000       0.7432
 384.000       0.8165
 385.000       0.6520
 386.000       0.6355
 387.000       0.5776
 388.000       0.5793
 389.000       0.5387
 390.000       0.5448
 391.000       0.5543
 392.000       0.5303
 393.000       0.5436
 394.000       0.8203
 395.000       1.0614
 396.000       0.8078
 397.000       0.7894
 398.000       0.5464
 399.000       0.4710
 400.000       0.4718
 401.000       0.4947
 402.000       0.5324
 403.000       0.4922
 404.000       0.5021
 405.000       0.4913
 406.000       0.5505
 407.000       0.5762
 408.000       0.6669
 409.000       0.7366
 410.000       0.7443
 411.000       0.7903
 412.000       0.7224
 413.000       0.8390
 414.000       0.7792
 415.000       0.6400
 416.000       0.5611
 417.000       0.5393
 418.000       0.5372
 419.000       0.5941
 420.000       0.7039
 421.000       0.7540
 422.000       0.8055
 423.000       0.7458
 424.000       0.6861
 425.000       0.7836
 426.000       0.8660
 427.000       0.7723
 428.000       0.9411
 429.000       1.1316
 430.000       1.3101
 431.000       2.4743
 432.000       3.6550
 433.000       2.0452
 434.000       1.5372
 435.000       1.1497
 436.000       1.1703
 437.000       1.1757
 438.000       1.0178
 439.000       0.9422
 440.000       1.0266
 441.000       0.9918
 442.000       0.8870
 443.000       0.9551
 444.000       1.0175
 445.000       0.9110
 446.000       0.9828
 447.000       1.1492
 448.000       1.1906
 449.000       1.0565
 450.000       0.9136
 451.000       0.8692
 452.000       0.7469
 453.000       0.7192
 454.000       0.7610
 455.000       0.8226
 456.000       1.0475
 457.000       1.2691
 458.000       1.4084
 459.000       1.0527
 460.000       0.8978
 461.000       0.7651
 462.000       0.8706
 463.000       0.8365
 464.000       0.6892
 465.000       0.6967
 466.000       0.7626
 467.000       0.7499
 468.000       0.7223
 469.000       0.7721
 470.000       0.9157
 471.000       0.9782
 472.000       1.0387
 473.000       1.3703
 474.000       1.7461
 475.000       1.3791
 476.000       1.1228
 477.000       0.9982
 478.000       0.7669
 479.000       0.6346
 480.000       0.5912
 481.000       0.5494
 482.000       0.5164
 483.000       0.5302
 484.000       0.5342
 485.000       0.5450
 486.000       0.5780
 487.000       0.6407
 488.000       0.5988
 489.000       0.5553
 490.000       0.5578
 491.000       0.5869
 492.000       0.5369
 493.000       0.5142
 494.000       0.5710
 495.000       0.5520
 496.000       0.5143
 497.000       0.6022
 498.000       0.6851
 499.000       0.6419
 500.000       0.6002
 501.000       0.7390
 502.000       0.6110
 503.000       0.5310
 504.000       0.5028
 505.000       0.4537
 506.000       0.4258
 507.000       0.4016
 508.000       0.4031
 509.000       0.4256
 510.000       0.4449
 511.000       0.4230
 512.000       0.4369
 513.000       0.5343
 514.000       0.5993
 515.000       0.6753
 516.000       0.6705
 517.000       0.5928
 518.000       0.5556
 519.000       0.5837
 520.000       0.5813
 521.000       0.5491
 522.000       0.5724
 523.000       0.6570
 524.000       0.6698
 525.000       0.6359
 526.000       0.5012
 527.000       0.4226
 528.000       0.3848
 529.000       0.3813
 530.000       0.4592
 531.000       0.5136
 532.000       0.5256
 533.000       0.5873
 534.000       0.6049
 535.000       0.5562
 536.000       0.5629
 537.000       0.6268
 538.000       0.6217
 539.000       0.6063
 540.000       0.7212
 541.000       0.7824
 542.000       0.8831
 543.000       0.9647
 544.000       0.7385
 545.000       0.7210
 546.000       0.6968
 547.000       0.6769
 548.000       0.5207
 549.000       0.4573
 550.000       0.4045
 551.000       0.3986
 552.000       0.3863
 553.000       0.3890
 554.000       0.4074
 555.000       0.4414
 556.000       0.4503
 557.000       0.5116
 558.000       0.5785
 559.000       0.5980
 560.000       0.5398
 561.000       0.5353
 562.000       0.6107
 563.000       0.6218
 564.000       0.5971
 565.000       0.6593
 566.000       0.7271
 567.000       0.7123
 568.000       0.6695
 569.000       0.5815
 570.000       0.5465
 571.000       0.4782
 572.000       0.4307
 573.000       0.4129
 574.000       0.4162
 575.000       0.4365
 576.000       0.4827
 577.000       0.5512
 578.000       0.5796
 579.000       0.5443
 580.000       0.5810
 581.000       0.6731
 582.000       0.6629
 583.000       0.6501
 584.000       0.7710
 585.000       0.8368
 586.000       0.7112
 587.000       0.6704
 588.000       0.8320
 589.000       0.7188
 590.000       0.6176
 591.000       0.5289
 592.000       0.4795
 593.000       0.4493
 594.000       0.4367
 595.000       0.4239
 596.000       0.4997
 597.000       0.5986
 598.000       0.6301
 599.000       0.6885
 600.000       0.6294
 601.000       0.7481
 602.000       0.8201
 603.000       0.7963
 604.000       0.8865
 605.000       0.7333
 606.000       0.6038
 607.000       0.5150
 608.000       0.5328
 609.000       0.5412
 610.000       0.4354
 611.000       0.4491
 612.000       0.4989
 613.000       0.5382
 614.000       0.6399
 615.000       0.7643
 616.000       0.8733
 617.000       0.7145
 618.000       0.6366
 619.000       0.6877
 620.000       0.6842
 621.000       0.5959
 622.000       0.6036
 623.000       0.6773
 624.000       0.6540
 625.000       0.6197
 626.000       0.7041
 627.000       0.7743
 628.000       0.7606
 629.000       0.7627
 630.000       0.6402
 631.000       0.6016
 632.000       0.5598
 633.000       0.5358
 634.000       0.5030
 635.000       0.4523
 636.000       0.4243
 637.000       0.4512
 638.000       0.4705
 639.000       0.5351
 640.000       0.5550
 641.000       0.6998
 642.000       0.8904
 643.000       0.8892
 644.000       1.0817
 645.000       0.9100
 646.000       0.9572
 647.000       0.9068
 648.000       0.7487
 649.000       0.7164
 650.000       0.7560
 651.000       0.7616
 652.000       0.6449
 653.000       0.6287
 654.000       0.7041
 655.000       0.6747
 656.000       0.6141
 657.000       0.6720
 658.000       0.7110
 659.000       0.6484
 660.000       0.6786
 661.000       0.7657
 662.000       0.7519
 663.000       0.7520
 664.000       0.8761
 665.000       0.8882
 666.000       0.8118
 667.000       0.8516
 668.000       0.7800
 669.000       0.9496
 670.000       0.7077
 671.000       0.6241
 672.000       0.5489
 673.000       0.4518
 674.000       0.4137
 675.000       0.4482
 676.000       0.4675
 677.000       0.7670
 678.000       0.6235
 679.000       0.5290
 680.000       0.6229
 681.000       0.7858
 682.000       0.8074
 683.000       0.8159
 684.000       0.9380
 685.000       0.9432
 686.000       1.0652
 687.000       1.0096
 688.000       0.8847
 689.000       0.7286
 690.000       0.7440
 691.000       0.8275
 692.000       0.7576
 693.000       0.6682
 694.000       0.7738
 695.000       0.7558
 696.000       0.6579
 697.000       0.6571
 698.000       0.7537
 699.000       0.7364
 700.000       0.7058
 701.000       0.8229
 702.000       0.8464
 703.000       0.7259
 704.000       0.7147
 705.000       0.8518
 706.000       0.9626
 707.000       1.0605
 708.000       0.9687
 709.000       0.9265
 710.000       0.6933
 711.000       0.5633
 712.000       0.4634
 713.000       0.4010
 714.000       0.3872
 715.000       0.3931
 716.000       0.4258
 717.000       0.4670
 718.000       0.4360
 719.000       0.4476
 720.000       0.4631
 721.000       0.4573
 722.000       0.4791
 723.000       0.5377
 724.000       0.5392
 725.000       0.5177
 726.000       0.5055
 727.000       0.5078
 728.000       0.5349
 729.000       0.5550
 730.000       0.5190
 731.000       0.4911
 732.000       0.5145
 733.000       0.5257
 734.000       0.5945
 735.000       0.6604
 736.000       0.7842
 737.000       0.8998
 738.000       1.1176
 739.000       1.5194
 740.000       2.0631
 741.000       2.2672
 742.000       2.4944
 743.000       2.6184
 744.000       3.0964
 745.000       3.1386
 746.000       2.4793
 747.000       2.2541
 748.000       2.4595
 749.000       2.0232
 750.000       1.4438
 751.000       1.4028
 752.000       1.2353
 753.000       1.0327
 754.000       0.8626
 755.000       0.7130
 756.000       0.6184
 757.000       0.5271
 758.000       0.4594
 759.000       0.4872
 760.000       0.5159
 761.000       0.4747
 762.000       0.5060
 763.000       0.4447
 764.000       0.4743
 765.000       0.4973
 766.000       0.5155
 767.000       0.4670
 768.000       0.4683
 769.000       0.4649
 770.000       0.5119
 771.000       0.6126
 772.000       0.6349
 773.000       0.5691
 774.000       0.6525
 775.000       0.6583
 776.000       0.8234
 777.000       0.7589
 778.000       0.8930
 779.000       0.7931
 780.000       0.8363
 781.000       1.0077
 782.000       1.0923
 783.000       1.1153
 784.000       1.2993
 785.000       1.3231
 786.000       1.6102
 787.000       2.0940
 788.000       1.7622
 789.000       1.3800
 790.000       1.2069
 791.000       1.0494
 792.000       0.9098
 793.000       0.8657
 794.000       0.7820
 795.000       0.6550
 796.000       0.5395
 797.000       0.4778
 798.000       0.4691
 799.000       0.4932
 800.000       0.5047
 801.000       0.5330
 802.000       0.5368
 803.000       0.6100
 804.000       0.6182
 805.000       0.4554
 806.000       0.5484
 807.000       0.5525
 808.000       0.6187
 809.000       0.7501
 810.000       0.8409
 811.000       0.8630
 812.000       0.8875
 813.000       0.8267
 814.000       0.8610
 815.000       0.8890
 816.000       0.7117
 817.000       0.6826
 818.000       0.6197
 819.000       0.6275
 820.000       0.5988
 821.000       0.6501
 822.000       0.6980
 823.000       0.6201
 824.000       0.5648
 825.000       0.5876
 826.000       0.5778
 827.000       0.5006
 828.000       0.4674
 829.000       0.4576
 830.000       0.6098
 831.000       0.5616
 832.000       0.6302
 833.000       0.5849
 834.000       0.5565
 835.000       0.5046
 836.000       0.4812
 837.000       0.4911
 838.000       0.4998
 839.000       0.6221
 840.000       0.7734
 841.000       0.7230
 842.000       0.7564
 843.000       0.8277
 844.000       0.7884
 845.000       0.6725
 846.000       0.5990
 847.000       0.5567
 848.000       0.5835
 849.000       0.5658
 850.000       0.6333
 851.000       0.7591
 852.000       0.8541
 853.000       0.8974
 854.000       0.8237
 855.000       0.8142
 856.000       0.8262
 857.000       0.7738
 858.000       0.8109
 859.000       0.9465
 860.000       0.9759
 861.000       0.9255
 862.000       1.3217
 863.000       2.3108
