#Res        AtomicFlx
   1.000       4.0514
   2.000       2.8602
   3.000       2.2771
   4.000       1.3072
   5.000       1.1531
   6.000       1.0812
   7.000       0.8930
   8.000       0.8144
   9.000       0.8394
  10.000       0.7886
  11.000       0.7331
  12.000       0.7879
  13.000       0.8202
  14.000       0.7706
  15.000       0.7963
  16.000       0.9979
  17.000       0.9754
  18.000       0.8089
  19.000       0.7162
  20.000       0.6962
  21.000       0.6282
  22.000       0.6183
  23.000       0.6386
  24.000       0.6743
  25.000       0.8290
  26.000       1.0482
  27.000       1.1920
  28.000       0.8917
  29.000       0.7647
  30.000       0.6790
  31.000       0.6714
  32.000       0.6601
  33.000       0.5809
  34.000       0.5572
  35.000       0.6104
  36.000       0.6530
  37.000       0.6292
  38.000       0.6540
  39.000       0.8397
  40.000       0.8993
  41.000       0.9491
  42.000       1.0448
  43.000       1.1228
  44.000       0.9680
  45.000       0.8181
  46.000       0.7463
  47.000       0.6808
  48.000       0.6553
  49.000       0.5772
  50.000       0.4789
  51.000       0.4800
  52.000       0.4897
  53.000       0.5311
  54.000       0.5208
  55.000       0.5253
  56.000       0.5525
  57.000       0.5107
  58.000       0.4605
  59.000       0.4641
  60.000       0.4901
  61.000       0.4622
  62.000       0.4612
  63.000       0.4894
  64.000       0.4843
  65.000       0.4684
  66.000       0.5246
  67.000       0.5959
  68.000       0.5660
  69.000       0.5365
  70.000       0.6042
  71.000       0.5458
  72.000       0.4838
  73.000       0.4710
  74.000       0.5120
  75.000       0.5170
  76.000       0.4445
  77.000       0.4352
  78.000       0.4282
  79.000       0.4707
  80.000       0.4324
  81.000       0.4288
  82.000       0.4668
  83.000       0.5398
  84.000       0.5379
  85.000       0.5021
  86.000       0.4793
  87.000       0.4784
  88.000       0.4900
  89.000       0.4773
  90.000       0.4741
  91.000       0.5248
  92.000       0.5828
  93.000       0.6138
  94.000       0.6510
  95.000       0.5212
  96.000       0.4573
  97.000       0.4177
  98.000       0.4048
  99.000       0.4329
 100.000       0.4839
 101.000       0.5484
 102.000       0.6381
 103.000       0.6150
 104.000       0.5037
 105.000       0.5108
 106.000       0.5944
 107.000       0.5975
 108.000       0.5757
 109.000       0.6303
 110.000       0.7115
 111.000       0.7614
 112.000       0.8504
 113.000       0.7091
 114.000       0.7056
 115.000       0.7588
 116.000       0.7895
 117.000       0.6052
 118.000       0.5003
 119.000       0.4654
 120.000       0.4512
 121.000       0.4301
 122.000       0.4503
 123.000       0.5331
 124.000       0.5505
 125.000       0.5178
 126.000       0.5717
 127.000       0.5920
 128.000       0.5832
 129.000       0.5588
 130.000       0.5491
 131.000       0.5865
 132.000       0.6083
 133.000       0.5764
 134.000       0.6278
 135.000       0.6916
 136.000       0.6776
 137.000       0.6555
 138.000       0.5882
 139.000       0.6369
 140.000       0.5502
 141.000       0.4919
 142.000       0.4614
 143.000       0.4691
 144.000       0.5369
 145.000       0.6283
 146.000       0.6652
 147.000       0.6646
 148.000       0.5417
 149.000       0.5861
 150.000       0.6812
 151.000       0.6217
 152.000       0.6250
 153.000       0.7256
 154.000       0.7820
 155.000       0.7690
 156.000       0.8182
 157.000       0.8693
 158.000       0.7904
 159.000       0.6688
 160.000       0.5914
 161.000       0.5004
 162.000       0.4661
 163.000       0.4629
 164.000       0.4598
 165.000       0.5600
 166.000       0.6752
 167.000       0.8218
 168.000       0.9988
 169.000       0.8973
 170.000       1.1347
 171.000       1.3146
 172.000       1.1635
 173.000       1.1625
 174.000       1.0343
 175.000       0.8692
 176.000       0.6244
 177.000       0.6271
 178.000       0.6364
 179.000       0.5294
 180.000       0.5271
 181.000       0.5541
 182.000       0.5824
 183.000       0.7041
 184.000       0.8027
 185.000       0.8760
 186.000       0.7485
 187.000       0.6863
 188.000       0.7453
 189.000       0.7639
 190.000       0.7003
 191.000       0.6660
 192.000       0.7043
 193.000       0.7112
 194.000       0.6854
 195.000       0.7597
 196.000       0.8458
 197.000       0.8267
 198.000       0.8048
 199.000       0.6695
 200.000       0.6495
 201.000       0.5843
 202.000       0.5331
 203.000       0.5113
 204.000       0.4705
 205.000       0.4606
 206.000       0.4896
 207.000       0.5364
 208.000       0.5821
 209.000       0.6279
 210.000       0.6778
 211.000       0.7642
 212.000       0.7695
 213.000       0.8938
 214.000       0.8232
 215.000       0.8015
 216.000       0.8242
 217.000       0.7498
 218.000       0.6927
 219.000       0.7266
 220.000       0.7752
 221.000       0.6830
 222.000       0.6587
 223.000       0.7326
 224.000       0.6959
 225.000       0.6617
 226.000       0.6877
 227.000       0.6974
 228.000       0.6620
 229.000       0.7335
 230.000       0.7884
 231.000       0.7633
 232.000       0.7518
 233.000       0.8565
 234.000       0.8856
 235.000       0.8281
 236.000       0.8540
 237.000       0.7720
 238.000       0.9065
 239.000       0.7190
 240.000       0.6580
 241.000       0.5365
 242.000       0.4697
 243.000       0.4367
 244.000       0.4563
 245.000       0.4753
 246.000       0.5272
 247.000       0.6080
 248.000       0.5369
 249.000       0.5546
 250.000       0.6559
 251.000       0.6115
 252.000       0.6694
 253.000       0.8216
 254.000       0.7986
 255.000       0.9156
 256.000       0.8020
 257.000       0.6636
 258.000       0.5784
 259.000       0.6258
 260.000       0.6705
 261.000       0.6147
 262.000       0.6097
 263.000       0.6972
 264.000       0.6901
 265.000       0.6084
 266.000       0.6051
 267.000       0.6785
 268.000       0.6709
 269.000       0.6335
 270.000       0.7190
 271.000       0.7665
 272.000       0.7347
 273.000       0.7174
 274.000       0.8356
 275.000       1.0338
 276.000       1.1435
 277.000       1.0600
 278.000       1.0128
 279.000       0.6806
 280.000       0.5872
 281.000       0.4869
 282.000       0.4331
 283.000       0.4234
 284.000       0.4365
 285.000       0.5183
 286.000       0.6004
 287.000       0.4671
 288.000       0.4468
 289.000       0.5048
 290.000       0.5266
 291.000       0.5253
 292.000       0.5485
 293.000       0.5237
 294.000       0.5207
 295.000       0.4685
 296.000       0.4488
 297.000       0.4381
 298.000       0.4713
 299.000       0.4561
 300.000       0.4015
 301.000       0.4334
 302.000       0.5022
 303.000       0.5701
 304.000       0.5959
 305.000       0.7155
 306.000       0.7533
 307.000       0.8846
 308.000       0.9570
 309.000       1.0385
 310.000       1.2317
 311.000       1.7279
 312.000       1.6939
 313.000       1.9544
 314.000       1.9090
 315.000       1.7039
 316.000       1.9348
 317.000       1.9016
 318.000       1.6112
 319.000       1.4857
 320.000       1.2041
 321.000       1.1066
 322.000       0.9007
 323.000       0.7288
 324.000       0.6210
 325.000       0.5574
 326.000       0.4794
 327.000       0.4295
 328.000       0.4246
 329.000       0.4358
 330.000       0.4289
 331.000       0.4402
 332.000       0.4557
 333.000       0.4964
 334.000       0.5127
 335.000       0.4889
 336.000       0.4766
 337.000       0.5069
 338.000       0.6040
 339.000       0.6468
 340.000       0.7543
 341.000       0.8707
 342.000       1.0960
 343.000       1.1297
 344.000       0.9249
 345.000       0.9534
 346.000       0.7756
 347.000       0.7678
 348.000       0.6220
 349.000       0.6181
 350.000       0.6533
 351.000       0.7610
 352.000       1.3129
 353.000       1.5158
 354.000       1.4145
 355.000       1.6018
 356.000       1.9060
 357.000       1.7618
 358.000       1.3299
 359.000       1.1155
 360.000       0.8990
 361.000       0.7441
 362.000       0.6950
 363.000       0.5935
 364.000       0.5550
 365.000       0.4790
 366.000       0.4549
 367.000       0.4336
 368.000       0.4275
 369.000       0.4662
 370.000       0.5679
 371.000       0.5543
 372.000       0.6074
 373.000       0.5982
 374.000       0.4902
 375.000       0.5208
 376.000       0.5372
 377.000       0.6204
 378.000       0.7597
 379.000       0.7550
 380.000       0.6918
 381.000       0.7369
 382.000       0.7101
 383.000       0.7497
 384.000       0.8134
 385.000       0.6380
 386.000       0.6227
 387.000       0.5553
 388.000       0.5217
 389.000       0.4733
 390.000       0.4871
 391.000       0.5078
 392.000       0.4646
 393.000       0.4745
 394.000       0.6181
 395.000       0.6455
 396.000       0.6102
 397.000       0.6001
 398.000       0.4680
 399.000       0.4499
 400.000       0.4752
 401.000       0.4965
 402.000       0.5435
 403.000       0.5612
 404.000       0.5187
 405.000       0.4992
 406.000       0.5196
 407.000       0.5192
 408.000       0.6360
 409.000       0.7015
 410.000       0.7432
 411.000       0.8676
 412.000       0.8278
 413.000       0.8688
 414.000       0.7310
 415.000       0.6146
 416.000       0.5278
 417.000       0.5288
 418.000       0.5261
 419.000       0.5807
 420.000       0.6734
 421.000       0.6895
 422.000       0.6909
 423.000       0.6220
 424.000       0.6230
 425.000       0.6872
 426.000       0.6551
 427.000       0.6623
 428.000       0.8837
 429.000       0.9528
 430.000       1.0064
 431.000       1.5507
 432.000       2.1922
 433.000       3.2551
 434.000       2.1149
 435.000       1.5233
 436.000       1.3812
 437.000       1.2998
 438.000       1.1216
 439.000       0.9701
 440.000       1.0003
 441.000       0.9946
 442.000       0.9169
 443.000       0.9252
 444.000       0.9618
 445.000       0.9023
 446.000       0.9139
 447.000       1.0038
 448.000       1.1579
 449.000       1.0650
 450.000       0.9084
 451.000       0.8280
 452.000       0.7117
 453.000       0.7047
 454.000       0.8188
 455.000       0.8495
 456.000       1.0435
 457.000       1.2017
 458.000       1.2676
 459.000       0.9826
 460.000       0.8447
 461.000       0.7043
 462.000       0.7226
 463.000       0.7376
 464.000       0.7212
 465.000       0.6890
 466.000       0.6799
 467.000       0.7199
 468.000       0.7318
 469.000       0.7145
 470.000       0.8370
 471.000       0.9287
 472.000       1.0389
 473.000       1.1980
 474.000       1.3059
 475.000       0.8599
 476.000       0.7222
 477.000       0.7572
 478.000       0.6432
 479.000       0.5747
 480.000       0.5220
 481.000       0.4795
 482.000       0.4563
 483.000       0.4716
 484.000       0.4937
 485.000       0.4840
 486.000       0.4888
 487.000       0.5020
 488.000       0.4779
 489.000       0.4661
 490.000       0.4852
 491.000       0.5038
 492.000       0.4719
 493.000       0.4775
 494.000       0.5240
 495.000       0.5166
 496.000       0.4975
 497.000       0.6169
 498.000       0.7190
 499.000       0.6923
 500.000       0.6598
 501.000       0.7745
 502.000       0.6759
 503.000       0.5711
 504.000       0.5143
 505.000       0.4481
 506.000       0.4419
 507.000       0.4007
 508.000       0.4137
 509.000       0.4178
 510.000       0.4585
 511.000       0.4377
 512.000       0.4604
 513.000       0.5248
 514.000       0.6037
 515.000       0.6294
 516.000       0.6059
 517.000       0.5774
 518.000       0.5521
 519.000       0.5805
 520.000       0.5572
 521.000       0.5216
 522.000       0.5710
 523.000       0.6448
 524.000       0.6261
 525.000       0.6231
 526.000       0.4984
 527.000       0.4264
 528.000       0.3895
 529.000       0.3810
 530.000       0.4421
 531.000       0.4850
 532.000       0.4977
 533.000       0.5574
 534.000       0.6377
 535.000       0.5638
 536.000       0.5448
 537.000       0.6214
 538.000       0.6528
 539.000       0.6318
 540.000       0.7193
 541.000       0.7953
 542.000       0.8360
 543.000       0.9319
 544.000       0.7357
 545.000       0.7295
 546.000       0.7273
 547.000       0.7198
 548.000       0.5549
 549.000       0.4755
 550.000       0.4168
 551.000       0.4047
 552.000       0.4059
 553.000       0.4019
 554.000       0.4437
 555.000       0.5228
 556.000       0.4588
 557.000       0.4808
 558.000       0.5283
 559.000       0.5790
 560.000       0.5368
 561.000       0.5082
 562.000       0.5532
 563.000       0.5749
 564.000       0.5982
 565.000       0.6559
 566.000       0.6873
 567.000       0.6867
 568.000       0.6697
 569.000       0.5704
 570.000       0.6280
 571.000       0.4936
 572.000       0.4274
 573.000       0.4093
 574.000       0.4049
 575.000       0.4301
 576.000       0.4895
 577.000       0.5449
 578.000       0.5415
 579.000       0.4750
 580.000       0.5295
 581.000       0.6574
 582.000       0.6068
 583.000       0.5930
 584.000       0.7739
 585.000       0.8570
 586.000       0.6973
 587.000       0.7235
 588.000       1.4212
 589.000       0.9560
 590.000       0.6789
 591.000       0.5934
 592.000       0.4889
 593.000       0.4358
 594.000       0.4214
 595.000       0.4169
 596.000       0.5038
 597.000       0.6627
 598.000       0.9374
 599.000       1.0513
 600.000       0.9852
 601.000       1.2882
 602.000       1.3024
 603.000       1.2883
 604.000       1.4031
 605.000       1.3090
 606.000       1.1325
 607.000       0.9411
 608.000       0.8536
 609.000       0.7607
 610.000       0.4890
 611.000       0.4718
 612.000       0.4838
 613.000       0.5316
 614.000       0.6546
 615.000       0.8033
 616.000       0.9568
 617.000       0.7558
 618.000       0.6428
 619.000       0.6809
 620.000       0.6775
 621.000       0.5771
 622.000       0.5987
 623.000       0.6776
 624.000       0.6405
 625.000       0.6252
 626.000       0.7350
 627.000       0.7886
 628.000       0.7550
 629.000       0.7788
 630.000       0.6678
 631.000       0.6063
 632.000       0.5397
 633.000       0.5475
 634.000       0.5177
 635.000       0.4763
 636.000       0.4779
 637.000       0.6066
 638.000       0.7997
 639.000       0.8617
 640.000       0.9706
 641.000       1.2503
 642.000       1.4305
 643.000       1.3355
 644.000       1.3152
 645.000       1.3021
 646.000       1.4134
 647.000       1.4648
 648.000       1.2014
 649.000       1.0317
 650.000       1.1011
 651.000       1.0671
 652.000       0.8578
 653.000       0.8129
 654.000       0.9151
 655.000       0.8361
 656.000       0.7206
 657.000       0.7779
 658.000       0.8003
 659.000       0.7307
 660.000       0.7764
 661.000       0.8452
 662.000       0.8458
 663.000       0.8354
 664.000       0.9944
 665.000       1.0021
 666.000       0.8895
 667.000       0.9592
 668.000       0.8393
 669.000       0.9666
 670.000       0.7525
 671.000       0.7215
 672.000       0.6164
 673.000       0.5221
 674.000       0.4660
 675.000       0.5315
 676.000       0.5683
 677.000       1.3016
 678.000       0.8057
 679.000       0.5930
 680.000       0.7313
 681.000       0.7895
 682.000       0.8533
 683.000       0.9993
 684.000       1.2350
 685.000       1.3037
 686.000       1.3703
 687.000       1.1918
 688.000       1.0353
 689.000       0.8562
 690.000       0.8520
 691.000       1.0222
 692.000       1.0566
 693.000       0.8962
 694.000       1.0438
 695.000       1.1128
 696.000       0.9472
 697.000       0.9458
 698.000       1.0679
 699.000       1.0103
 700.000       0.9165
 701.000       1.0649
 702.000       1.1271
 703.000       0.9911
 704.000       0.9215
 705.000       1.0668
 706.000       1.1964
 707.000       1.2774
 708.000       1.1571
 709.000       1.1053
 710.000       0.8310
 711.000       0.6590
 712.000       0.5461
 713.000       0.4513
 714.000       0.4254
 715.000       0.4399
 716.000       0.4652
 717.000       0.4863
 718.000       0.4479
 719.000       0.4449
 720.000       0.4455
 721.000       0.4482
 722.000       0.4687
 723.000       0.4929
 724.000       0.4798
 725.000       0.4652
 726.000       0.4405
 727.000       0.4456
 728.000       0.4558
 729.000       0.4646
 730.000       0.4743
 731.000       0.4647
 732.000       0.5495
 733.000       0.5955
 734.000       0.6839
 735.000       0.7210
 736.000       0.9123
 737.000       0.9285
 738.000       1.0727
 739.000       1.3709
 740.000       1.8555
 741.000       2.0274
 742.000       2.4866
 743.000       2.8151
 744.000       3.1360
 745.000       3.0672
 746.000       2.3814
 747.000       2.3090
 748.000       2.5669
 749.000       2.0738
 750.000       1.6025
 751.000       1.6955
 752.000       1.4344
 753.000       0.9943
 754.000       0.8191
 755.000       0.6930
 756.000       0.5812
 757.000       0.5232
 758.000       0.5042
 759.000       0.5043
 760.000       0.4771
 761.000       0.4567
 762.000       0.4657
 763.000       0.4500
 764.000       0.4551
 765.000       0.4812
 766.000       0.4720
 767.000       0.4397
 768.000       0.4637
 769.000       0.5043
 770.000       0.5520
 771.000       0.5663
 772.000       0.5274
 773.000       0.6373
 774.000       0.7489
 775.000       0.7596
 776.000       0.8681
 777.000       0.7499
 778.000       0.7833
 779.000       0.6581
 780.000       0.6779
 781.000       0.7514
 782.000       0.7532
 783.000       1.1042
 784.000       1.4706
 785.000       1.5508
 786.000       1.7890
 787.000       2.2395
 788.000       1.9457
 789.000       1.6260
 790.000       1.3966
 791.000       1.1277
 792.000       0.9412
 793.000       0.8328
 794.000       0.6893
 795.000       0.5649
 796.000       0.5091
 797.000       0.5523
 798.000       0.4862
 799.000       0.4846
 800.000       0.4590
 801.000       0.4982
 802.000       0.5257
 803.000       0.6486
 804.000       0.5827
 805.000       0.4591
 806.000       0.5279
 807.000       0.5187
 808.000       0.5528
 809.000       0.6495
 810.000       0.6830
 811.000       0.7365
 812.000       0.8694
 813.000       0.9147
 814.000       1.0308
 815.000       1.0743
 816.000       0.8306
 817.000       0.7738
 818.000       0.7225
 819.000       0.6590
 820.000       0.5717
 821.000       0.5182
 822.000       0.5256
 823.000       0.4950
 824.000       0.4882
 825.000       0.5337
 826.000       0.5061
 827.000       0.4559
 828.000       0.4754
 829.000       0.4680
 830.000       0.5072
 831.000       0.5110
 832.000       0.5370
 833.000       0.5407
 834.000       0.5301
 835.000       0.4534
 836.000       0.4539
 837.000       0.5062
 838.000       0.5250
 839.000       0.5693
 840.000       0.6819
 841.000       0.6851
 842.000       0.6584
 843.000       0.6475
 844.000       0.6245
 845.000       0.5471
 846.000       0.5138
 847.000       0.5007
 848.000       0.5528
 849.000       0.5396
 850.000       0.5858
 851.000       0.6715
 852.000       0.7704
 853.000       0.7804
 854.000       0.6929
 855.000       0.6972
 856.000       0.7522
 857.000       0.7173
 858.000       0.6905
 859.000       0.8166
 860.000       0.8643
 861.000       0.8921
 862.000       1.6529
 863.000       3.1205
