#Res        AtomicFlx
   1.000       4.0953
   2.000       3.0328
   3.000       2.2843
   4.000       1.7964
   5.000       1.8134
   6.000       1.3473
   7.000       1.0363
   8.000       1.0994
   9.000       1.0429
  10.000       0.9125
  11.000       1.0344
  12.000       1.1842
  13.000       1.1490
  14.000       1.3323
  15.000       1.4301
  16.000       1.3372
  17.000       1.4103
  18.000       1.1282
  19.000       0.9044
  20.000       0.8687
  21.000       0.7501
  22.000       0.7217
  23.000       0.7567
  24.000       0.7533
  25.000       0.9770
  26.000       1.3183
  27.000       1.6084
  28.000       1.1719
  29.000       0.9934
  30.000       0.8267
  31.000       0.8662
  32.000       0.8669
  33.000       0.7036
  34.000       0.6723
  35.000       0.7375
  36.000       0.7301
  37.000       0.6864
  38.000       0.7167
  39.000       0.8632
  40.000       0.8983
  41.000       0.9024
  42.000       1.0360
  43.000       1.1657
  44.000       0.9970
  45.000       0.8488
  46.000       0.7276
  47.000       0.6622
  48.000       0.6393
  49.000       0.5524
  50.000       0.4894
  51.000       0.4893
  52.000       0.4894
  53.000       0.5042
  54.000       0.5171
  55.000       0.5353
  56.000       0.5700
  57.000       0.5679
  58.000       0.5575
  59.000       0.5764
  60.000       0.5855
  61.000       0.5517
  62.000       0.5850
  63.000       0.6428
  64.000       0.6142
  65.000       0.6021
  66.000       0.7253
  67.000       0.7991
  68.000       0.7822
  69.000       0.7572
  70.000       0.8212
  71.000       0.7504
  72.000       0.6366
  73.000       0.5927
  74.000       0.7463
  75.000       0.7194
  76.000       0.4659
  77.000       0.4786
  78.000       0.4763
  79.000       0.5154
  80.000       0.4942
  81.000       0.5100
  82.000       0.5793
  83.000       0.5853
  84.000       0.5942
  85.000       0.5721
  86.000       0.5407
  87.000       0.5231
  88.000       0.5635
  89.000       0.5708
  90.000       0.5534
  91.000       0.6215
  92.000       0.7036
  93.000       0.7635
  94.000       0.8788
  95.000       0.7486
  96.000       0.5497
  97.000       0.4626
  98.000       0.4591
  99.000       0.5371
 100.000       0.5647
 101.000       0.5935
 102.000       0.6419
 103.000       0.6607
 104.000       0.5723
 105.000       0.5750
 106.000       0.6631
 107.000       0.6434
 108.000       0.6118
 109.000       0.6938
 110.000       0.7689
 111.000       0.7461
 112.000       0.8097
 113.000       0.6699
 114.000       0.6897
 115.000       0.7375
 116.000       0.7757
 117.000       0.6092
 118.000       0.5425
 119.000       0.4929
 120.000       0.4943
 121.000       0.5115
 122.000       0.5793
 123.000       0.7009
 124.000       0.8032
 125.000       0.6494
 126.000       0.6105
 127.000       0.6139
 128.000       0.6477
 129.000       0.6290
 130.000       0.6050
 131.000       0.6447
 132.000       0.6619
 133.000       0.6266
 134.000       0.6904
 135.000       0.7687
 136.000       0.7178
 137.000       0.6888
 138.000       0.6147
 139.000       0.6697
 140.000       0.6096
 141.000       0.6204
 142.000       0.5237
 143.000       0.5525
 144.000       0.6600
 145.000       0.7116
 146.000       0.7093
 147.000       0.6984
 148.000       0.6589
 149.000       0.8535
 150.000       0.8622
 151.000       0.6922
 152.000       0.7645
 153.000       1.0389
 154.000       1.0430
 155.000       0.8723
 156.000       0.9201
 157.000       1.0108
 158.000       1.0963
 159.000       0.8203
 160.000       0.6870
 161.000       0.5907
 162.000       0.5580
 163.000       0.6094
 164.000       0.6809
 165.000       0.7867
 166.000       0.8984
 167.000       1.0166
 168.000       1.0749
 169.000       1.0360
 170.000       1.1061
 171.000       1.2055
 172.000       1.1324
 173.000       1.1838
 174.000       1.0445
 175.000       0.9874
 176.000       0.8261
 177.000       0.8123
 178.000       1.0396
 179.000       0.7045
 180.000       0.7202
 181.000       0.7542
 182.000       0.7870
 183.000       0.9311
 184.000       1.0483
 185.000       1.1959
 186.000       1.0677
 187.000       0.9372
 188.000       0.9907
 189.000       0.9797
 190.000       0.8335
 191.000       0.8572
 192.000       0.9435
 193.000       0.8505
 194.000       0.8208
 195.000       0.9639
 196.000       1.0055
 197.000       0.9462
 198.000       0.9909
 199.000       0.8427
 200.000       0.8481
 201.000       0.7503
 202.000       0.6810
 203.000       0.6742
 204.000       0.6753
 205.000       0.6805
 206.000       0.6468
 207.000       0.7141
 208.000       0.8299
 209.000       0.8285
 210.000       1.0011
 211.000       1.1103
 212.000       1.1529
 213.000       1.2250
 214.000       1.1307
 215.000       1.0313
 216.000       1.0761
 217.000       0.9781
 218.000       0.8539
 219.000       0.9318
 220.000       0.9565
 221.000       0.8641
 222.000       0.8219
 223.000       0.9181
 224.000       0.9438
 225.000       0.8606
 226.000       0.9047
 227.000       0.9934
 228.000       0.9466
 229.000       0.9572
 230.000       1.0496
 231.000       1.0576
 232.000       1.0451
 233.000       1.1832
 234.000       1.2162
 235.000       1.0961
 236.000       1.1271
 237.000       1.0301
 238.000       1.0911
 239.000       0.8612
 240.000       0.7507
 241.000       0.6717
 242.000       0.6212
 243.000       0.6052
 244.000       0.6694
 245.000       0.7121
 246.000       0.8338
 247.000       1.0791
 248.000       0.9851
 249.000       1.1900
 250.000       1.4901
 251.000       1.2538
 252.000       1.0531
 253.000       1.3098
 254.000       1.4740
 255.000       1.8027
 256.000       1.2895
 257.000       0.9134
 258.000       0.7567
 259.000       0.7973
 260.000       0.8704
 261.000       0.8115
 262.000       0.7699
 263.000       0.8651
 264.000       0.8787
 265.000       0.8020
 266.000       0.8190
 267.000       0.9358
 268.000       0.9145
 269.000       0.8725
 270.000       0.9591
 271.000       1.0256
 272.000       0.9469
 273.000       0.8992
 274.000       1.0617
 275.000       1.2089
 276.000       1.3170
 277.000       1.2601
 278.000       1.2137
 279.000       0.9322
 280.000       0.7462
 281.000       0.6373
 282.000       0.5649
 283.000       0.5924
 284.000       0.6113
 285.000       0.6147
 286.000       0.6679
 287.000       0.5220
 288.000       0.5018
 289.000       0.5579
 290.000       0.5287
 291.000       0.5404
 292.000       0.5769
 293.000       0.5616
 294.000       0.5189
 295.000       0.4721
 296.000       0.4676
 297.000       0.4718
 298.000       0.4707
 299.000       0.4687
 300.000       0.4602
 301.000       0.5277
 302.000       0.6023
 303.000       0.6671
 304.000       0.6370
 305.000       0.7480
 306.000       0.8475
 307.000       0.9740
 308.000       0.9894
 309.000       1.0816
 310.000       1.0405
 311.000       1.2535
 312.000       1.4265
 313.000       1.6356
 314.000       1.8073
 315.000       1.6463
 316.000       1.7628
 317.000       1.8517
 318.000       1.5856
 319.000       1.4215
 320.000       1.1651
 321.000       1.0659
 322.000       0.8813
 323.000       0.7494
 324.000       0.6598
 325.000       0.6089
 326.000       0.5133
 327.000       0.4817
 328.000       0.4749
 329.000       0.4891
 330.000       0.4843
 331.000       0.4757
 332.000       0.4760
 333.000       0.4827
 334.000       0.5002
 335.000       0.5174
 336.000       0.5069
 337.000       0.5316
 338.000       0.5977
 339.000       0.6352
 340.000       0.6678
 341.000       0.7952
 342.000       0.9147
 343.000       0.9748
 344.000       0.9156
 345.000       0.9856
 346.000       0.8458
 347.000       0.8635
 348.000       0.6906
 349.000       0.6678
 350.000       0.7624
 351.000       1.0127
 352.000       1.3553
 353.000       1.6648
 354.000       1.9445
 355.000       1.8738
 356.000       2.0113
 357.000       1.9479
 358.000       1.6083
 359.000       1.3849
 360.000       1.1223
 361.000       0.9647
 362.000       0.8821
 363.000       0.7133
 364.000       0.6419
 365.000       0.5340
 366.000       0.4895
 367.000       0.4647
 368.000       0.4763
 369.000       0.5180
 370.000       0.6159
 371.000       0.6245
 372.000       0.6629
 373.000       0.6057
 374.000       0.5129
 375.000       0.5490
 376.000       0.5950
 377.000       0.6421
 378.000       0.7276
 379.000       0.7548
 380.000       0.7504
 381.000       0.8117
 382.000       0.7826
 383.000       0.8265
 384.000       0.8765
 385.000       0.7113
 386.000       0.7035
 387.000       0.6434
 388.000       0.5984
 389.000       0.5533
 390.000       0.5425
 391.000       0.5398
 392.000       0.4978
 393.000       0.4919
 394.000       0.6273
 395.000       0.6603
 396.000       0.5426
 397.000       0.5591
 398.000       0.5735
 399.000       0.5889
 400.000       0.5519
 401.000       0.5438
 402.000       0.5653
 403.000       0.5481
 404.000       0.4850
 405.000       0.4740
 406.000       0.4746
 407.000       0.5189
 408.000       0.6297
 409.000       0.7111
 410.000       0.7250
 411.000       0.8351
 412.000       0.8773
 413.000       0.7860
 414.000       0.6404
 415.000       0.5794
 416.000       0.5304
 417.000       0.5336
 418.000       0.5414
 419.000       0.5738
 420.000       0.7352
 421.000       0.9022
 422.000       0.9051
 423.000       0.7569
 424.000       0.7530
 425.000       0.8348
 426.000       0.8168
 427.000       0.8088
 428.000       1.0187
 429.000       1.1589
 430.000       1.4134
 431.000       1.8086
 432.000       3.0181
 433.000       2.9255
 434.000       1.9058
 435.000       1.3828
 436.000       1.6347
 437.000       1.6467
 438.000       1.1946
 439.000       0.9780
 440.000       1.0242
 441.000       0.9764
 442.000       0.8755
 443.000       0.9152
 444.000       0.9617
 445.000       0.8970
 446.000       0.8884
 447.000       1.0471
 448.000       1.1841
 449.000       1.0385
 450.000       0.8622
 451.000       0.8122
 452.000       0.7617
 453.000       0.7236
 454.000       0.7541
 455.000       0.8109
 456.000       1.0214
 457.000       1.1632
 458.000       1.2703
 459.000       1.0249
 460.000       0.8639
 461.000       0.6568
 462.000       0.7307
 463.000       0.7325
 464.000       0.6866
 465.000       0.7057
 466.000       0.7955
 467.000       0.8173
 468.000       0.7462
 469.000       0.8046
 470.000       0.9868
 471.000       1.0052
 472.000       0.9699
 473.000       1.2124
 474.000       1.2956
 475.000       1.0151
 476.000       0.8848
 477.000       0.8562
 478.000       0.6583
 479.000       0.6193
 480.000       0.5958
 481.000       0.5252
 482.000       0.4686
 483.000       0.4693
 484.000       0.4699
 485.000       0.4621
 486.000       0.4667
 487.000       0.4940
 488.000       0.4752
 489.000       0.4765
 490.000       0.5179
 491.000       0.5290
 492.000       0.4938
 493.000       0.5126
 494.000       0.5741
 495.000       0.5602
 496.000       0.5568
 497.000       0.6454
 498.000       0.7210
 499.000       0.6786
 500.000       0.6492
 501.000       0.7633
 502.000       0.6812
 503.000       0.6037
 504.000       0.5792
 505.000       0.5809
 506.000       0.5696
 507.000       0.4271
 508.000       0.4267
 509.000       0.4330
 510.000       0.4472
 511.000       0.4180
 512.000       0.4320
 513.000       0.4779
 514.000       0.5713
 515.000       0.6109
 516.000       0.5461
 517.000       0.5272
 518.000       0.5198
 519.000       0.5260
 520.000       0.5152
 521.000       0.5170
 522.000       0.5426
 523.000       0.6022
 524.000       0.6134
 525.000       0.6003
 526.000       0.5087
 527.000       0.4730
 528.000       0.4403
 529.000       0.4326
 530.000       0.4874
 531.000       0.5236
 532.000       0.5205
 533.000       0.6038
 534.000       0.6311
 535.000       0.5423
 536.000       0.5518
 537.000       0.6120
 538.000       0.6069
 539.000       0.6366
 540.000       0.7132
 541.000       0.7840
 542.000       0.9691
 543.000       1.0629
 544.000       0.8021
 545.000       0.7447
 546.000       0.7359
 547.000       0.7097
 548.000       0.5436
 549.000       0.4920
 550.000       0.4601
 551.000       0.4438
 552.000       0.4448
 553.000       0.4514
 554.000       0.4655
 555.000       0.4824
 556.000       0.4318
 557.000       0.4910
 558.000       0.5835
 559.000       0.6500
 560.000       0.6009
 561.000       0.5582
 562.000       0.6114
 563.000       0.6353
 564.000       0.6186
 565.000       0.6547
 566.000       0.7094
 567.000       0.7113
 568.000       0.7036
 569.000       0.6011
 570.000       0.5321
 571.000       0.4672
 572.000       0.4440
 573.000       0.4398
 574.000       0.4433
 575.000       0.4687
 576.000       0.5047
 577.000       0.5742
 578.000       0.6052
 579.000       0.5375
 580.000       0.5848
 581.000       0.6984
 582.000       0.6688
 583.000       0.6158
 584.000       0.7456
 585.000       0.8342
 586.000       0.7055
 587.000       0.6713
 588.000       1.0832
 589.000       0.7429
 590.000       0.5840
 591.000       0.5156
 592.000       0.4767
 593.000       0.4580
 594.000       0.4383
 595.000       0.4374
 596.000       0.5115
 597.000       0.6488
 598.000       0.8367
 599.000       1.0562
 600.000       0.9323
 601.000       1.0952
 602.000       1.2553
 603.000       1.2368
 604.000       1.2717
 605.000       1.1170
 606.000       0.9672
 607.000       0.7389
 608.000       0.6512
 609.000       0.6878
 610.000       0.5146
 611.000       0.4685
 612.000       0.5065
 613.000       0.5260
 614.000       0.6565
 615.000       0.8440
 616.000       1.0439
 617.000       0.8292
 618.000       0.6825
 619.000       0.6948
 620.000       0.7087
 621.000       0.6179
 622.000       0.6119
 623.000       0.6823
 624.000       0.6564
 625.000       0.6280
 626.000       0.7207
 627.000       0.7771
 628.000       0.7578
 629.000       0.7827
 630.000       0.6496
 631.000       0.6016
 632.000       0.5601
 633.000       0.5420
 634.000       0.5239
 635.000       0.4763
 636.000       0.4643
 637.000       0.5334
 638.000       0.6526
 639.000       0.7073
 640.000       1.0803
 641.000       1.4070
 642.000       1.2916
 643.000       1.1013
 644.000       1.1562
 645.000       1.0861
 646.000       1.0446
 647.000       1.0279
 648.000       0.9031
 649.000       0.7806
 650.000       0.8008
 651.000       0.7812
 652.000       0.6670
 653.000       0.6452
 654.000       0.7035
 655.000       0.6669
 656.000       0.6113
 657.000       0.6757
 658.000       0.7171
 659.000       0.6451
 660.000       0.6942
 661.000       0.8144
 662.000       0.7795
 663.000       0.7908
 664.000       0.9300
 665.000       0.9344
 666.000       0.8535
 667.000       0.9198
 668.000       0.8414
 669.000       0.9641
 670.000       0.7290
 671.000       0.6637
 672.000       0.5846
 673.000       0.5186
 674.000       0.4795
 675.000       0.5187
 676.000       0.5536
 677.000       1.2644
 678.000       0.8619
 679.000       0.6059
 680.000       0.6679
 681.000       0.7333
 682.000       0.7354
 683.000       0.7663
 684.000       0.9513
 685.000       1.0442
 686.000       1.2154
 687.000       1.1287
 688.000       1.0098
 689.000       0.8089
 690.000       0.8339
 691.000       0.9637
 692.000       0.8834
 693.000       0.7595
 694.000       0.8882
 695.000       0.9005
 696.000       0.7705
 697.000       0.7718
 698.000       0.8972
 699.000       0.8316
 700.000       0.7537
 701.000       0.9037
 702.000       0.9493
 703.000       0.8140
 704.000       0.7785
 705.000       0.9415
 706.000       1.1222
 707.000       1.2585
 708.000       1.1999
 709.000       1.2255
 710.000       0.8579
 711.000       0.6788
 712.000       0.5578
 713.000       0.4895
 714.000       0.4840
 715.000       0.4935
 716.000       0.5140
 717.000       0.5311
 718.000       0.4568
 719.000       0.4482
 720.000       0.5038
 721.000       0.4723
 722.000       0.4856
 723.000       0.5069
 724.000       0.4801
 725.000       0.4588
 726.000       0.4495
 727.000       0.4589
 728.000       0.4998
 729.000       0.5229
 730.000       0.5584
 731.000       0.5622
 732.000       0.6289
 733.000       0.6364
 734.000       0.6922
 735.000       0.7108
 736.000       0.8325
 737.000       0.9424
 738.000       1.3106
 739.000       1.6744
 740.000       2.2624
 741.000       2.3196
 742.000       2.6716
 743.000       3.0810
 744.000       3.4902
 745.000       3.1991
 746.000       2.7940
 747.000       2.5998
 748.000       2.5107
 749.000       2.0155
 750.000       1.7480
 751.000       1.8827
 752.000       1.6872
 753.000       1.1812
 754.000       0.9316
 755.000       0.7842
 756.000       0.6596
 757.000       0.5994
 758.000       0.5232
 759.000       0.5216
 760.000       0.5100
 761.000       0.4734
 762.000       0.4541
 763.000       0.4264
 764.000       0.4386
 765.000       0.4874
 766.000       0.4744
 767.000       0.4450
 768.000       0.4444
 769.000       0.4631
 770.000       0.5181
 771.000       0.5638
 772.000       0.5976
 773.000       0.6451
 774.000       0.7284
 775.000       0.7114
 776.000       0.8766
 777.000       0.7599
 778.000       0.7874
 779.000       0.7099
 780.000       0.7132
 781.000       0.7326
 782.000       0.7322
 783.000       0.9027
 784.000       1.3054
 785.000       1.5371
 786.000       1.9256
 787.000       2.5115
 788.000       2.4830
 789.000       1.8559
 790.000       1.5021
 791.000       1.2434
 792.000       1.0172
 793.000       0.9711
 794.000       0.8438
 795.000       0.7135
 796.000       0.6321
 797.000       0.6232
 798.000       0.5357
 799.000       0.5849
 800.000       0.5804
 801.000       0.7119
 802.000       0.6948
 803.000       0.7070
 804.000       0.6324
 805.000       0.5325
 806.000       0.5599
 807.000       0.5981
 808.000       0.8014
 809.000       0.9069
 810.000       0.9247
 811.000       0.9544
 812.000       1.0005
 813.000       0.9281
 814.000       0.9557
 815.000       0.9763
 816.000       0.8727
 817.000       0.8624
 818.000       0.7997
 819.000       0.7448
 820.000       0.6896
 821.000       0.6233
 822.000       0.5883
 823.000       0.5582
 824.000       0.5093
 825.000       0.5553
 826.000       0.5543
 827.000       0.4848
 828.000       0.4761
 829.000       0.4591
 830.000       0.5080
 831.000       0.4955
 832.000       0.4697
 833.000       0.4678
 834.000       0.4648
 835.000       0.4401
 836.000       0.4310
 837.000       0.4541
 838.000       0.4899
 839.000       0.5565
 840.000       0.6534
 841.000       0.5701
 842.000       0.5764
 843.000       0.6070
 844.000       0.6097
 845.000       0.5719
 846.000       0.5258
 847.000       0.4961
 848.000       0.5259
 849.000       0.5079
 850.000       0.5536
 851.000       0.6478
 852.000       0.7467
 853.000       0.7300
 854.000       0.6330
 855.000       0.6570
 856.000       0.7179
 857.000       0.6998
 858.000       0.7185
 859.000       0.9095
 860.000       0.9895
 861.000       0.9683
 862.000       1.4257
 863.000       2.4502
