#Res        AtomicFlx
   1.000       3.6565
   2.000       2.7635
   3.000       2.0484
   4.000       1.6768
   5.000       1.6568
   6.000       1.3502
   7.000       1.0670
   8.000       1.2050
   9.000       1.2078
  10.000       1.0134
  11.000       1.1265
  12.000       1.4048
  13.000       1.3385
  14.000       1.4371
  15.000       1.6286
  16.000       1.5899
  17.000       1.5924
  18.000       1.1949
  19.000       1.0023
  20.000       1.0128
  21.000       0.8729
  22.000       0.7838
  23.000       0.8748
  24.000       0.8826
  25.000       1.1058
  26.000       1.3985
  27.000       1.5747
  28.000       1.1351
  29.000       0.9371
  30.000       0.7841
  31.000       0.8635
  32.000       0.8253
  33.000       0.6789
  34.000       0.6843
  35.000       0.7328
  36.000       0.7001
  37.000       0.7179
  38.000       0.7840
  39.000       0.8630
  40.000       0.8762
  41.000       0.8241
  42.000       0.8596
  43.000       0.9701
  44.000       0.8859
  45.000       0.7807
  46.000       0.7061
  47.000       0.7001
  48.000       0.6843
  49.000       0.5901
  50.000       0.5148
  51.000       0.4824
  52.000       0.4908
  53.000       0.4969
  54.000       0.4922
  55.000       0.4770
  56.000       0.5005
  57.000       0.4970
  58.000       0.4940
  59.000       0.5314
  60.000       0.5476
  61.000       0.5132
  62.000       0.5321
  63.000       0.5926
  64.000       0.5650
  65.000       0.5662
  66.000       0.7046
  67.000       0.7786
  68.000       0.6934
  69.000       0.6408
  70.000       0.7141
  71.000       0.6206
  72.000       0.5630
  73.000       0.5542
  74.000       0.5222
  75.000       0.4981
  76.000       0.4397
  77.000       0.4270
  78.000       0.4660
  79.000       0.5424
  80.000       0.4604
  81.000       0.5070
  82.000       0.6313
  83.000       0.5970
  84.000       0.6108
  85.000       0.5468
  86.000       0.4942
  87.000       0.5187
  88.000       0.5692
  89.000       0.5368
  90.000       0.5226
  91.000       0.6124
  92.000       0.7183
  93.000       0.7248
  94.000       0.7504
  95.000       0.6067
  96.000       0.5480
  97.000       0.4715
  98.000       0.4439
  99.000       0.5291
 100.000       0.5157
 101.000       0.6043
 102.000       0.7690
 103.000       0.7151
 104.000       0.6113
 105.000       0.6303
 106.000       0.7120
 107.000       0.7103
 108.000       0.6757
 109.000       0.7925
 110.000       0.8508
 111.000       0.8367
 112.000       0.9597
 113.000       0.8068
 114.000       0.8182
 115.000       0.8308
 116.000       0.8151
 117.000       0.6613
 118.000       0.5786
 119.000       0.5180
 120.000       0.4925
 121.000       0.4718
 122.000       0.4600
 123.000       0.4842
 124.000       0.5061
 125.000       0.5227
 126.000       0.5476
 127.000       0.5932
 128.000       0.6732
 129.000       0.6643
 130.000       0.5874
 131.000       0.6220
 132.000       0.7108
 133.000       0.7084
 134.000       0.7191
 135.000       0.7961
 136.000       0.8188
 137.000       0.8034
 138.000       0.6551
 139.000       0.6017
 140.000       0.5557
 141.000       0.4952
 142.000       0.4396
 143.000       0.4295
 144.000       0.4858
 145.000       0.5507
 146.000       0.5713
 147.000       0.5351
 148.000       0.4737
 149.000       0.5053
 150.000       0.5586
 151.000       0.5406
 152.000       0.5443
 153.000       0.6535
 154.000       0.7436
 155.000       0.6499
 156.000       0.6661
 157.000       1.2537
 158.000       0.8366
 159.000       0.5988
 160.000       0.5613
 161.000       0.5130
 162.000       0.4758
 163.000       0.4733
 164.000       0.4748
 165.000       0.5367
 166.000       0.6121
 167.000       0.6340
 168.000       0.7102
 169.000       0.7434
 170.000       0.8514
 171.000       0.9719
 172.000       0.8829
 173.000       0.8417
 174.000       0.7767
 175.000       0.6779
 176.000       0.5258
 177.000       0.5424
 178.000       0.6250
 179.000       0.4974
 180.000       0.4753
 181.000       0.5615
 182.000       0.5879
 183.000       0.7238
 184.000       0.9263
 185.000       1.0722
 186.000       0.8529
 187.000       0.7640
 188.000       0.8289
 189.000       0.8158
 190.000       0.7103
 191.000       0.7122
 192.000       0.7636
 193.000       0.7146
 194.000       0.6918
 195.000       0.7832
 196.000       0.8096
 197.000       0.7690
 198.000       0.7952
 199.000       0.6995
 200.000       0.6562
 201.000       0.6253
 202.000       0.5831
 203.000       0.5555
 204.000       0.5230
 205.000       0.5063
 206.000       0.4861
 207.000       0.4700
 208.000       0.4942
 209.000       0.5494
 210.000       0.5917
 211.000       0.7208
 212.000       0.8218
 213.000       0.9182
 214.000       0.8493
 215.000       0.8305
 216.000       0.8471
 217.000       0.7298
 218.000       0.6542
 219.000       0.7355
 220.000       0.7606
 221.000       0.6844
 222.000       0.6881
 223.000       0.7643
 224.000       0.7555
 225.000       0.7291
 226.000       0.7875
 227.000       0.8273
 228.000       0.7898
 229.000       0.8438
 230.000       0.9089
 231.000       0.9100
 232.000       0.8889
 233.000       1.0451
 234.000       1.0990
 235.000       0.9932
 236.000       1.0171
 237.000       0.9222
 238.000       1.0200
 239.000       0.7771
 240.000       0.7063
 241.000       0.6482
 242.000       0.5743
 243.000       0.5027
 244.000       0.4871
 245.000       0.4710
 246.000       0.5002
 247.000       0.5858
 248.000       0.5372
 249.000       0.5993
 250.000       0.7577
 251.000       0.7020
 252.000       0.7680
 253.000       0.8568
 254.000       0.8373
 255.000       1.0489
 256.000       0.9532
 257.000       0.8114
 258.000       0.6523
 259.000       0.6881
 260.000       0.7424
 261.000       0.7079
 262.000       0.6658
 263.000       0.7266
 264.000       0.7282
 265.000       0.6941
 266.000       0.7328
 267.000       0.8235
 268.000       0.8122
 269.000       0.8062
 270.000       0.9575
 271.000       1.0009
 272.000       0.9268
 273.000       0.9326
 274.000       1.1446
 275.000       1.3945
 276.000       1.5113
 277.000       1.2876
 278.000       1.1903
 279.000       0.8761
 280.000       0.7668
 281.000       0.5938
 282.000       0.5145
 283.000       0.5028
 284.000       0.4961
 285.000       0.4971
 286.000       0.5223
 287.000       0.4525
 288.000       0.4594
 289.000       0.5052
 290.000       0.4669
 291.000       0.4688
 292.000       0.5170
 293.000       0.5006
 294.000       0.4540
 295.000       0.4452
 296.000       0.4566
 297.000       0.5060
 298.000       0.5489
 299.000       0.5533
 300.000       0.5231
 301.000       0.5512
 302.000       0.5761
 303.000       0.6300
 304.000       0.6358
 305.000       0.7290
 306.000       0.7720
 307.000       0.8886
 308.000       0.8583
 309.000       0.8154
 310.000       0.8600
 311.000       1.2634
 312.000       1.2876
 313.000       1.4894
 314.000       1.5294
 315.000       1.2639
 316.000       1.3350
 317.000       1.1796
 318.000       1.0309
 319.000       1.0470
 320.000       0.9497
 321.000       0.9757
 322.000       0.8373
 323.000       0.7013
 324.000       0.6259
 325.000       0.6109
 326.000       0.5477
 327.000       0.4738
 328.000       0.5022
 329.000       0.5253
 330.000       0.5018
 331.000       0.4442
 332.000       0.4445
 333.000       0.4910
 334.000       0.5104
 335.000       0.4952
 336.000       0.4578
 337.000       0.4601
 338.000       0.4684
 339.000       0.5140
 340.000       0.5618
 341.000       0.5189
 342.000       0.5576
 343.000       0.7091
 344.000       0.6440
 345.000       0.7280
 346.000       0.6854
 347.000       0.7416
 348.000       0.6495
 349.000       0.7199
 350.000       0.9636
 351.000       1.4277
 352.000       2.0840
 353.000       2.1021
 354.000       1.5115
 355.000       1.7135
 356.000       2.0541
 357.000       1.7165
 358.000       1.2766
 359.000       1.0732
 360.000       0.8745
 361.000       0.7385
 362.000       0.7052
 363.000       0.6118
 364.000       0.5482
 365.000       0.4787
 366.000       0.4460
 367.000       0.4143
 368.000       0.4303
 369.000       0.4307
 370.000       0.5105
 371.000       0.4596
 372.000       0.5028
 373.000       0.4602
 374.000       0.4160
 375.000       0.4989
 376.000       0.4979
 377.000       0.5290
 378.000       0.5776
 379.000       0.6241
 380.000       0.6355
 381.000       0.6691
 382.000       0.6638
 383.000       0.7348
 384.000       0.8313
 385.000       0.6957
 386.000       0.6645
 387.000       0.5963
 388.000       0.6177
 389.000       0.6061
 390.000       0.6334
 391.000       0.6385
 392.000       0.5599
 393.000       0.5101
 394.000       0.5339
 395.000       0.5552
 396.000       0.4776
 397.000       0.4594
 398.000       0.4143
 399.000       0.5002
 400.000       0.4774
 401.000       0.6174
 402.000       0.6029
 403.000       0.5320
 404.000       0.4899
 405.000       0.5137
 406.000       0.5960
 407.000       0.6259
 408.000       0.6901
 409.000       0.7624
 410.000       0.8451
 411.000       0.9013
 412.000       0.7838
 413.000       0.7526
 414.000       0.6402
 415.000       0.5599
 416.000       0.5283
 417.000       0.5414
 418.000       0.5379
 419.000       0.6114
 420.000       0.7023
 421.000       0.7783
 422.000       0.7853
 423.000       0.6848
 424.000       0.7074
 425.000       0.7891
 426.000       0.7313
 427.000       0.7296
 428.000       0.9029
 429.000       0.9266
 430.000       0.9083
 431.000       1.3221
 432.000       2.2075
 433.000       4.4907
 434.000       3.2009
 435.000       1.3947
 436.000       1.1654
 437.000       1.1177
 438.000       0.9483
 439.000       0.8829
 440.000       0.9210
 441.000       0.8586
 442.000       0.7892
 443.000       0.8410
 444.000       0.8808
 445.000       0.7971
 446.000       0.7954
 447.000       0.9148
 448.000       1.0341
 449.000       0.9143
 450.000       0.7670
 451.000       0.7572
 452.000       0.7017
 453.000       0.7162
 454.000       0.7304
 455.000       0.7687
 456.000       0.9517
 457.000       1.1990
 458.000       1.5004
 459.000       1.0988
 460.000       0.9220
 461.000       0.8368
 462.000       0.8599
 463.000       0.8160
 464.000       0.7192
 465.000       0.6941
 466.000       0.6927
 467.000       0.6958
 468.000       0.6805
 469.000       0.7076
 470.000       0.8419
 471.000       0.9259
 472.000       0.8832
 473.000       0.9850
 474.000       1.2673
 475.000       1.1470
 476.000       1.3350
 477.000       1.3379
 478.000       0.7494
 479.000       0.5978
 480.000       0.5500
 481.000       0.4938
 482.000       0.4701
 483.000       0.4871
 484.000       0.4935
 485.000       0.4964
 486.000       0.5157
 487.000       0.5462
 488.000       0.5148
 489.000       0.5012
 490.000       0.5260
 491.000       0.5443
 492.000       0.4998
 493.000       0.4874
 494.000       0.5436
 495.000       0.5259
 496.000       0.5206
 497.000       0.5854
 498.000       0.6457
 499.000       0.6166
 500.000       0.6194
 501.000       0.7325
 502.000       0.6346
 503.000       0.5736
 504.000       0.5506
 505.000       0.5671
 506.000       0.5672
 507.000       0.4044
 508.000       0.4106
 509.000       0.4465
 510.000       0.4922
 511.000       0.4276
 512.000       0.4437
 513.000       0.5165
 514.000       0.5573
 515.000       0.5674
 516.000       0.5360
 517.000       0.5192
 518.000       0.5084
 519.000       0.5349
 520.000       0.5074
 521.000       0.4990
 522.000       0.5617
 523.000       0.6270
 524.000       0.6211
 525.000       0.6372
 526.000       0.5191
 527.000       0.4525
 528.000       0.4172
 529.000       0.3918
 530.000       0.4189
 531.000       0.4807
 532.000       0.4875
 533.000       0.5418
 534.000       0.5938
 535.000       0.5395
 536.000       0.5344
 537.000       0.6169
 538.000       0.6753
 539.000       0.7031
 540.000       0.7629
 541.000       0.8216
 542.000       0.9530
 543.000       1.0460
 544.000       0.8214
 545.000       0.8463
 546.000       0.8142
 547.000       0.8110
 548.000       0.6280
 549.000       0.5269
 550.000       0.4493
 551.000       0.4929
 552.000       0.4834
 553.000       0.4411
 554.000       0.4431
 555.000       0.4828
 556.000       0.4175
 557.000       0.4801
 558.000       0.5443
 559.000       0.5780
 560.000       0.5361
 561.000       0.5086
 562.000       0.5586
 563.000       0.5980
 564.000       0.6140
 565.000       0.6756
 566.000       0.7349
 567.000       0.7478
 568.000       0.7144
 569.000       0.5946
 570.000       0.5881
 571.000       0.5130
 572.000       0.4675
 573.000       0.4448
 574.000       0.4383
 575.000       0.4682
 576.000       0.4999
 577.000       0.5360
 578.000       0.5420
 579.000       0.4872
 580.000       0.5801
 581.000       0.7123
 582.000       0.6672
 583.000       0.5887
 584.000       0.7713
 585.000       0.8840
 586.000       0.7338
 587.000       0.6646
 588.000       0.9590
 589.000       0.7353
 590.000       0.5804
 591.000       0.5508
 592.000       0.4958
 593.000       0.4643
 594.000       0.4493
 595.000       0.4549
 596.000       0.5205
 597.000       0.6355
 598.000       0.6458
 599.000       0.6407
 600.000       0.5964
 601.000       0.7430
 602.000       0.7454
 603.000       0.6636
 604.000       0.7038
 605.000       0.6234
 606.000       0.5941
 607.000       0.5052
 608.000       0.5573
 609.000       0.5713
 610.000       0.4515
 611.000       0.4685
 612.000       0.5148
 613.000       0.5614
 614.000       0.6943
 615.000       0.8389
 616.000       0.9246
 617.000       0.7631
 618.000       0.6899
 619.000       0.7848
 620.000       0.7519
 621.000       0.6354
 622.000       0.6599
 623.000       0.7585
 624.000       0.7265
 625.000       0.7115
 626.000       0.8266
 627.000       0.8963
 628.000       0.8678
 629.000       0.8970
 630.000       0.7772
 631.000       0.7703
 632.000       0.6197
 633.000       0.5415
 634.000       0.5088
 635.000       0.4702
 636.000       0.4445
 637.000       0.4607
 638.000       0.4890
 639.000       0.4992
 640.000       0.5180
 641.000       0.5720
 642.000       0.7355
 643.000       0.6205
 644.000       0.6212
 645.000       0.6512
 646.000       0.6755
 647.000       0.7099
 648.000       0.6587
 649.000       0.6004
 650.000       0.6264
 651.000       0.6643
 652.000       0.6160
 653.000       0.5926
 654.000       0.6682
 655.000       0.7060
 656.000       0.6521
 657.000       0.7022
 658.000       0.7523
 659.000       0.6987
 660.000       0.7470
 661.000       0.8330
 662.000       0.8134
 663.000       0.8049
 664.000       0.9676
 665.000       1.0212
 666.000       0.8980
 667.000       0.9279
 668.000       0.8385
 669.000       0.9512
 670.000       0.7298
 671.000       0.6558
 672.000       0.5791
 673.000       0.4918
 674.000       0.4435
 675.000       0.4623
 676.000       0.4626
 677.000       0.5391
 678.000       0.5668
 679.000       0.5117
 680.000       0.5134
 681.000       0.6007
 682.000       0.6725
 683.000       0.7567
 684.000       1.0113
 685.000       1.0152
 686.000       1.1235
 687.000       1.0289
 688.000       0.8840
 689.000       0.6788
 690.000       0.6882
 691.000       0.7611
 692.000       0.6713
 693.000       0.6192
 694.000       0.6599
 695.000       0.6735
 696.000       0.6376
 697.000       0.6267
 698.000       0.6846
 699.000       0.6742
 700.000       0.6474
 701.000       0.7599
 702.000       0.7927
 703.000       0.7217
 704.000       0.7185
 705.000       0.8738
 706.000       1.0223
 707.000       1.0950
 708.000       1.0277
 709.000       0.9886
 710.000       0.7371
 711.000       0.6290
 712.000       0.5049
 713.000       0.4494
 714.000       0.4426
 715.000       0.4492
 716.000       0.4743
 717.000       0.4878
 718.000       0.4381
 719.000       0.4288
 720.000       0.4483
 721.000       0.4532
 722.000       0.4737
 723.000       0.5040
 724.000       0.4861
 725.000       0.4656
 726.000       0.4448
 727.000       0.4373
 728.000       0.4529
 729.000       0.4429
 730.000       0.4868
 731.000       0.5120
 732.000       0.6359
 733.000       0.6810
 734.000       0.7533
 735.000       0.8064
 736.000       0.9555
 737.000       1.1324
 738.000       1.5215
 739.000       1.9623
 740.000       2.4472
 741.000       2.8544
 742.000       3.3105
 743.000       3.9975
 744.000       4.5479
 745.000       4.3713
 746.000       4.0477
 747.000       3.9415
 748.000       3.3656
 749.000       2.6576
 750.000       2.6920
 751.000       2.6458
 752.000       2.0714
 753.000       1.4694
 754.000       1.0269
 755.000       0.8164
 756.000       0.7180
 757.000       0.5977
 758.000       0.5322
 759.000       0.5085
 760.000       0.5150
 761.000       0.4786
 762.000       0.4903
 763.000       0.4646
 764.000       0.5600
 765.000       0.5278
 766.000       0.4956
 767.000       0.4460
 768.000       0.4551
 769.000       0.4590
 770.000       0.4801
 771.000       0.5034
 772.000       0.5172
 773.000       0.5097
 774.000       0.5770
 775.000       0.5969
 776.000       0.6851
 777.000       0.6177
 778.000       0.6683
 779.000       0.5614
 780.000       0.5338
 781.000       0.5548
 782.000       0.5920
 783.000       0.8195
 784.000       1.0453
 785.000       1.5035
 786.000       1.4942
 787.000       1.9305
 788.000       2.0232
 789.000       1.6712
 790.000       1.4507
 791.000       1.2471
 792.000       1.0338
 793.000       0.9509
 794.000       0.8028
 795.000       0.6621
 796.000       0.5236
 797.000       0.5423
 798.000       0.5177
 799.000       0.5074
 800.000       0.4931
 801.000       0.5673
 802.000       0.5643
 803.000       0.5882
 804.000       0.5770
 805.000       0.5124
 806.000       0.5352
 807.000       0.5263
 808.000       0.6026
 809.000       0.7676
 810.000       0.8459
 811.000       0.8837
 812.000       0.9973
 813.000       0.9449
 814.000       0.9584
 815.000       0.9838
 816.000       0.7311
 817.000       0.7305
 818.000       0.6933
 819.000       0.6382
 820.000       0.5391
 821.000       0.4744
 822.000       0.4781
 823.000       0.4696
 824.000       0.4591
 825.000       0.5817
 826.000       0.5268
 827.000       0.4821
 828.000       0.4687
 829.000       0.4652
 830.000       0.4888
 831.000       0.4816
 832.000       0.5202
 833.000       0.5521
 834.000       0.5359
 835.000       0.5632
 836.000       0.5363
 837.000       0.5003
 838.000       0.5363
 839.000       0.5390
 840.000       0.6953
 841.000       0.7749
 842.000       0.8887
 843.000       0.9587
 844.000       0.8200
 845.000       0.6545
 846.000       0.5453
 847.000       0.5067
 848.000       0.5295
 849.000       0.5364
 850.000       0.5917
 851.000       0.6527
 852.000       0.6984
 853.000       0.6957
 854.000       0.6203
 855.000       0.6355
 856.000       0.6969
 857.000       0.6781
 858.000       0.6806
 859.000       0.8537
 860.000       0.8979
 861.000       0.8627
 862.000       1.3106
 863.000       2.1789
