#Res        AtomicFlx
   1.000       2.6613
   2.000       2.2580
   3.000       2.0569
   4.000       1.5235
   5.000       1.5543
   6.000       1.4032
   7.000       1.0761
   8.000       0.9248
   9.000       0.9612
  10.000       0.9037
  11.000       0.8433
  12.000       0.8833
  13.000       0.9163
  14.000       0.8451
  15.000       0.8418
  16.000       0.9906
  17.000       1.0085
  18.000       0.8467
  19.000       0.7663
  20.000       0.7828
  21.000       0.7394
  22.000       0.7781
  23.000       0.8023
  24.000       0.8379
  25.000       1.0039
  26.000       1.1810
  27.000       1.3209
  28.000       1.0136
  29.000       0.8719
  30.000       0.7734
  31.000       0.8503
  32.000       0.8015
  33.000       0.7036
  34.000       0.6962
  35.000       0.7059
  36.000       0.6880
  37.000       0.7104
  38.000       0.7617
  39.000       0.8858
  40.000       0.9302
  41.000       0.9193
  42.000       0.9482
  43.000       1.0657
  44.000       0.9087
  45.000       0.8307
  46.000       0.7261
  47.000       0.6575
  48.000       0.6747
  49.000       0.5810
  50.000       0.4941
  51.000       0.4687
  52.000       0.4789
  53.000       0.5104
  54.000       0.5448
  55.000       0.5689
  56.000       0.5997
  57.000       0.5799
  58.000       0.5680
  59.000       0.5740
  60.000       0.5929
  61.000       0.5478
  62.000       0.5396
  63.000       0.5692
  64.000       0.5568
  65.000       0.5299
  66.000       0.5942
  67.000       0.6677
  68.000       0.6736
  69.000       0.5803
  70.000       0.6424
  71.000       0.6431
  72.000       0.5630
  73.000       0.5193
  74.000       0.4706
  75.000       0.4489
  76.000       0.4231
  77.000       0.4400
  78.000       0.4436
  79.000       0.4732
  80.000       0.4360
  81.000       0.4317
  82.000       0.4923
  83.000       0.5213
  84.000       0.5504
  85.000       0.5335
  86.000       0.5167
  87.000       0.5186
  88.000       0.5522
  89.000       0.5491
  90.000       0.5406
  91.000       0.6065
  92.000       0.7251
  93.000       0.7283
  94.000       0.7232
  95.000       0.5923
  96.000       0.4853
  97.000       0.4341
  98.000       0.4302
  99.000       0.4686
 100.000       0.4852
 101.000       0.4790
 102.000       0.5060
 103.000       0.5290
 104.000       0.5058
 105.000       0.5248
 106.000       0.6138
 107.000       0.6228
 108.000       0.5718
 109.000       0.6348
 110.000       0.6803
 111.000       0.6974
 112.000       0.7987
 113.000       0.6598
 114.000       0.6677
 115.000       0.6742
 116.000       0.6627
 117.000       0.5512
 118.000       0.5042
 119.000       0.4672
 120.000       0.4750
 121.000       0.4429
 122.000       0.4314
 123.000       0.4660
 124.000       0.4770
 125.000       0.4598
 126.000       0.4852
 127.000       0.5076
 128.000       0.5066
 129.000       0.4887
 130.000       0.4945
 131.000       0.5324
 132.000       0.5568
 133.000       0.5812
 134.000       0.6251
 135.000       0.6646
 136.000       0.6406
 137.000       0.6313
 138.000       0.5764
 139.000       0.6687
 140.000       0.5536
 141.000       0.5573
 142.000       0.5098
 143.000       0.5054
 144.000       0.5560
 145.000       0.5972
 146.000       0.6369
 147.000       0.5786
 148.000       0.5311
 149.000       0.5893
 150.000       0.6477
 151.000       0.6151
 152.000       0.5952
 153.000       0.7142
 154.000       0.8064
 155.000       0.7223
 156.000       0.7174
 157.000       1.3049
 158.000       0.8881
 159.000       0.6335
 160.000       0.5985
 161.000       0.5606
 162.000       0.5298
 163.000       0.5338
 164.000       0.5437
 165.000       0.5834
 166.000       0.6886
 167.000       0.8188
 168.000       0.9295
 169.000       0.9014
 170.000       1.0626
 171.000       1.2617
 172.000       1.1877
 173.000       1.2541
 174.000       1.1286
 175.000       0.9750
 176.000       0.7715
 177.000       0.7396
 178.000       0.7306
 179.000       0.5678
 180.000       0.5831
 181.000       0.6671
 182.000       0.6714
 183.000       0.8465
 184.000       0.9987
 185.000       1.0764
 186.000       0.9217
 187.000       0.8009
 188.000       0.8908
 189.000       0.8534
 190.000       0.7380
 191.000       0.7688
 192.000       0.8574
 193.000       0.7902
 194.000       0.7679
 195.000       0.8786
 196.000       0.9260
 197.000       0.8859
 198.000       0.9215
 199.000       0.8004
 200.000       0.7129
 201.000       0.6649
 202.000       0.6215
 203.000       0.5907
 204.000       0.5395
 205.000       0.5259
 206.000       0.5381
 207.000       0.6031
 208.000       0.7269
 209.000       0.7978
 210.000       0.8105
 211.000       0.8445
 212.000       0.9244
 213.000       0.9868
 214.000       0.8892
 215.000       0.8117
 216.000       0.8306
 217.000       0.7942
 218.000       0.7511
 219.000       0.7964
 220.000       0.8010
 221.000       0.6951
 222.000       0.6772
 223.000       0.7662
 224.000       0.7620
 225.000       0.6990
 226.000       0.7547
 227.000       0.8215
 228.000       0.7680
 229.000       0.8062
 230.000       0.9103
 231.000       0.8923
 232.000       0.8856
 233.000       1.0193
 234.000       1.0592
 235.000       0.9788
 236.000       0.9969
 237.000       0.9269
 238.000       1.0069
 239.000       0.7914
 240.000       0.6929
 241.000       0.6055
 242.000       0.5382
 243.000       0.5075
 244.000       0.5198
 245.000       0.5338
 246.000       0.5816
 247.000       0.6625
 248.000       0.6192
 249.000       0.6994
 250.000       0.9075
 251.000       0.8422
 252.000       1.0046
 253.000       1.1370
 254.000       1.0814
 255.000       1.2376
 256.000       1.0176
 257.000       0.8616
 258.000       0.7137
 259.000       0.7571
 260.000       0.7929
 261.000       0.7494
 262.000       0.7207
 263.000       0.7888
 264.000       0.8129
 265.000       0.7280
 266.000       0.7262
 267.000       0.7966
 268.000       0.7845
 269.000       0.7572
 270.000       0.8430
 271.000       0.8918
 272.000       0.8088
 273.000       0.7877
 274.000       0.9248
 275.000       1.1764
 276.000       1.3533
 277.000       1.1835
 278.000       1.0775
 279.000       0.7993
 280.000       0.6639
 281.000       0.5528
 282.000       0.4699
 283.000       0.4444
 284.000       0.4653
 285.000       0.4852
 286.000       0.5413
 287.000       0.4957
 288.000       0.4653
 289.000       0.4830
 290.000       0.5033
 291.000       0.5326
 292.000       0.5442
 293.000       0.5360
 294.000       0.4787
 295.000       0.4631
 296.000       0.4622
 297.000       0.4630
 298.000       0.5006
 299.000       0.5191
 300.000       0.4776
 301.000       0.5207
 302.000       0.5865
 303.000       0.6416
 304.000       0.6345
 305.000       0.7886
 306.000       0.8940
 307.000       1.0269
 308.000       0.9653
 309.000       0.8714
 310.000       0.9214
 311.000       1.1929
 312.000       1.7976
 313.000       2.8125
 314.000       3.2156
 315.000       2.2890
 316.000       1.5646
 317.000       1.3182
 318.000       1.1788
 319.000       1.1847
 320.000       1.0703
 321.000       1.1165
 322.000       1.0288
 323.000       0.8198
 324.000       0.6720
 325.000       0.5637
 326.000       0.5026
 327.000       0.4742
 328.000       0.4764
 329.000       0.5048
 330.000       0.4884
 331.000       0.4394
 332.000       0.4043
 333.000       0.4315
 334.000       0.4524
 335.000       0.4538
 336.000       0.4008
 337.000       0.4002
 338.000       0.4154
 339.000       0.4439
 340.000       0.4774
 341.000       0.4933
 342.000       0.5511
 343.000       0.6349
 344.000       0.6171
 345.000       0.7567
 346.000       0.7478
 347.000       0.7983
 348.000       0.6324
 349.000       0.6557
 350.000       0.7992
 351.000       0.9594
 352.000       1.0731
 353.000       1.3609
 354.000       1.5269
 355.000       1.5904
 356.000       1.9379
 357.000       1.7792
 358.000       1.3400
 359.000       1.1617
 360.000       0.9503
 361.000       0.8035
 362.000       0.7565
 363.000       0.6039
 364.000       0.5117
 365.000       0.4353
 366.000       0.4361
 367.000       0.4259
 368.000       0.4509
 369.000       0.4793
 370.000       0.5957
 371.000       0.5230
 372.000       0.4942
 373.000       0.4654
 374.000       0.4159
 375.000       0.4670
 376.000       0.4867
 377.000       0.5405
 378.000       0.6351
 379.000       0.6955
 380.000       0.7105
 381.000       0.7989
 382.000       0.8070
 383.000       0.8700
 384.000       0.9400
 385.000       0.7848
 386.000       0.7400
 387.000       0.6471
 388.000       0.6025
 389.000       0.5622
 390.000       0.5657
 391.000       0.5557
 392.000       0.4802
 393.000       0.4588
 394.000       0.5254
 395.000       0.5399
 396.000       0.4734
 397.000       0.4860
 398.000       0.4533
 399.000       0.4531
 400.000       0.4434
 401.000       0.4889
 402.000       0.4659
 403.000       0.4397
 404.000       0.4308
 405.000       0.4568
 406.000       0.5026
 407.000       0.5185
 408.000       0.7119
 409.000       0.8333
 410.000       0.8712
 411.000       0.8906
 412.000       0.7318
 413.000       0.7132
 414.000       0.6179
 415.000       0.5413
 416.000       0.5194
 417.000       0.5561
 418.000       0.5986
 419.000       0.7041
 420.000       0.8101
 421.000       0.8123
 422.000       0.7879
 423.000       0.7083
 424.000       0.7233
 425.000       0.7703
 426.000       0.7306
 427.000       0.7310
 428.000       0.9189
 429.000       0.9420
 430.000       0.9230
 431.000       1.8060
 432.000       3.3974
 433.000       2.1611
 434.000       1.7908
 435.000       1.2769
 436.000       1.3926
 437.000       1.3675
 438.000       1.1111
 439.000       1.0716
 440.000       1.1851
 441.000       1.0633
 442.000       0.9263
 443.000       1.1289
 444.000       1.1778
 445.000       1.0522
 446.000       1.2191
 447.000       1.4848
 448.000       1.3142
 449.000       1.1193
 450.000       0.9742
 451.000       0.8975
 452.000       0.7329
 453.000       0.6780
 454.000       0.7025
 455.000       0.7422
 456.000       0.9608
 457.000       1.1697
 458.000       1.2881
 459.000       0.9851
 460.000       0.8532
 461.000       0.7792
 462.000       0.8635
 463.000       0.8306
 464.000       0.7213
 465.000       0.7559
 466.000       0.7830
 467.000       0.7283
 468.000       0.6913
 469.000       0.7373
 470.000       0.8212
 471.000       0.8333
 472.000       0.7761
 473.000       0.8745
 474.000       1.0042
 475.000       0.8094
 476.000       0.6650
 477.000       0.6513
 478.000       0.5424
 479.000       0.5316
 480.000       0.5208
 481.000       0.5068
 482.000       0.5032
 483.000       0.5404
 484.000       0.5491
 485.000       0.5551
 486.000       0.5949
 487.000       0.6247
 488.000       0.5735
 489.000       0.5504
 490.000       0.5896
 491.000       0.5929
 492.000       0.5375
 493.000       0.5481
 494.000       0.5897
 495.000       0.5618
 496.000       0.5351
 497.000       0.6392
 498.000       0.7039
 499.000       0.6307
 500.000       0.6132
 501.000       0.7208
 502.000       0.6235
 503.000       0.5719
 504.000       0.6016
 505.000       0.7562
 506.000       0.7850
 507.000       0.4946
 508.000       0.4826
 509.000       0.4685
 510.000       0.4788
 511.000       0.5202
 512.000       0.5572
 513.000       0.6899
 514.000       0.7149
 515.000       0.8228
 516.000       0.7893
 517.000       0.6486
 518.000       0.5954
 519.000       0.6594
 520.000       0.6738
 521.000       0.6183
 522.000       0.6508
 523.000       0.8114
 524.000       0.7893
 525.000       0.7783
 526.000       0.6133
 527.000       0.4995
 528.000       0.4281
 529.000       0.4188
 530.000       0.4786
 531.000       0.5602
 532.000       0.5313
 533.000       0.6029
 534.000       0.6681
 535.000       0.5883
 536.000       0.6170
 537.000       0.7080
 538.000       0.6932
 539.000       0.7260
 540.000       0.8714
 541.000       0.8775
 542.000       0.9078
 543.000       1.0184
 544.000       0.7273
 545.000       0.6844
 546.000       0.6941
 547.000       0.7053
 548.000       0.5562
 549.000       0.4787
 550.000       0.4348
 551.000       0.4476
 552.000       0.4750
 553.000       0.4783
 554.000       0.5189
 555.000       0.7124
 556.000       0.6889
 557.000       0.6229
 558.000       0.6234
 559.000       0.6271
 560.000       0.5646
 561.000       0.5133
 562.000       0.5612
 563.000       0.5919
 564.000       0.6239
 565.000       0.6643
 566.000       0.6797
 567.000       0.6909
 568.000       0.6711
 569.000       0.6010
 570.000       0.5787
 571.000       0.4868
 572.000       0.4601
 573.000       0.4313
 574.000       0.4231
 575.000       0.4425
 576.000       0.4871
 577.000       0.5567
 578.000       0.6032
 579.000       0.5606
 580.000       0.5815
 581.000       0.6586
 582.000       0.5904
 583.000       0.5539
 584.000       0.6822
 585.000       0.7596
 586.000       0.6559
 587.000       0.6621
 588.000       1.2864
 589.000       0.8270
 590.000       0.6015
 591.000       0.5291
 592.000       0.4842
 593.000       0.4545
 594.000       0.4357
 595.000       0.4368
 596.000       0.5009
 597.000       0.6517
 598.000       0.6426
 599.000       0.6273
 600.000       0.5963
 601.000       0.6974
 602.000       0.7404
 603.000       0.7492
 604.000       0.8232
 605.000       0.7398
 606.000       0.6259
 607.000       0.5114
 608.000       0.5402
 609.000       0.5660
 610.000       0.4731
 611.000       0.4781
 612.000       0.5414
 613.000       0.5481
 614.000       0.6865
 615.000       0.8240
 616.000       0.8720
 617.000       0.7461
 618.000       0.6691
 619.000       0.7368
 620.000       0.7386
 621.000       0.6257
 622.000       0.6415
 623.000       0.7251
 624.000       0.6821
 625.000       0.6370
 626.000       0.7492
 627.000       0.8083
 628.000       0.7678
 629.000       0.7760
 630.000       0.6605
 631.000       0.6184
 632.000       0.5818
 633.000       0.5601
 634.000       0.5315
 635.000       0.4772
 636.000       0.4394
 637.000       0.4570
 638.000       0.4852
 639.000       0.4979
 640.000       0.5355
 641.000       0.6417
 642.000       0.8129
 643.000       0.7511
 644.000       0.9982
 645.000       0.7667
 646.000       0.6959
 647.000       0.7465
 648.000       0.6558
 649.000       0.6183
 650.000       0.6713
 651.000       0.6936
 652.000       0.6536
 653.000       0.6270
 654.000       0.7209
 655.000       0.7994
 656.000       0.7244
 657.000       0.7495
 658.000       0.8079
 659.000       0.7621
 660.000       0.7731
 661.000       0.8072
 662.000       0.8285
 663.000       0.8430
 664.000       0.9375
 665.000       0.9877
 666.000       0.9508
 667.000       0.9699
 668.000       0.8579
 669.000       0.9488
 670.000       0.7374
 671.000       0.6402
 672.000       0.5814
 673.000       0.4990
 674.000       0.4558
 675.000       0.4725
 676.000       0.5004
 677.000       0.6474
 678.000       0.6817
 679.000       0.5642
 680.000       0.5833
 681.000       0.7625
 682.000       0.8473
 683.000       0.8863
 684.000       1.0670
 685.000       1.1138
 686.000       1.4685
 687.000       1.1062
 688.000       0.8898
 689.000       0.6994
 690.000       0.7189
 691.000       0.7841
 692.000       0.6750
 693.000       0.6270
 694.000       0.6844
 695.000       0.6909
 696.000       0.6377
 697.000       0.6243
 698.000       0.6935
 699.000       0.6897
 700.000       0.6637
 701.000       0.7648
 702.000       0.8050
 703.000       0.7518
 704.000       0.7257
 705.000       0.8454
 706.000       0.9520
 707.000       1.0640
 708.000       0.9993
 709.000       0.9558
 710.000       0.7140
 711.000       0.6151
 712.000       0.5032
 713.000       0.4582
 714.000       0.4881
 715.000       0.5257
 716.000       0.5308
 717.000       0.5898
 718.000       0.4911
 719.000       0.4488
 720.000       0.5004
 721.000       0.5711
 722.000       0.6142
 723.000       0.6610
 724.000       0.5952
 725.000       0.5864
 726.000       0.5235
 727.000       0.5045
 728.000       0.4943
 729.000       0.4921
 730.000       0.4762
 731.000       0.4314
 732.000       0.4367
 733.000       0.4506
 734.000       0.5341
 735.000       0.6463
 736.000       0.8897
 737.000       0.9809
 738.000       1.2339
 739.000       1.5570
 740.000       2.1617
 741.000       2.1571
 742.000       2.3441
 743.000       2.3264
 744.000       2.5567
 745.000       2.5760
 746.000       2.3560
 747.000       2.4239
 748.000       2.0812
 749.000       1.5596
 750.000       1.6075
 751.000       1.5627
 752.000       1.2399
 753.000       1.0848
 754.000       0.8965
 755.000       0.7347
 756.000       0.5884
 757.000       0.4790
 758.000       0.4310
 759.000       0.4613
 760.000       0.4507
 761.000       0.4421
 762.000       0.4385
 763.000       0.4241
 764.000       0.4571
 765.000       0.4905
 766.000       0.4995
 767.000       0.4908
 768.000       0.4871
 769.000       0.5046
 770.000       0.5288
 771.000       0.5452
 772.000       0.5758
 773.000       0.6295
 774.000       0.6803
 775.000       0.6854
 776.000       0.9249
 777.000       0.8547
 778.000       1.0102
 779.000       0.7416
 780.000       1.0191
 781.000       1.5343
 782.000       2.1275
 783.000       2.3695
 784.000       2.7129
 785.000       2.8642
 786.000       2.7526
 787.000       2.7640
 788.000       2.0415
 789.000       1.5317
 790.000       1.2322
 791.000       1.0494
 792.000       0.8628
 793.000       0.7832
 794.000       0.6781
 795.000       0.5963
 796.000       0.5128
 797.000       0.5132
 798.000       0.5093
 799.000       0.5182
 800.000       0.5222
 801.000       0.5649
 802.000       0.7048
 803.000       0.6650
 804.000       0.5744
 805.000       0.4830
 806.000       0.5188
 807.000       0.5482
 808.000       0.6437
 809.000       0.7567
 810.000       0.7592
 811.000       0.7995
 812.000       0.9666
 813.000       0.9643
 814.000       0.9882
 815.000       0.9567
 816.000       0.7398
 817.000       0.7286
 818.000       0.6644
 819.000       0.6033
 820.000       0.5614
 821.000       0.5833
 822.000       0.6053
 823.000       0.5523
 824.000       0.5538
 825.000       0.8578
 826.000       1.0277
 827.000       0.7779
 828.000       0.9397
 829.000       0.6566
 830.000       0.5471
 831.000       0.5279
 832.000       0.5711
 833.000       0.5648
 834.000       0.4789
 835.000       0.4726
 836.000       0.4422
 837.000       0.4271
 838.000       0.4459
 839.000       0.4628
 840.000       0.7221
 841.000       0.8159
 842.000       1.9047
 843.000       2.1237
 844.000       1.6640
 845.000       0.8605
 846.000       0.6335
 847.000       0.5646
 848.000       0.5664
 849.000       0.5412
 850.000       0.5891
 851.000       0.6938
 852.000       0.8027
 853.000       0.8101
 854.000       0.7328
 855.000       0.7398
 856.000       0.8238
 857.000       0.8409
 858.000       0.8490
 859.000       0.9601
 860.000       0.9985
 861.000       1.0869
 862.000       1.8248
 863.000       3.5864
