#Res        AtomicFlx
   1.000       1.1074
   2.000       1.0066
   3.000       1.1448
   4.000       1.0720
   5.000       1.1065
   6.000       1.0684
   7.000       0.9236
   8.000       0.8492
   9.000       0.9140
  10.000       0.8823
  11.000       0.7907
  12.000       0.8551
  13.000       0.9153
  14.000       0.8197
  15.000       0.8483
  16.000       1.0053
  17.000       1.1885
  18.000       1.0664
  19.000       0.8750
  20.000       0.8419
  21.000       0.6766
  22.000       0.6353
  23.000       0.6549
  24.000       0.6959
  25.000       0.9378
  26.000       1.1584
  27.000       1.2735
  28.000       0.9940
  29.000       0.8084
  30.000       0.6893
  31.000       0.7536
  32.000       0.6779
  33.000       0.5929
  34.000       0.6126
  35.000       0.6424
  36.000       0.6513
  37.000       0.6516
  38.000       0.6453
  39.000       0.7650
  40.000       0.8110
  41.000       0.7342
  42.000       0.7417
  43.000       0.8829
  44.000       0.7850
  45.000       0.6922
  46.000       0.5814
  47.000       0.5430
  48.000       0.5530
  49.000       0.5012
  50.000       0.4419
  51.000       0.4164
  52.000       0.4443
  53.000       0.4595
  54.000       0.4490
  55.000       0.4441
  56.000       0.4665
  57.000       0.4541
  58.000       0.4428
  59.000       0.4500
  60.000       0.4822
  61.000       0.4606
  62.000       0.4484
  63.000       0.4925
  64.000       0.4946
  65.000       0.4858
  66.000       0.5628
  67.000       0.6390
  68.000       0.5995
  69.000       0.5376
  70.000       0.6034
  71.000       0.5475
  72.000       0.4814
  73.000       0.4620
  74.000       0.4392
  75.000       0.4462
  76.000       0.3820
  77.000       0.4133
  78.000       0.4329
  79.000       0.4114
  80.000       0.3885
  81.000       0.3932
  82.000       0.4431
  83.000       0.5152
  84.000       0.5286
  85.000       0.5059
  86.000       0.4853
  87.000       0.4646
  88.000       0.4775
  89.000       0.4594
  90.000       0.4496
  91.000       0.5067
  92.000       0.5787
  93.000       0.5899
  94.000       0.5989
  95.000       0.4723
  96.000       0.4153
  97.000       0.3771
  98.000       0.3747
  99.000       0.4282
 100.000       0.4414
 101.000       0.4697
 102.000       0.5322
 103.000       0.5504
 104.000       0.5078
 105.000       0.5421
 106.000       0.6112
 107.000       0.6158
 108.000       0.6265
 109.000       0.7612
 110.000       0.8077
 111.000       0.8628
 112.000       0.9527
 113.000       0.7445
 114.000       0.7661
 115.000       0.7710
 116.000       0.7476
 117.000       0.5716
 118.000       0.4915
 119.000       0.4436
 120.000       0.4501
 121.000       0.4322
 122.000       0.4877
 123.000       0.4798
 124.000       0.6457
 125.000       0.5115
 126.000       0.5039
 127.000       0.5605
 128.000       0.5852
 129.000       0.5689
 130.000       0.5623
 131.000       0.5866
 132.000       0.6230
 133.000       0.6443
 134.000       0.6686
 135.000       0.7081
 136.000       0.6852
 137.000       0.6527
 138.000       0.5767
 139.000       0.5976
 140.000       0.5376
 141.000       0.5126
 142.000       0.4466
 143.000       0.4279
 144.000       0.4447
 145.000       0.5345
 146.000       0.7481
 147.000       0.8338
 148.000       0.7201
 149.000       0.7610
 150.000       0.8958
 151.000       0.7364
 152.000       0.7280
 153.000       0.9466
 154.000       0.8842
 155.000       0.7218
 156.000       0.7191
 157.000       1.0530
 158.000       0.7858
 159.000       0.6775
 160.000       0.5767
 161.000       0.5121
 162.000       0.4534
 163.000       0.4293
 164.000       0.4231
 165.000       0.4784
 166.000       0.5818
 167.000       0.6371
 168.000       0.6834
 169.000       0.6546
 170.000       0.7839
 171.000       0.9217
 172.000       0.8415
 173.000       0.8673
 174.000       0.7812
 175.000       0.6785
 176.000       0.4953
 177.000       0.5279
 178.000       0.5692
 179.000       0.4704
 180.000       0.4524
 181.000       0.4968
 182.000       0.5179
 183.000       0.6552
 184.000       0.8186
 185.000       0.9589
 186.000       0.8280
 187.000       0.7493
 188.000       0.8561
 189.000       0.9022
 190.000       0.7946
 191.000       0.7202
 192.000       0.7730
 193.000       0.7667
 194.000       0.7181
 195.000       0.7905
 196.000       0.8862
 197.000       0.8814
 198.000       0.8677
 199.000       0.7455
 200.000       0.6778
 201.000       0.5894
 202.000       0.5491
 203.000       0.5010
 204.000       0.4462
 205.000       0.4175
 206.000       0.4268
 207.000       0.4381
 208.000       0.4717
 209.000       0.5201
 210.000       0.5705
 211.000       0.6838
 212.000       0.7067
 213.000       0.7858
 214.000       0.7018
 215.000       0.6817
 216.000       0.6751
 217.000       0.6111
 218.000       0.5548
 219.000       0.5946
 220.000       0.6047
 221.000       0.5452
 222.000       0.5371
 223.000       0.6032
 224.000       0.5951
 225.000       0.5602
 226.000       0.5967
 227.000       0.6434
 228.000       0.6265
 229.000       0.6742
 230.000       0.7320
 231.000       0.7406
 232.000       0.7964
 233.000       0.8958
 234.000       0.8919
 235.000       0.8369
 236.000       0.8675
 237.000       0.7759
 238.000       0.9009
 239.000       0.7175
 240.000       0.6261
 241.000       0.5126
 242.000       0.4498
 243.000       0.4206
 244.000       0.4520
 245.000       0.4697
 246.000       0.4971
 247.000       0.5157
 248.000       0.4820
 249.000       0.4896
 250.000       0.5862
 251.000       0.6433
 252.000       0.7690
 253.000       0.9197
 254.000       0.9231
 255.000       1.0155
 256.000       0.8523
 257.000       0.7306
 258.000       0.5791
 259.000       0.6168
 260.000       0.6263
 261.000       0.5771
 262.000       0.5958
 263.000       0.6533
 264.000       0.6196
 265.000       0.5670
 266.000       0.5888
 267.000       0.6524
 268.000       0.6187
 269.000       0.5893
 270.000       0.6654
 271.000       0.6909
 272.000       0.6465
 273.000       0.6442
 274.000       0.7920
 275.000       1.1583
 276.000       1.2827
 277.000       1.0437
 278.000       0.9736
 279.000       0.6853
 280.000       0.5634
 281.000       0.4689
 282.000       0.4114
 283.000       0.4138
 284.000       0.4280
 285.000       0.4902
 286.000       0.4940
 287.000       0.4313
 288.000       0.3832
 289.000       0.4067
 290.000       0.3993
 291.000       0.4340
 292.000       0.4744
 293.000       0.4513
 294.000       0.4300
 295.000       0.4229
 296.000       0.4278
 297.000       0.4243
 298.000       0.4083
 299.000       0.4150
 300.000       0.4206
 301.000       0.4702
 302.000       0.4978
 303.000       0.5493
 304.000       0.6362
 305.000       0.9047
 306.000       1.0438
 307.000       1.2916
 308.000       1.3297
 309.000       1.3320
 310.000       1.6057
 311.000       2.0316
 312.000       1.9486
 313.000       2.3081
 314.000       2.2410
 315.000       1.8776
 316.000       2.1278
 317.000       1.9952
 318.000       1.7157
 319.000       1.5413
 320.000       1.2400
 321.000       1.2935
 322.000       1.1083
 323.000       0.9319
 324.000       0.6773
 325.000       0.5438
 326.000       0.4756
 327.000       0.4048
 328.000       0.4158
 329.000       0.4213
 330.000       0.4118
 331.000       0.3915
 332.000       0.3779
 333.000       0.4124
 334.000       0.4191
 335.000       0.4105
 336.000       0.3844
 337.000       0.3810
 338.000       0.4189
 339.000       0.4571
 340.000       0.5207
 341.000       0.4671
 342.000       0.4428
 343.000       0.5636
 344.000       0.6444
 345.000       0.8271
 346.000       0.6886
 347.000       0.7172
 348.000       0.5914
 349.000       0.5767
 350.000       0.6386
 351.000       0.6822
 352.000       1.0714
 353.000       1.5288
 354.000       1.7647
 355.000       1.8406
 356.000       2.1582
 357.000       1.8523
 358.000       1.3313
 359.000       1.0864
 360.000       0.9437
 361.000       0.8603
 362.000       0.8726
 363.000       0.7783
 364.000       0.6699
 365.000       0.4936
 366.000       0.4333
 367.000       0.4112
 368.000       0.4310
 369.000       0.4945
 370.000       0.6415
 371.000       0.6060
 372.000       0.6238
 373.000       0.5561
 374.000       0.4684
 375.000       0.5150
 376.000       0.4921
 377.000       0.6342
 378.000       0.7789
 379.000       0.8574
 380.000       0.8856
 381.000       0.9318
 382.000       0.8378
 383.000       0.7758
 384.000       0.7363
 385.000       0.6342
 386.000       0.6148
 387.000       0.5461
 388.000       0.5197
 389.000       0.4771
 390.000       0.4896
 391.000       0.4788
 392.000       0.4327
 393.000       0.4343
 394.000       0.4778
 395.000       0.4955
 396.000       0.4387
 397.000       0.4058
 398.000       0.3989
 399.000       0.4170
 400.000       0.4173
 401.000       0.4475
 402.000       0.4314
 403.000       0.4096
 404.000       0.4029
 405.000       0.4023
 406.000       0.4274
 407.000       0.4339
 408.000       0.4668
 409.000       0.5875
 410.000       0.7087
 411.000       0.7012
 412.000       0.7256
 413.000       0.7134
 414.000       0.5900
 415.000       0.5060
 416.000       0.4563
 417.000       0.4842
 418.000       0.4668
 419.000       0.4954
 420.000       0.5790
 421.000       0.6376
 422.000       0.6303
 423.000       0.5529
 424.000       0.5723
 425.000       0.6314
 426.000       0.6167
 427.000       0.6087
 428.000       0.7757
 429.000       0.8338
 430.000       0.8115
 431.000       1.1156
 432.000       1.7350
 433.000       4.0948
 434.000       2.6118
 435.000       1.3071
 436.000       1.1433
 437.000       1.1067
 438.000       0.9669
 439.000       0.8766
 440.000       0.9279
 441.000       0.8969
 442.000       0.8096
 443.000       0.8537
 444.000       0.9188
 445.000       0.7989
 446.000       0.8071
 447.000       0.9254
 448.000       0.9989
 449.000       0.8978
 450.000       0.7806
 451.000       0.7416
 452.000       0.6698
 453.000       0.6768
 454.000       0.7300
 455.000       0.8016
 456.000       1.0337
 457.000       1.2372
 458.000       1.3037
 459.000       1.0068
 460.000       0.8743
 461.000       0.7344
 462.000       0.8116
 463.000       0.7881
 464.000       0.6386
 465.000       0.6579
 466.000       0.7577
 467.000       0.7233
 468.000       0.6785
 469.000       0.7320
 470.000       0.8889
 471.000       0.9466
 472.000       1.0447
 473.000       1.2460
 474.000       1.4412
 475.000       1.1027
 476.000       0.9198
 477.000       0.8926
 478.000       0.6883
 479.000       0.5710
 480.000       0.5161
 481.000       0.4572
 482.000       0.4326
 483.000       0.4480
 484.000       0.4741
 485.000       0.4950
 486.000       0.5195
 487.000       0.5671
 488.000       0.5634
 489.000       0.5863
 490.000       0.6157
 491.000       0.6022
 492.000       0.5438
 493.000       0.5574
 494.000       0.6208
 495.000       0.5754
 496.000       0.5302
 497.000       0.6120
 498.000       0.6898
 499.000       0.6421
 500.000       0.6024
 501.000       0.7228
 502.000       0.6150
 503.000       0.5069
 504.000       0.4754
 505.000       0.4575
 506.000       0.4371
 507.000       0.3723
 508.000       0.3855
 509.000       0.4048
 510.000       0.4074
 511.000       0.3810
 512.000       0.3893
 513.000       0.4354
 514.000       0.4663
 515.000       0.5088
 516.000       0.4809
 517.000       0.4644
 518.000       0.4720
 519.000       0.4739
 520.000       0.4568
 521.000       0.4719
 522.000       0.5147
 523.000       0.5853
 524.000       0.6204
 525.000       0.6417
 526.000       0.4960
 527.000       0.4068
 528.000       0.3817
 529.000       0.3830
 530.000       0.4272
 531.000       0.4688
 532.000       0.4743
 533.000       0.5485
 534.000       0.5420
 535.000       0.4966
 536.000       0.5062
 537.000       0.5775
 538.000       0.5770
 539.000       0.5650
 540.000       0.6692
 541.000       0.7355
 542.000       0.8517
 543.000       0.9500
 544.000       0.7106
 545.000       0.7191
 546.000       0.6972
 547.000       0.6894
 548.000       0.5270
 549.000       0.4505
 550.000       0.4041
 551.000       0.3920
 552.000       0.3851
 553.000       0.4011
 554.000       0.4432
 555.000       0.4739
 556.000       0.4228
 557.000       0.4575
 558.000       0.5192
 559.000       0.5343
 560.000       0.5054
 561.000       0.5017
 562.000       0.5553
 563.000       0.5788
 564.000       0.5865
 565.000       0.6346
 566.000       0.6889
 567.000       0.6661
 568.000       0.6359
 569.000       0.5587
 570.000       0.5336
 571.000       0.4428
 572.000       0.4184
 573.000       0.4045
 574.000       0.4028
 575.000       0.4199
 576.000       0.4818
 577.000       0.5873
 578.000       0.5828
 579.000       0.4655
 580.000       0.6763
 581.000       0.8701
 582.000       0.6690
 583.000       0.6454
 584.000       1.0249
 585.000       0.9687
 586.000       0.6622
 587.000       0.6627
 588.000       1.3209
 589.000       0.8220
 590.000       0.5734
 591.000       0.4963
 592.000       0.4433
 593.000       0.4219
 594.000       0.4076
 595.000       0.4133
 596.000       0.4747
 597.000       0.5804
 598.000       0.6083
 599.000       0.6079
 600.000       0.5798
 601.000       0.6951
 602.000       0.7065
 603.000       0.6574
 604.000       0.7270
 605.000       0.6913
 606.000       0.6151
 607.000       0.5108
 608.000       0.5372
 609.000       0.6101
 610.000       0.4781
 611.000       0.4554
 612.000       0.5084
 613.000       0.5570
 614.000       0.7039
 615.000       0.8107
 616.000       0.9276
 617.000       0.7524
 618.000       0.6710
 619.000       0.7653
 620.000       0.7685
 621.000       0.6722
 622.000       0.7167
 623.000       0.8503
 624.000       0.8600
 625.000       0.8498
 626.000       0.9757
 627.000       1.0915
 628.000       1.0744
 629.000       1.0422
 630.000       0.8364
 631.000       0.7531
 632.000       0.5616
 633.000       0.4804
 634.000       0.4608
 635.000       0.4407
 636.000       0.4323
 637.000       0.4369
 638.000       0.4660
 639.000       0.4741
 640.000       0.5234
 641.000       0.5965
 642.000       0.7197
 643.000       0.6130
 644.000       0.6420
 645.000       0.6304
 646.000       0.6542
 647.000       0.6831
 648.000       0.6091
 649.000       0.5824
 650.000       0.6077
 651.000       0.6144
 652.000       0.5834
 653.000       0.5752
 654.000       0.6469
 655.000       0.6908
 656.000       0.6306
 657.000       0.6801
 658.000       0.7355
 659.000       0.6832
 660.000       0.7399
 661.000       0.8316
 662.000       0.8549
 663.000       0.8579
 664.000       0.9764
 665.000       1.0341
 666.000       0.9832
 667.000       0.9969
 668.000       0.9176
 669.000       1.0001
 670.000       0.7045
 671.000       0.6046
 672.000       0.5100
 673.000       0.4435
 674.000       0.4166
 675.000       0.4280
 676.000       0.4365
 677.000       0.6010
 678.000       0.6550
 679.000       0.5305
 680.000       0.5489
 681.000       0.6671
 682.000       0.7140
 683.000       0.7948
 684.000       0.9868
 685.000       0.9997
 686.000       1.2512
 687.000       0.9352
 688.000       0.7396
 689.000       0.6166
 690.000       0.6520
 691.000       0.7085
 692.000       0.6367
 693.000       0.6133
 694.000       0.6688
 695.000       0.6702
 696.000       0.6347
 697.000       0.7097
 698.000       0.7981
 699.000       0.7221
 700.000       0.6708
 701.000       0.8056
 702.000       0.8254
 703.000       0.7373
 704.000       0.7190
 705.000       0.8657
 706.000       0.9818
 707.000       1.0691
 708.000       0.9873
 709.000       0.9467
 710.000       0.7127
 711.000       0.6058
 712.000       0.4806
 713.000       0.4119
 714.000       0.4049
 715.000       0.4352
 716.000       0.4607
 717.000       0.4881
 718.000       0.4426
 719.000       0.4294
 720.000       0.4419
 721.000       0.4597
 722.000       0.4911
 723.000       0.5102
 724.000       0.4863
 725.000       0.4434
 726.000       0.4282
 727.000       0.4241
 728.000       0.4356
 729.000       0.4430
 730.000       0.4548
 731.000       0.4327
 732.000       0.4543
 733.000       0.4570
 734.000       0.5127
 735.000       0.5580
 736.000       0.7724
 737.000       0.9292
 738.000       1.1697
 739.000       1.6947
 740.000       2.0802
 741.000       2.5007
 742.000       2.5275
 743.000       2.4558
 744.000       2.5350
 745.000       2.3878
 746.000       2.3312
 747.000       2.2882
 748.000       1.9526
 749.000       1.6369
 750.000       1.8179
 751.000       1.8871
 752.000       1.4377
 753.000       1.1895
 754.000       0.9392
 755.000       0.6851
 756.000       0.5400
 757.000       0.4674
 758.000       0.3956
 759.000       0.4089
 760.000       0.4371
 761.000       0.4245
 762.000       0.4013
 763.000       0.3809
 764.000       0.3955
 765.000       0.4325
 766.000       0.4373
 767.000       0.4160
 768.000       0.4170
 769.000       0.4367
 770.000       0.4651
 771.000       0.4759
 772.000       0.4862
 773.000       0.5023
 774.000       0.5786
 775.000       0.5850
 776.000       0.7100
 777.000       0.6348
 778.000       0.7216
 779.000       0.6159
 780.000       0.6499
 781.000       0.7532
 782.000       0.8976
 783.000       1.3302
 784.000       1.6033
 785.000       1.7709
 786.000       1.7850
 787.000       1.9928
 788.000       1.9520
 789.000       1.5330
 790.000       1.2679
 791.000       0.9939
 792.000       0.7990
 793.000       0.7420
 794.000       0.6155
 795.000       0.5211
 796.000       0.4446
 797.000       0.4818
 798.000       0.4557
 799.000       0.4660
 800.000       0.4560
 801.000       0.5007
 802.000       0.4868
 803.000       0.5135
 804.000       0.4630
 805.000       0.4059
 806.000       0.4601
 807.000       0.4584
 808.000       0.5396
 809.000       0.6452
 810.000       0.7167
 811.000       0.7036
 812.000       0.7838
 813.000       0.7524
 814.000       0.7577
 815.000       0.8075
 816.000       0.6934
 817.000       0.6523
 818.000       0.5627
 819.000       0.5595
 820.000       0.5400
 821.000       0.5450
 822.000       0.5552
 823.000       0.4882
 824.000       0.4561
 825.000       0.5282
 826.000       0.5376
 827.000       0.4316
 828.000       0.4260
 829.000       0.4223
 830.000       0.4094
 831.000       0.4122
 832.000       0.4511
 833.000       0.4459
 834.000       0.4273
 835.000       0.4218
 836.000       0.4120
 837.000       0.4031
 838.000       0.4215
 839.000       0.4397
 840.000       0.5812
 841.000       0.5789
 842.000       0.6406
 843.000       0.7494
 844.000       0.7877
 845.000       0.6293
 846.000       0.5154
 847.000       0.4886
 848.000       0.4841
 849.000       0.4947
 850.000       0.5810
 851.000       0.7251
 852.000       0.7941
 853.000       0.7998
 854.000       0.6867
 855.000       0.6790
 856.000       0.7721
 857.000       0.7335
 858.000       0.6872
 859.000       0.8937
 860.000       0.9627
 861.000       0.8705
 862.000       1.2546
 863.000       2.7319
