#Res        AtomicFlx
   1.000       2.5516
   2.000       1.7652
   3.000       1.3231
   4.000       1.1655
   5.000       1.2073
   6.000       1.1981
   7.000       1.0645
   8.000       1.0268
   9.000       1.0767
  10.000       1.0795
  11.000       1.0965
  12.000       1.2128
  13.000       1.2384
  14.000       1.0968
  15.000       1.1833
  16.000       1.4324
  17.000       1.5296
  18.000       1.3048
  19.000       1.1058
  20.000       1.1141
  21.000       0.8010
  22.000       0.7226
  23.000       0.7830
  24.000       0.9228
  25.000       1.1757
  26.000       1.3721
  27.000       1.8826
  28.000       1.3453
  29.000       1.1075
  30.000       0.8661
  31.000       0.9130
  32.000       0.8744
  33.000       0.7179
  34.000       0.6441
  35.000       0.6778
  36.000       0.7463
  37.000       0.7159
  38.000       0.7727
  39.000       0.9914
  40.000       0.9726
  41.000       0.8307
  42.000       0.8685
  43.000       0.9613
  44.000       0.7950
  45.000       0.6595
  46.000       0.6012
  47.000       0.5842
  48.000       0.6008
  49.000       0.5522
  50.000       0.4833
  51.000       0.4463
  52.000       0.4557
  53.000       0.4843
  54.000       0.4899
  55.000       0.5123
  56.000       0.5583
  57.000       0.5490
  58.000       0.5437
  59.000       0.5579
  60.000       0.5983
  61.000       0.5610
  62.000       0.5293
  63.000       0.6035
  64.000       0.6051
  65.000       0.5744
  66.000       0.6571
  67.000       0.7532
  68.000       0.7376
  69.000       0.6919
  70.000       0.9025
  71.000       0.7496
  72.000       0.5649
  73.000       0.5179
  74.000       0.4623
  75.000       0.4537
  76.000       0.4371
  77.000       0.4484
  78.000       0.4433
  79.000       0.4556
  80.000       0.4389
  81.000       0.4265
  82.000       0.4789
  83.000       0.5172
  84.000       0.5427
  85.000       0.5106
  86.000       0.4860
  87.000       0.4883
  88.000       0.5009
  89.000       0.4892
  90.000       0.4969
  91.000       0.5632
  92.000       0.6269
  93.000       0.6327
  94.000       0.6269
  95.000       0.5137
  96.000       0.4897
  97.000       0.4740
  98.000       0.4578
  99.000       0.4899
 100.000       0.5184
 101.000       0.5294
 102.000       0.5953
 103.000       0.6330
 104.000       0.5704
 105.000       0.5900
 106.000       0.6859
 107.000       0.6867
 108.000       0.6614
 109.000       0.8027
 110.000       0.8890
 111.000       0.9513
 112.000       1.0558
 113.000       0.8722
 114.000       0.9023
 115.000       0.8802
 116.000       0.9032
 117.000       0.7213
 118.000       0.6066
 119.000       0.5462
 120.000       0.5899
 121.000       0.5652
 122.000       0.5405
 123.000       0.5547
 124.000       0.7433
 125.000       0.6538
 126.000       0.6417
 127.000       0.6690
 128.000       0.6937
 129.000       0.6164
 130.000       0.5841
 131.000       0.6495
 132.000       0.6724
 133.000       0.6689
 134.000       0.7283
 135.000       0.8020
 136.000       0.7698
 137.000       0.7357
 138.000       0.6391
 139.000       0.6503
 140.000       0.6070
 141.000       0.5899
 142.000       0.5650
 143.000       0.5386
 144.000       0.5648
 145.000       0.6381
 146.000       0.7006
 147.000       0.7163
 148.000       0.6180
 149.000       0.6957
 150.000       0.7862
 151.000       0.7480
 152.000       0.7006
 153.000       0.8349
 154.000       0.9309
 155.000       0.8134
 156.000       0.7725
 157.000       1.1313
 158.000       0.8438
 159.000       0.6889
 160.000       0.6402
 161.000       0.5804
 162.000       0.5416
 163.000       0.5337
 164.000       0.5528
 165.000       0.6066
 166.000       0.6659
 167.000       0.7604
 168.000       0.8176
 169.000       0.8307
 170.000       0.9763
 171.000       1.0039
 172.000       1.0515
 173.000       1.2101
 174.000       1.1117
 175.000       0.9512
 176.000       0.8401
 177.000       0.8567
 178.000       0.8410
 179.000       0.5927
 180.000       0.6022
 181.000       0.5850
 182.000       0.6401
 183.000       0.7563
 184.000       0.8753
 185.000       1.0418
 186.000       0.7980
 187.000       0.7233
 188.000       0.7495
 189.000       0.7543
 190.000       0.6775
 191.000       0.6743
 192.000       0.7263
 193.000       0.7192
 194.000       0.6968
 195.000       0.7674
 196.000       0.8320
 197.000       0.8354
 198.000       0.8379
 199.000       0.7190
 200.000       0.6877
 201.000       0.6430
 202.000       0.6023
 203.000       0.5526
 204.000       0.5054
 205.000       0.4999
 206.000       0.5441
 207.000       0.6350
 208.000       0.7467
 209.000       0.9029
 210.000       1.1862
 211.000       1.2654
 212.000       1.1739
 213.000       1.5424
 214.000       1.2983
 215.000       1.3459
 216.000       1.2483
 217.000       1.0631
 218.000       0.9439
 219.000       0.9670
 220.000       0.9708
 221.000       0.8450
 222.000       0.7930
 223.000       0.8904
 224.000       0.8839
 225.000       0.7543
 226.000       0.7705
 227.000       0.8027
 228.000       0.7382
 229.000       0.7739
 230.000       0.8421
 231.000       0.8057
 232.000       0.7720
 233.000       0.8762
 234.000       0.9034
 235.000       0.8278
 236.000       0.8508
 237.000       0.7693
 238.000       0.8783
 239.000       0.7063
 240.000       0.6531
 241.000       0.5879
 242.000       0.5172
 243.000       0.4844
 244.000       0.5066
 245.000       0.5282
 246.000       0.6873
 247.000       0.9541
 248.000       0.7478
 249.000       0.7679
 250.000       0.8204
 251.000       0.8685
 252.000       1.0395
 253.000       1.2645
 254.000       1.2023
 255.000       1.3745
 256.000       1.2849
 257.000       1.0004
 258.000       0.8459
 259.000       0.8575
 260.000       0.9170
 261.000       0.8704
 262.000       0.7577
 263.000       0.8399
 264.000       0.8885
 265.000       0.7767
 266.000       0.8133
 267.000       0.9529
 268.000       0.8987
 269.000       0.8109
 270.000       0.9434
 271.000       0.9743
 272.000       0.8444
 273.000       0.8126
 274.000       0.9416
 275.000       1.0807
 276.000       1.1683
 277.000       1.0536
 278.000       1.0093
 279.000       0.7543
 280.000       0.6602
 281.000       0.5335
 282.000       0.4788
 283.000       0.4681
 284.000       0.4767
 285.000       0.5472
 286.000       0.5258
 287.000       0.4737
 288.000       0.4433
 289.000       0.4554
 290.000       0.4454
 291.000       0.4608
 292.000       0.5022
 293.000       0.4931
 294.000       0.4599
 295.000       0.4407
 296.000       0.4531
 297.000       0.4764
 298.000       0.5065
 299.000       0.4946
 300.000       0.4685
 301.000       0.5442
 302.000       0.5380
 303.000       0.5891
 304.000       0.6556
 305.000       0.8624
 306.000       0.9793
 307.000       1.1357
 308.000       1.1383
 309.000       1.1126
 310.000       1.1433
 311.000       1.3594
 312.000       1.6299
 313.000       1.7654
 314.000       1.7233
 315.000       1.6629
 316.000       1.7673
 317.000       1.7195
 318.000       1.6420
 319.000       1.5741
 320.000       1.4224
 321.000       1.3645
 322.000       1.2067
 323.000       0.9847
 324.000       0.7480
 325.000       0.5819
 326.000       0.5254
 327.000       0.4701
 328.000       0.4845
 329.000       0.5062
 330.000       0.4922
 331.000       0.4494
 332.000       0.4246
 333.000       0.4748
 334.000       0.4847
 335.000       0.4839
 336.000       0.4520
 337.000       0.4637
 338.000       0.5753
 339.000       0.6199
 340.000       0.6292
 341.000       0.6761
 342.000       0.9313
 343.000       1.0224
 344.000       0.9210
 345.000       0.9308
 346.000       0.8059
 347.000       0.8989
 348.000       0.6662
 349.000       0.6877
 350.000       0.8388
 351.000       1.1013
 352.000       1.7348
 353.000       1.7922
 354.000       1.4428
 355.000       1.5474
 356.000       1.8140
 357.000       1.6364
 358.000       1.2562
 359.000       1.0911
 360.000       0.9489
 361.000       0.8389
 362.000       0.8043
 363.000       0.6628
 364.000       0.5966
 365.000       0.4973
 366.000       0.4569
 367.000       0.4302
 368.000       0.4459
 369.000       0.4629
 370.000       0.5594
 371.000       0.5539
 372.000       0.5915
 373.000       0.5349
 374.000       0.4504
 375.000       0.5076
 376.000       0.5231
 377.000       0.5964
 378.000       0.7107
 379.000       0.7427
 380.000       0.7535
 381.000       0.7863
 382.000       0.7569
 383.000       0.7697
 384.000       0.8021
 385.000       0.6665
 386.000       0.6543
 387.000       0.6102
 388.000       0.5964
 389.000       0.5550
 390.000       0.5876
 391.000       0.5884
 392.000       0.5177
 393.000       0.4763
 394.000       0.5346
 395.000       0.5715
 396.000       0.5027
 397.000       0.4584
 398.000       0.4299
 399.000       0.4789
 400.000       0.4847
 401.000       0.5311
 402.000       0.5055
 403.000       0.4823
 404.000       0.4818
 405.000       0.4989
 406.000       0.5618
 407.000       0.5812
 408.000       0.7260
 409.000       0.8249
 410.000       0.8620
 411.000       0.7762
 412.000       0.6821
 413.000       0.6574
 414.000       0.5700
 415.000       0.5318
 416.000       0.5129
 417.000       0.5341
 418.000       0.5378
 419.000       0.6032
 420.000       0.7098
 421.000       0.8040
 422.000       0.8353
 423.000       0.7204
 424.000       0.7414
 425.000       0.8422
 426.000       0.7928
 427.000       0.7715
 428.000       0.9553
 429.000       0.9644
 430.000       0.9010
 431.000       1.5017
 432.000       2.7835
 433.000       2.2685
 434.000       1.7993
 435.000       1.3022
 436.000       1.5208
 437.000       1.6672
 438.000       1.2709
 439.000       1.1304
 440.000       1.1712
 441.000       1.2122
 442.000       1.2091
 443.000       1.2132
 444.000       1.2364
 445.000       1.1614
 446.000       1.2051
 447.000       1.4295
 448.000       1.6358
 449.000       1.4498
 450.000       1.1861
 451.000       1.0748
 452.000       0.7984
 453.000       0.7098
 454.000       0.7148
 455.000       0.7526
 456.000       0.9573
 457.000       1.2189
 458.000       1.3955
 459.000       1.0224
 460.000       0.8487
 461.000       0.7426
 462.000       0.8162
 463.000       0.7877
 464.000       0.6841
 465.000       0.6996
 466.000       0.7586
 467.000       0.7637
 468.000       0.7998
 469.000       0.8712
 470.000       0.9777
 471.000       1.0456
 472.000       1.1509
 473.000       1.3701
 474.000       1.6510
 475.000       1.2894
 476.000       1.1929
 477.000       1.0498
 478.000       0.7574
 479.000       0.6525
 480.000       0.5705
 481.000       0.5355
 482.000       0.5171
 483.000       0.5105
 484.000       0.5159
 485.000       0.5226
 486.000       0.5702
 487.000       0.6159
 488.000       0.5928
 489.000       0.5818
 490.000       0.6038
 491.000       0.6215
 492.000       0.5647
 493.000       0.5673
 494.000       0.6636
 495.000       0.6581
 496.000       0.6324
 497.000       0.7237
 498.000       0.7903
 499.000       0.7754
 500.000       0.7248
 501.000       0.8421
 502.000       0.6910
 503.000       0.6037
 504.000       0.5449
 505.000       0.5019
 506.000       0.4832
 507.000       0.4029
 508.000       0.4292
 509.000       0.4443
 510.000       0.4645
 511.000       0.4571
 512.000       0.4698
 513.000       0.5611
 514.000       0.6093
 515.000       0.6401
 516.000       0.6209
 517.000       0.5719
 518.000       0.5505
 519.000       0.5942
 520.000       0.5817
 521.000       0.5743
 522.000       0.6371
 523.000       0.6973
 524.000       0.7027
 525.000       0.6718
 526.000       0.5340
 527.000       0.4433
 528.000       0.3987
 529.000       0.3851
 530.000       0.4285
 531.000       0.4703
 532.000       0.4880
 533.000       0.5476
 534.000       0.5963
 535.000       0.5222
 536.000       0.5384
 537.000       0.6172
 538.000       0.6319
 539.000       0.6278
 540.000       0.7202
 541.000       0.7998
 542.000       0.7920
 543.000       0.8350
 544.000       0.7019
 545.000       0.7272
 546.000       0.7001
 547.000       0.7188
 548.000       0.5617
 549.000       0.4840
 550.000       0.4223
 551.000       0.4142
 552.000       0.3954
 553.000       0.4035
 554.000       0.4526
 555.000       0.4925
 556.000       0.4611
 557.000       0.5162
 558.000       0.5739
 559.000       0.5842
 560.000       0.5343
 561.000       0.5235
 562.000       0.5837
 563.000       0.5925
 564.000       0.5937
 565.000       0.6782
 566.000       0.7237
 567.000       0.6952
 568.000       0.6765
 569.000       0.5660
 570.000       0.5399
 571.000       0.4651
 572.000       0.4247
 573.000       0.4099
 574.000       0.4092
 575.000       0.4439
 576.000       0.5127
 577.000       0.5757
 578.000       0.5498
 579.000       0.5093
 580.000       0.5802
 581.000       0.6346
 582.000       0.5775
 583.000       0.6590
 584.000       0.8482
 585.000       0.8324
 586.000       0.7356
 587.000       0.7249
 588.000       1.2716
 589.000       0.8421
 590.000       0.6201
 591.000       0.5326
 592.000       0.4970
 593.000       0.4691
 594.000       0.4545
 595.000       0.4568
 596.000       0.5371
 597.000       0.7035
 598.000       0.6643
 599.000       0.6994
 600.000       0.6765
 601.000       0.8100
 602.000       0.8916
 603.000       0.8939
 604.000       0.9822
 605.000       0.9071
 606.000       0.7509
 607.000       0.5963
 608.000       0.5818
 609.000       0.6369
 610.000       0.4820
 611.000       0.4855
 612.000       0.5555
 613.000       0.5799
 614.000       0.7316
 615.000       0.8697
 616.000       0.9247
 617.000       0.7799
 618.000       0.7229
 619.000       0.8200
 620.000       0.7990
 621.000       0.6853
 622.000       0.7376
 623.000       0.8232
 624.000       0.7826
 625.000       0.7830
 626.000       0.9160
 627.000       0.9974
 628.000       0.9692
 629.000       0.9884
 630.000       0.8438
 631.000       0.7775
 632.000       0.6485
 633.000       0.5827
 634.000       0.5550
 635.000       0.4984
 636.000       0.4804
 637.000       0.4943
 638.000       0.5617
 639.000       0.5751
 640.000       0.6341
 641.000       0.7575
 642.000       0.9245
 643.000       0.8942
 644.000       1.2298
 645.000       1.0080
 646.000       0.8605
 647.000       0.8173
 648.000       0.7265
 649.000       0.6634
 650.000       0.6641
 651.000       0.6635
 652.000       0.6071
 653.000       0.6049
 654.000       0.6655
 655.000       0.6640
 656.000       0.6409
 657.000       0.7142
 658.000       0.7768
 659.000       0.7400
 660.000       0.8523
 661.000       1.0060
 662.000       1.0672
 663.000       1.1398
 664.000       1.3850
 665.000       1.4549
 666.000       1.3964
 667.000       1.5667
 668.000       1.4562
 669.000       1.4521
 670.000       0.8786
 671.000       0.7653
 672.000       0.6296
 673.000       0.5250
 674.000       0.4822
 675.000       0.5053
 676.000       0.5272
 677.000       0.8294
 678.000       0.8309
 679.000       0.6244
 680.000       0.6638
 681.000       0.7941
 682.000       0.8376
 683.000       0.9615
 684.000       1.1912
 685.000       1.2247
 686.000       1.4636
 687.000       1.1580
 688.000       0.9614
 689.000       0.8073
 690.000       0.8257
 691.000       0.8622
 692.000       0.7745
 693.000       0.7276
 694.000       0.7528
 695.000       0.7229
 696.000       0.6770
 697.000       0.7607
 698.000       0.8338
 699.000       0.7589
 700.000       0.7289
 701.000       0.8822
 702.000       0.9006
 703.000       0.7824
 704.000       0.7719
 705.000       0.9339
 706.000       1.0612
 707.000       1.1666
 708.000       1.0726
 709.000       1.0308
 710.000       0.8177
 711.000       0.6996
 712.000       0.5628
 713.000       0.4798
 714.000       0.4374
 715.000       0.4482
 716.000       0.4865
 717.000       0.5216
 718.000       0.4789
 719.000       0.4580
 720.000       0.4836
 721.000       0.4988
 722.000       0.5126
 723.000       0.5447
 724.000       0.5312
 725.000       0.4959
 726.000       0.4749
 727.000       0.4903
 728.000       0.5045
 729.000       0.5147
 730.000       0.5810
 731.000       0.5967
 732.000       0.7009
 733.000       0.7980
 734.000       0.8853
 735.000       0.9328
 736.000       1.1349
 737.000       1.2322
 738.000       1.6825
 739.000       2.0091
 740.000       2.2505
 741.000       2.6525
 742.000       3.1099
 743.000       3.5358
 744.000       4.1144
 745.000       4.1483
 746.000       3.4832
 747.000       3.0474
 748.000       3.0762
 749.000       2.6832
 750.000       2.2043
 751.000       2.2509
 752.000       2.1469
 753.000       1.5544
 754.000       1.2859
 755.000       1.1197
 756.000       0.7667
 757.000       0.6605
 758.000       0.5725
 759.000       0.5670
 760.000       0.5577
 761.000       0.5436
 762.000       0.5295
 763.000       0.4891
 764.000       0.4662
 765.000       0.4987
 766.000       0.4956
 767.000       0.4747
 768.000       0.4558
 769.000       0.4539
 770.000       0.4904
 771.000       0.5363
 772.000       0.5560
 773.000       0.5480
 774.000       0.6257
 775.000       0.6570
 776.000       0.8359
 777.000       0.7384
 778.000       0.7758
 779.000       0.6914
 780.000       0.7210
 781.000       0.7256
 782.000       0.7259
 783.000       0.8727
 784.000       1.2521
 785.000       1.4935
 786.000       1.6839
 787.000       1.9641
 788.000       1.7588
 789.000       1.3868
 790.000       1.3130
 791.000       1.2351
 792.000       1.1627
 793.000       1.0868
 794.000       0.8700
 795.000       0.7117
 796.000       0.5611
 797.000       0.6104
 798.000       0.6292
 799.000       0.6029
 800.000       0.5816
 801.000       0.6748
 802.000       0.6826
 803.000       0.7662
 804.000       0.7084
 805.000       0.5978
 806.000       0.5657
 807.000       0.5625
 808.000       0.6744
 809.000       0.7852
 810.000       0.8398
 811.000       0.9420
 812.000       1.1100
 813.000       1.1123
 814.000       1.1520
 815.000       1.2308
 816.000       1.0840
 817.000       1.0459
 818.000       0.9886
 819.000       0.8612
 820.000       0.7232
 821.000       0.5737
 822.000       0.5608
 823.000       0.5463
 824.000       0.5159
 825.000       0.5548
 826.000       0.5346
 827.000       0.4656
 828.000       0.4787
 829.000       0.4792
 830.000       0.5202
 831.000       0.4948
 832.000       0.5007
 833.000       0.4777
 834.000       0.4625
 835.000       0.4784
 836.000       0.5059
 837.000       0.5009
 838.000       0.5241
 839.000       0.5796
 840.000       0.7754
 841.000       0.8942
 842.000       1.2165
 843.000       1.2508
 844.000       0.8991
 845.000       0.7700
 846.000       0.6240
 847.000       0.5740
 848.000       0.5873
 849.000       0.5542
 850.000       0.6265
 851.000       0.7390
 852.000       0.7991
 853.000       0.8302
 854.000       0.7492
 855.000       0.7649
 856.000       0.8384
 857.000       0.8300
 858.000       0.8639
 859.000       1.0281
 860.000       1.0749
 861.000       0.9931
 862.000       1.3887
 863.000       2.4051
