#Res        AtomicFlx
   1.000       1.1619
   2.000       1.0807
   3.000       1.2345
   4.000       1.1595
   5.000       1.2226
   6.000       1.1692
   7.000       1.0164
   8.000       0.9635
   9.000       1.0147
  10.000       0.9789
  11.000       0.9287
  12.000       0.9850
  13.000       1.0193
  14.000       0.9544
  15.000       0.9758
  16.000       1.1887
  17.000       1.2863
  18.000       1.1576
  19.000       0.9210
  20.000       0.8177
  21.000       0.6996
  22.000       0.6652
  23.000       0.7316
  24.000       0.8073
  25.000       1.0650
  26.000       1.3336
  27.000       1.5696
  28.000       1.1628
  29.000       0.9899
  30.000       0.9058
  31.000       1.0595
  32.000       1.0648
  33.000       0.9076
  34.000       0.8848
  35.000       0.8562
  36.000       0.7565
  37.000       0.7140
  38.000       0.7342
  39.000       0.8216
  40.000       0.8234
  41.000       0.7294
  42.000       0.7585
  43.000       0.8658
  44.000       0.7548
  45.000       0.6503
  46.000       0.5547
  47.000       0.5544
  48.000       0.5923
  49.000       0.5325
  50.000       0.4903
  51.000       0.4722
  52.000       0.4941
  53.000       0.5124
  54.000       0.5445
  55.000       0.5699
  56.000       0.6201
  57.000       0.5850
  58.000       0.5631
  59.000       0.5757
  60.000       0.5972
  61.000       0.5588
  62.000       0.5492
  63.000       0.6142
  64.000       0.6033
  65.000       0.5764
  66.000       0.6674
  67.000       0.7663
  68.000       0.7401
  69.000       0.7253
  70.000       0.9311
  71.000       0.7391
  72.000       0.5913
  73.000       0.5277
  74.000       0.4552
  75.000       0.4492
  76.000       0.4567
  77.000       0.5185
  78.000       0.5180
  79.000       0.5086
  80.000       0.4570
  81.000       0.4449
  82.000       0.4874
  83.000       0.5446
  84.000       0.5660
  85.000       0.5539
  86.000       0.5333
  87.000       0.5225
  88.000       0.5374
  89.000       0.5246
  90.000       0.5204
  91.000       0.5737
  92.000       0.6764
  93.000       0.6691
  94.000       0.6532
  95.000       0.5199
  96.000       0.4475
  97.000       0.4272
  98.000       0.4243
  99.000       0.4690
 100.000       0.5428
 101.000       0.5515
 102.000       0.6226
 103.000       0.6766
 104.000       0.6169
 105.000       0.6266
 106.000       0.7310
 107.000       0.8143
 108.000       0.8463
 109.000       0.9096
 110.000       0.9485
 111.000       1.0342
 112.000       1.1337
 113.000       0.9277
 114.000       0.9720
 115.000       1.1100
 116.000       1.0468
 117.000       0.6581
 118.000       0.5483
 119.000       0.4558
 120.000       0.4534
 121.000       0.4555
 122.000       0.4678
 123.000       0.4957
 124.000       0.5254
 125.000       0.5138
 126.000       0.5934
 127.000       0.6528
 128.000       0.6867
 129.000       0.6124
 130.000       0.6030
 131.000       0.6748
 132.000       0.6848
 133.000       0.6996
 134.000       0.7595
 135.000       0.7937
 136.000       0.7760
 137.000       0.7686
 138.000       0.6477
 139.000       0.6416
 140.000       0.5313
 141.000       0.4964
 142.000       0.4484
 143.000       0.4355
 144.000       0.4688
 145.000       0.5362
 146.000       0.5892
 147.000       0.5629
 148.000       0.5072
 149.000       0.5956
 150.000       0.6859
 151.000       0.6612
 152.000       0.6403
 153.000       0.7985
 154.000       0.9210
 155.000       0.8217
 156.000       0.7668
 157.000       1.2511
 158.000       0.9292
 159.000       0.6845
 160.000       0.5790
 161.000       0.4873
 162.000       0.4524
 163.000       0.4254
 164.000       0.4267
 165.000       0.4786
 166.000       0.5935
 167.000       0.6692
 168.000       0.7857
 169.000       0.7438
 170.000       0.8683
 171.000       0.9349
 172.000       0.9031
 173.000       0.9104
 174.000       0.8057
 175.000       0.7073
 176.000       0.5676
 177.000       0.5774
 178.000       0.6208
 179.000       0.5149
 180.000       0.4895
 181.000       0.5318
 182.000       0.5741
 183.000       0.7471
 184.000       0.9656
 185.000       1.1723
 186.000       0.9486
 187.000       0.6977
 188.000       0.6926
 189.000       0.7393
 190.000       0.6517
 191.000       0.6082
 192.000       0.6881
 193.000       0.7186
 194.000       0.7028
 195.000       0.7873
 196.000       0.8743
 197.000       0.8515
 198.000       0.8408
 199.000       0.6980
 200.000       0.6375
 201.000       0.5680
 202.000       0.5070
 203.000       0.4811
 204.000       0.4360
 205.000       0.4191
 206.000       0.4392
 207.000       0.4958
 208.000       0.6113
 209.000       0.6641
 210.000       0.7594
 211.000       0.9191
 212.000       1.0395
 213.000       1.2222
 214.000       0.9824
 215.000       1.1597
 216.000       1.1312
 217.000       0.9686
 218.000       0.8441
 219.000       0.7462
 220.000       0.7028
 221.000       0.6058
 222.000       0.5918
 223.000       0.6322
 224.000       0.6108
 225.000       0.5656
 226.000       0.6013
 227.000       0.6320
 228.000       0.5873
 229.000       0.6315
 230.000       0.6961
 231.000       0.6939
 232.000       0.6885
 233.000       0.7974
 234.000       0.8263
 235.000       0.7649
 236.000       0.7916
 237.000       0.7297
 238.000       0.8559
 239.000       0.6603
 240.000       0.5945
 241.000       0.5195
 242.000       0.4561
 243.000       0.4406
 244.000       0.4755
 245.000       0.5176
 246.000       0.7565
 247.000       0.8192
 248.000       0.6981
 249.000       0.7315
 250.000       0.8642
 251.000       0.9742
 252.000       1.1035
 253.000       1.4043
 254.000       1.4874
 255.000       1.8947
 256.000       1.4695
 257.000       1.0053
 258.000       0.7961
 259.000       0.8366
 260.000       0.9089
 261.000       0.8108
 262.000       0.7354
 263.000       0.8068
 264.000       0.7981
 265.000       0.6955
 266.000       0.7125
 267.000       0.7859
 268.000       0.7502
 269.000       0.7137
 270.000       0.8232
 271.000       0.8546
 272.000       0.7171
 273.000       0.6999
 274.000       0.8423
 275.000       0.9782
 276.000       1.0441
 277.000       0.9577
 278.000       0.9397
 279.000       0.6944
 280.000       0.6174
 281.000       0.5022
 282.000       0.4641
 283.000       0.4621
 284.000       0.4760
 285.000       0.5575
 286.000       0.5400
 287.000       0.5073
 288.000       0.4709
 289.000       0.4913
 290.000       0.4787
 291.000       0.5013
 292.000       0.5294
 293.000       0.5124
 294.000       0.4895
 295.000       0.4794
 296.000       0.4734
 297.000       0.4696
 298.000       0.4790
 299.000       0.4739
 300.000       0.4511
 301.000       0.4896
 302.000       0.5066
 303.000       0.5493
 304.000       0.5849
 305.000       0.6430
 306.000       0.7041
 307.000       0.8363
 308.000       0.8784
 309.000       0.8803
 310.000       0.8674
 311.000       0.9914
 312.000       1.1788
 313.000       1.2720
 314.000       1.2192
 315.000       1.2376
 316.000       1.3172
 317.000       1.2640
 318.000       1.1970
 319.000       1.1706
 320.000       1.0531
 321.000       1.0142
 322.000       0.9039
 323.000       0.7413
 324.000       0.6421
 325.000       0.6235
 326.000       0.5356
 327.000       0.4419
 328.000       0.4474
 329.000       0.4708
 330.000       0.4638
 331.000       0.4403
 332.000       0.4317
 333.000       0.4744
 334.000       0.4891
 335.000       0.4708
 336.000       0.4317
 337.000       0.4299
 338.000       0.4569
 339.000       0.4663
 340.000       0.4850
 341.000       0.5098
 342.000       0.6387
 343.000       0.6988
 344.000       0.7021
 345.000       0.8132
 346.000       0.7255
 347.000       0.8778
 348.000       0.6884
 349.000       0.6420
 350.000       0.8072
 351.000       1.1203
 352.000       1.2242
 353.000       1.5117
 354.000       1.5992
 355.000       1.9599
 356.000       2.2419
 357.000       2.1871
 358.000       1.6741
 359.000       1.2247
 360.000       0.9407
 361.000       0.7550
 362.000       0.7197
 363.000       0.6150
 364.000       0.5721
 365.000       0.5086
 366.000       0.4888
 367.000       0.4497
 368.000       0.4661
 369.000       0.5050
 370.000       0.6143
 371.000       0.5994
 372.000       0.6254
 373.000       0.5172
 374.000       0.4711
 375.000       0.5229
 376.000       0.5669
 377.000       0.6332
 378.000       0.6933
 379.000       0.7361
 380.000       0.7837
 381.000       0.8366
 382.000       0.7439
 383.000       0.7180
 384.000       0.7340
 385.000       0.6337
 386.000       0.6116
 387.000       0.5826
 388.000       0.5664
 389.000       0.5197
 390.000       0.5407
 391.000       0.5781
 392.000       0.5024
 393.000       0.4922
 394.000       0.5537
 395.000       0.5606
 396.000       0.5060
 397.000       0.4760
 398.000       0.4650
 399.000       0.4710
 400.000       0.4596
 401.000       0.4929
 402.000       0.4809
 403.000       0.4621
 404.000       0.4636
 405.000       0.5063
 406.000       0.5104
 407.000       0.4955
 408.000       0.5500
 409.000       0.6490
 410.000       0.7484
 411.000       0.8175
 412.000       0.6759
 413.000       0.6545
 414.000       0.5800
 415.000       0.5410
 416.000       0.5348
 417.000       0.5090
 418.000       0.5041
 419.000       0.5570
 420.000       0.6746
 421.000       0.7658
 422.000       0.7954
 423.000       0.6934
 424.000       0.6987
 425.000       0.7677
 426.000       0.7504
 427.000       0.7691
 428.000       0.9191
 429.000       0.9283
 430.000       0.9099
 431.000       1.4247
 432.000       2.8732
 433.000       3.1293
 434.000       1.8863
 435.000       1.2284
 436.000       1.2106
 437.000       1.1518
 438.000       0.9124
 439.000       0.8161
 440.000       0.8666
 441.000       0.8207
 442.000       0.7582
 443.000       0.7999
 444.000       0.8410
 445.000       0.7903
 446.000       0.8289
 447.000       0.9553
 448.000       1.0673
 449.000       0.9863
 450.000       0.8497
 451.000       0.8068
 452.000       0.6953
 453.000       0.6702
 454.000       0.6762
 455.000       0.7185
 456.000       0.9252
 457.000       1.1515
 458.000       1.2500
 459.000       0.9382
 460.000       0.8018
 461.000       0.7118
 462.000       0.7435
 463.000       0.7393
 464.000       0.7123
 465.000       0.7348
 466.000       0.7602
 467.000       0.8629
 468.000       0.9482
 469.000       1.0184
 470.000       1.2141
 471.000       1.3840
 472.000       1.5926
 473.000       1.7035
 474.000       1.8493
 475.000       1.4217
 476.000       1.1184
 477.000       1.1264
 478.000       0.7645
 479.000       0.6964
 480.000       0.6437
 481.000       0.6183
 482.000       0.6404
 483.000       0.6203
 484.000       0.5747
 485.000       0.5261
 486.000       0.5300
 487.000       0.5558
 488.000       0.5509
 489.000       0.5018
 490.000       0.5147
 491.000       0.5790
 492.000       0.5430
 493.000       0.5098
 494.000       0.5895
 495.000       0.5718
 496.000       0.5215
 497.000       0.6294
 498.000       0.7164
 499.000       0.6562
 500.000       0.6309
 501.000       0.7673
 502.000       0.6176
 503.000       0.5422
 504.000       0.5177
 505.000       0.5121
 506.000       0.5045
 507.000       0.4524
 508.000       0.4735
 509.000       0.4537
 510.000       0.4972
 511.000       0.4732
 512.000       0.4756
 513.000       0.5220
 514.000       0.5747
 515.000       0.5724
 516.000       0.5646
 517.000       0.5812
 518.000       0.5441
 519.000       0.5377
 520.000       0.5427
 521.000       0.5578
 522.000       0.5691
 523.000       0.6567
 524.000       0.6945
 525.000       0.6834
 526.000       0.5867
 527.000       0.4981
 528.000       0.4335
 529.000       0.4267
 530.000       0.4595
 531.000       0.4900
 532.000       0.4771
 533.000       0.4982
 534.000       0.5365
 535.000       0.4961
 536.000       0.5068
 537.000       0.5832
 538.000       0.6077
 539.000       0.6025
 540.000       0.6813
 541.000       0.7256
 542.000       0.7835
 543.000       0.9017
 544.000       0.7136
 545.000       0.6888
 546.000       0.6787
 547.000       0.6706
 548.000       0.5348
 549.000       0.4682
 550.000       0.4201
 551.000       0.4285
 552.000       0.4421
 553.000       0.4451
 554.000       0.4648
 555.000       0.4951
 556.000       0.4250
 557.000       0.4594
 558.000       0.5354
 559.000       0.5582
 560.000       0.5100
 561.000       0.4928
 562.000       0.5471
 563.000       0.5661
 564.000       0.5685
 565.000       0.6153
 566.000       0.6630
 567.000       0.6501
 568.000       0.6121
 569.000       0.5298
 570.000       0.4997
 571.000       0.4490
 572.000       0.4229
 573.000       0.4252
 574.000       0.4165
 575.000       0.4475
 576.000       0.4704
 577.000       0.5291
 578.000       0.5063
 579.000       0.4404
 580.000       0.4833
 581.000       0.5377
 582.000       0.5091
 583.000       0.5440
 584.000       0.6773
 585.000       0.7093
 586.000       0.6576
 587.000       0.6668
 588.000       1.2513
 589.000       0.7314
 590.000       0.5871
 591.000       0.5057
 592.000       0.4640
 593.000       0.4217
 594.000       0.4002
 595.000       0.4166
 596.000       0.4532
 597.000       0.5483
 598.000       0.5680
 599.000       0.6155
 600.000       0.5873
 601.000       0.7094
 602.000       0.7674
 603.000       0.7332
 604.000       0.8197
 605.000       0.7428
 606.000       0.6335
 607.000       0.5272
 608.000       0.5231
 609.000       0.5366
 610.000       0.4848
 611.000       0.5015
 612.000       0.5446
 613.000       0.5423
 614.000       0.6393
 615.000       0.7703
 616.000       0.8442
 617.000       0.6752
 618.000       0.5969
 619.000       0.6732
 620.000       0.6828
 621.000       0.6045
 622.000       0.6349
 623.000       0.7306
 624.000       0.7354
 625.000       0.7306
 626.000       0.8583
 627.000       0.9999
 628.000       1.0494
 629.000       1.0371
 630.000       0.8565
 631.000       0.6383
 632.000       0.5590
 633.000       0.5019
 634.000       0.4645
 635.000       0.4247
 636.000       0.3935
 637.000       0.4262
 638.000       0.4743
 639.000       0.4956
 640.000       0.5684
 641.000       0.6625
 642.000       0.7788
 643.000       0.6719
 644.000       0.7051
 645.000       0.6785
 646.000       0.6559
 647.000       0.6643
 648.000       0.5779
 649.000       0.5407
 650.000       0.5693
 651.000       0.5727
 652.000       0.5099
 653.000       0.5181
 654.000       0.5657
 655.000       0.5485
 656.000       0.5279
 657.000       0.5783
 658.000       0.6269
 659.000       0.6159
 660.000       0.6460
 661.000       0.7105
 662.000       0.7765
 663.000       0.7880
 664.000       0.8681
 665.000       0.9055
 666.000       0.8873
 667.000       0.9050
 668.000       0.7969
 669.000       0.7959
 670.000       0.6440
 671.000       0.5512
 672.000       0.4786
 673.000       0.4256
 674.000       0.4041
 675.000       0.4419
 676.000       0.4711
 677.000       0.5572
 678.000       0.6896
 679.000       0.5734
 680.000       0.6302
 681.000       0.7877
 682.000       0.7021
 683.000       0.7623
 684.000       0.9073
 685.000       0.8435
 686.000       0.9711
 687.000       0.8427
 688.000       0.8115
 689.000       0.6828
 690.000       0.7235
 691.000       0.7795
 692.000       0.6784
 693.000       0.6517
 694.000       0.7047
 695.000       0.6645
 696.000       0.6254
 697.000       0.7012
 698.000       0.7591
 699.000       0.6724
 700.000       0.6560
 701.000       0.7896
 702.000       0.7747
 703.000       0.6645
 704.000       0.6547
 705.000       0.8026
 706.000       0.9549
 707.000       1.0263
 708.000       0.9081
 709.000       0.8694
 710.000       0.6320
 711.000       0.5371
 712.000       0.4556
 713.000       0.4102
 714.000       0.4215
 715.000       0.4937
 716.000       0.5358
 717.000       0.6010
 718.000       0.5167
 719.000       0.4944
 720.000       0.5751
 721.000       0.5429
 722.000       0.6449
 723.000       0.6986
 724.000       0.5838
 725.000       0.5772
 726.000       0.5570
 727.000       0.5072
 728.000       0.5137
 729.000       0.4735
 730.000       0.4992
 731.000       0.4897
 732.000       0.4930
 733.000       0.4775
 734.000       0.5224
 735.000       0.5657
 736.000       0.7502
 737.000       0.9515
 738.000       1.1432
 739.000       1.5574
 740.000       2.1138
 741.000       2.4551
 742.000       2.5718
 743.000       2.8890
 744.000       2.7825
 745.000       2.6828
 746.000       2.0123
 747.000       1.8579
 748.000       1.8843
 749.000       1.4275
 750.000       1.2179
 751.000       1.0240
 752.000       0.9163
 753.000       0.8541
 754.000       0.7550
 755.000       0.6222
 756.000       0.5435
 757.000       0.4876
 758.000       0.4566
 759.000       0.5180
 760.000       0.5088
 761.000       0.4898
 762.000       0.4774
 763.000       0.4416
 764.000       0.4791
 765.000       0.5238
 766.000       0.5114
 767.000       0.4831
 768.000       0.4947
 769.000       0.5625
 770.000       0.6036
 771.000       0.5626
 772.000       0.5825
 773.000       0.7612
 774.000       0.8632
 775.000       0.8799
 776.000       0.9989
 777.000       0.8533
 778.000       0.8456
 779.000       0.6371
 780.000       0.5907
 781.000       0.6402
 782.000       0.7087
 783.000       0.7919
 784.000       0.9519
 785.000       1.0631
 786.000       1.2496
 787.000       1.5787
 788.000       1.5045
 789.000       1.2097
 790.000       1.0224
 791.000       0.8849
 792.000       0.7634
 793.000       0.7041
 794.000       0.6321
 795.000       0.6030
 796.000       0.5272
 797.000       0.4996
 798.000       0.5019
 799.000       0.5248
 800.000       0.5468
 801.000       0.6863
 802.000       0.6103
 803.000       0.6476
 804.000       0.5973
 805.000       0.5388
 806.000       0.5881
 807.000       0.7347
 808.000       0.8654
 809.000       0.8939
 810.000       0.7820
 811.000       0.7339
 812.000       0.7895
 813.000       0.7412
 814.000       0.7466
 815.000       0.8083
 816.000       0.6903
 817.000       0.6516
 818.000       0.6009
 819.000       0.6108
 820.000       0.5623
 821.000       0.5256
 822.000       0.5259
 823.000       0.4996
 824.000       0.4575
 825.000       0.5199
 826.000       0.5461
 827.000       0.5470
 828.000       0.6287
 829.000       0.4720
 830.000       0.5503
 831.000       0.6011
 832.000       0.6183
 833.000       0.7911
 834.000       0.6897
 835.000       0.5706
 836.000       0.4673
 837.000       0.4666
 838.000       0.5185
 839.000       0.5357
 840.000       0.6340
 841.000       0.7210
 842.000       1.1548
 843.000       1.1989
 844.000       1.0004
 845.000       0.8817
 846.000       0.7357
 847.000       0.6500
 848.000       0.5799
 849.000       0.5542
 850.000       0.5935
 851.000       0.7098
 852.000       0.7752
 853.000       0.8570
 854.000       0.8332
 855.000       0.8017
 856.000       0.8085
 857.000       0.7602
 858.000       0.7673
 859.000       0.9290
 860.000       0.9788
 861.000       0.9429
 862.000       1.2440
 863.000       1.7895
