#Res        AtomicFlx
   1.000       4.7004
   2.000       3.1002
   3.000       2.4982
   4.000       1.5332
   5.000       1.4016
   6.000       1.3096
   7.000       1.0865
   8.000       0.9881
   9.000       1.0649
  10.000       0.9878
  11.000       0.8659
  12.000       0.9506
  13.000       1.0012
  14.000       0.9117
  15.000       0.9478
  16.000       1.3960
  17.000       1.4297
  18.000       1.0889
  19.000       0.8918
  20.000       0.8397
  21.000       0.7149
  22.000       0.6943
  23.000       0.7417
  24.000       0.7762
  25.000       0.9839
  26.000       1.2342
  27.000       1.3428
  28.000       0.9881
  29.000       0.8196
  30.000       0.7046
  31.000       0.7754
  32.000       0.7499
  33.000       0.6349
  34.000       0.6424
  35.000       0.7320
  36.000       0.7328
  37.000       0.6540
  38.000       0.6775
  39.000       0.7983
  40.000       0.7983
  41.000       0.7220
  42.000       0.7654
  43.000       0.9039
  44.000       0.8350
  45.000       0.8263
  46.000       0.6720
  47.000       0.5622
  48.000       0.5407
  49.000       0.4895
  50.000       0.4495
  51.000       0.4379
  52.000       0.4491
  53.000       0.4729
  54.000       0.4938
  55.000       0.5512
  56.000       0.6079
  57.000       0.5609
  58.000       0.5465
  59.000       0.6064
  60.000       0.6656
  61.000       0.5989
  62.000       0.5877
  63.000       0.6725
  64.000       0.6342
  65.000       0.5489
  66.000       0.6530
  67.000       0.7416
  68.000       0.7037
  69.000       0.6406
  70.000       0.7860
  71.000       0.6475
  72.000       0.5571
  73.000       0.5186
  74.000       0.4788
  75.000       0.4736
  76.000       0.4476
  77.000       0.4801
  78.000       0.4610
  79.000       0.5151
  80.000       0.4882
  81.000       0.4489
  82.000       0.4512
  83.000       0.5012
  84.000       0.5542
  85.000       0.5299
  86.000       0.5121
  87.000       0.5210
  88.000       0.5570
  89.000       0.5462
  90.000       0.5330
  91.000       0.5869
  92.000       0.6592
  93.000       0.6734
  94.000       0.7221
  95.000       0.5383
  96.000       0.4458
  97.000       0.4180
  98.000       0.4566
  99.000       0.5164
 100.000       0.5395
 101.000       0.5843
 102.000       0.6574
 103.000       0.6593
 104.000       0.5560
 105.000       0.5612
 106.000       0.6424
 107.000       0.6133
 108.000       0.5739
 109.000       0.7021
 110.000       0.7666
 111.000       0.7863
 112.000       0.9101
 113.000       0.7378
 114.000       0.6962
 115.000       0.7072
 116.000       0.6774
 117.000       0.5310
 118.000       0.4840
 119.000       0.4424
 120.000       0.4560
 121.000       0.4628
 122.000       0.4945
 123.000       0.5563
 124.000       0.5699
 125.000       0.4924
 126.000       0.5153
 127.000       0.5426
 128.000       0.6079
 129.000       0.5818
 130.000       0.5685
 131.000       0.6214
 132.000       0.6398
 133.000       0.6828
 134.000       0.7629
 135.000       0.7768
 136.000       0.7272
 137.000       0.7095
 138.000       0.6093
 139.000       0.5922
 140.000       0.5114
 141.000       0.4838
 142.000       0.4503
 143.000       0.4453
 144.000       0.5133
 145.000       0.5690
 146.000       0.5425
 147.000       0.5472
 148.000       0.5116
 149.000       0.5357
 150.000       0.6086
 151.000       0.6037
 152.000       0.5948
 153.000       0.7212
 154.000       0.8383
 155.000       0.7179
 156.000       0.7280
 157.000       1.3831
 158.000       0.8998
 159.000       0.6402
 160.000       0.5545
 161.000       0.4770
 162.000       0.4604
 163.000       0.4749
 164.000       0.4899
 165.000       0.5752
 166.000       0.7230
 167.000       0.8829
 168.000       0.9684
 169.000       0.9181
 170.000       1.0137
 171.000       1.0723
 172.000       0.9288
 173.000       0.9736
 174.000       0.9955
 175.000       0.9442
 176.000       0.7698
 177.000       0.7660
 178.000       0.7693
 179.000       0.5640
 180.000       0.5523
 181.000       0.5880
 182.000       0.6209
 183.000       0.7768
 184.000       0.9439
 185.000       1.0782
 186.000       0.9325
 187.000       0.7834
 188.000       0.8773
 189.000       0.8867
 190.000       0.7496
 191.000       0.7176
 192.000       0.7895
 193.000       0.7517
 194.000       0.6958
 195.000       0.7990
 196.000       0.8739
 197.000       0.8208
 198.000       0.8415
 199.000       0.7018
 200.000       0.6509
 201.000       0.5929
 202.000       0.5553
 203.000       0.5249
 204.000       0.4811
 205.000       0.4661
 206.000       0.5047
 207.000       0.5911
 208.000       0.6652
 209.000       0.7438
 210.000       0.7839
 211.000       0.8778
 212.000       0.7768
 213.000       0.8465
 214.000       1.0132
 215.000       0.9816
 216.000       1.2071
 217.000       1.0465
 218.000       0.8373
 219.000       0.8698
 220.000       0.9306
 221.000       0.8229
 222.000       0.7565
 223.000       0.8214
 224.000       0.7869
 225.000       0.7331
 226.000       0.7894
 227.000       0.8386
 228.000       0.7729
 229.000       0.8001
 230.000       0.9076
 231.000       0.8825
 232.000       0.8589
 233.000       1.0023
 234.000       1.0356
 235.000       0.9539
 236.000       0.9496
 237.000       0.8384
 238.000       0.9184
 239.000       0.7742
 240.000       0.6607
 241.000       0.5559
 242.000       0.4734
 243.000       0.4342
 244.000       0.4651
 245.000       0.5036
 246.000       0.6402
 247.000       0.8365
 248.000       0.8182
 249.000       0.9947
 250.000       1.1625
 251.000       1.1090
 252.000       1.1631
 253.000       1.3836
 254.000       1.2955
 255.000       1.3903
 256.000       1.1732
 257.000       0.9842
 258.000       0.8188
 259.000       0.8483
 260.000       0.8987
 261.000       0.8278
 262.000       0.8036
 263.000       0.9150
 264.000       0.9308
 265.000       0.8489
 266.000       0.8755
 267.000       0.9803
 268.000       0.9532
 269.000       0.8735
 270.000       0.9981
 271.000       1.0618
 272.000       0.9498
 273.000       0.8730
 274.000       1.0074
 275.000       1.1345
 276.000       1.2393
 277.000       1.1361
 278.000       1.0166
 279.000       0.7750
 280.000       0.6220
 281.000       0.5319
 282.000       0.4578
 283.000       0.4842
 284.000       0.4841
 285.000       0.5334
 286.000       0.5795
 287.000       0.5754
 288.000       0.5837
 289.000       0.5873
 290.000       0.5566
 291.000       0.7221
 292.000       0.5562
 293.000       0.5060
 294.000       0.4505
 295.000       0.4310
 296.000       0.4319
 297.000       0.4281
 298.000       0.4393
 299.000       0.4464
 300.000       0.4296
 301.000       0.4608
 302.000       0.4768
 303.000       0.5157
 304.000       0.5664
 305.000       0.6543
 306.000       0.6956
 307.000       0.8313
 308.000       0.8457
 309.000       0.8313
 310.000       0.8291
 311.000       1.0501
 312.000       1.3110
 313.000       1.3783
 314.000       1.2671
 315.000       1.2420
 316.000       1.3213
 317.000       1.2220
 318.000       1.1675
 319.000       1.1404
 320.000       1.0392
 321.000       0.9857
 322.000       0.8672
 323.000       0.7007
 324.000       0.6389
 325.000       0.5557
 326.000       0.4708
 327.000       0.4231
 328.000       0.4270
 329.000       0.4230
 330.000       0.4286
 331.000       0.4234
 332.000       0.4077
 333.000       0.4586
 334.000       0.4540
 335.000       0.4586
 336.000       0.4307
 337.000       0.4354
 338.000       0.5216
 339.000       0.5566
 340.000       0.5809
 341.000       0.6294
 342.000       0.7833
 343.000       0.8422
 344.000       0.7390
 345.000       0.6752
 346.000       0.6265
 347.000       0.6169
 348.000       0.5908
 349.000       0.6227
 350.000       0.7387
 351.000       0.9898
 352.000       1.2174
 353.000       1.5345
 354.000       1.5982
 355.000       1.7182
 356.000       1.9483
 357.000       1.7975
 358.000       1.3556
 359.000       1.1024
 360.000       0.9325
 361.000       0.7888
 362.000       0.7050
 363.000       0.6193
 364.000       0.5907
 365.000       0.5153
 366.000       0.4527
 367.000       0.4417
 368.000       0.4504
 369.000       0.4675
 370.000       0.5842
 371.000       0.5483
 372.000       0.5729
 373.000       0.5047
 374.000       0.4293
 375.000       0.4829
 376.000       0.4940
 377.000       0.5626
 378.000       0.6502
 379.000       0.6799
 380.000       0.7110
 381.000       0.7034
 382.000       0.6994
 383.000       0.7347
 384.000       0.7412
 385.000       0.6848
 386.000       0.6644
 387.000       0.5833
 388.000       0.5521
 389.000       0.5267
 390.000       0.5310
 391.000       0.5488
 392.000       0.4632
 393.000       0.4492
 394.000       0.5335
 395.000       0.5681
 396.000       0.5028
 397.000       0.5198
 398.000       0.4577
 399.000       0.5017
 400.000       0.4846
 401.000       0.5455
 402.000       0.4984
 403.000       0.4949
 404.000       0.4609
 405.000       0.5514
 406.000       0.7102
 407.000       0.6110
 408.000       0.7460
 409.000       0.8047
 410.000       0.6379
 411.000       0.6198
 412.000       0.5557
 413.000       0.5528
 414.000       0.5221
 415.000       0.5052
 416.000       0.4841
 417.000       0.5173
 418.000       0.5174
 419.000       0.6304
 420.000       0.8045
 421.000       0.9106
 422.000       0.9766
 423.000       0.9328
 424.000       0.9277
 425.000       0.9600
 426.000       0.9402
 427.000       0.8669
 428.000       0.9803
 429.000       1.0999
 430.000       1.1064
 431.000       1.3744
 432.000       2.1939
 433.000       2.0129
 434.000       1.5597
 435.000       1.1142
 436.000       1.2089
 437.000       1.2013
 438.000       0.9917
 439.000       0.8797
 440.000       0.9318
 441.000       0.8765
 442.000       0.7946
 443.000       0.8492
 444.000       0.9056
 445.000       0.8429
 446.000       0.8410
 447.000       0.9931
 448.000       1.0607
 449.000       0.9159
 450.000       0.8027
 451.000       0.7874
 452.000       0.7196
 453.000       0.7251
 454.000       0.7397
 455.000       0.7736
 456.000       0.9325
 457.000       1.1185
 458.000       1.2008
 459.000       0.9257
 460.000       0.8124
 461.000       0.7238
 462.000       0.7565
 463.000       0.7109
 464.000       0.6347
 465.000       0.6526
 466.000       0.6636
 467.000       0.6785
 468.000       0.7156
 469.000       0.7088
 470.000       0.8258
 471.000       0.9307
 472.000       0.9397
 473.000       1.0552
 474.000       1.2689
 475.000       0.9654
 476.000       0.7904
 477.000       0.7843
 478.000       0.6447
 479.000       0.6013
 480.000       0.5553
 481.000       0.5163
 482.000       0.5286
 483.000       0.5336
 484.000       0.5170
 485.000       0.5060
 486.000       0.5031
 487.000       0.5234
 488.000       0.5057
 489.000       0.4938
 490.000       0.5243
 491.000       0.5656
 492.000       0.5086
 493.000       0.5449
 494.000       0.6294
 495.000       0.5763
 496.000       0.5340
 497.000       0.6645
 498.000       0.7583
 499.000       0.6346
 500.000       0.6075
 501.000       0.7588
 502.000       0.6321
 503.000       0.5553
 504.000       0.5482
 505.000       0.5944
 506.000       0.5269
 507.000       0.4092
 508.000       0.4292
 509.000       0.4342
 510.000       0.4913
 511.000       0.4646
 512.000       0.4828
 513.000       0.5332
 514.000       0.5570
 515.000       0.5738
 516.000       0.5558
 517.000       0.5315
 518.000       0.5315
 519.000       0.5650
 520.000       0.5594
 521.000       0.5399
 522.000       0.5826
 523.000       0.6653
 524.000       0.6590
 525.000       0.6547
 526.000       0.5747
 527.000       0.5366
 528.000       0.4620
 529.000       0.4153
 530.000       0.4610
 531.000       0.5085
 532.000       0.5338
 533.000       0.5922
 534.000       0.6293
 535.000       0.5330
 536.000       0.5380
 537.000       0.6341
 538.000       0.6465
 539.000       0.6345
 540.000       0.7152
 541.000       0.7778
 542.000       0.7610
 543.000       0.9010
 544.000       0.7321
 545.000       0.7233
 546.000       0.7266
 547.000       0.7395
 548.000       0.5916
 549.000       0.5050
 550.000       0.4630
 551.000       0.4982
 552.000       0.5595
 553.000       0.5494
 554.000       0.6513
 555.000       0.9367
 556.000       0.6952
 557.000       0.5262
 558.000       0.6990
 559.000       0.7454
 560.000       0.6281
 561.000       0.5988
 562.000       0.6809
 563.000       0.6938
 564.000       0.6388
 565.000       0.6844
 566.000       0.7586
 567.000       0.7307
 568.000       0.6888
 569.000       0.5761
 570.000       0.5455
 571.000       0.4865
 572.000       0.4600
 573.000       0.4889
 574.000       0.4728
 575.000       0.4795
 576.000       0.5418
 577.000       0.5465
 578.000       0.5520
 579.000       0.5636
 580.000       0.7445
 581.000       0.7967
 582.000       0.6280
 583.000       0.6973
 584.000       1.0119
 585.000       0.9403
 586.000       0.6984
 587.000       0.6728
 588.000       1.1635
 589.000       0.7201
 590.000       0.6165
 591.000       0.5366
 592.000       0.4879
 593.000       0.4604
 594.000       0.4615
 595.000       0.4675
 596.000       0.5121
 597.000       0.6146
 598.000       0.6025
 599.000       0.6422
 600.000       0.5869
 601.000       0.6818
 602.000       0.7158
 603.000       0.6925
 604.000       0.7860
 605.000       0.7070
 606.000       0.6391
 607.000       0.5482
 608.000       0.5517
 609.000       0.5642
 610.000       0.4917
 611.000       0.4992
 612.000       0.5270
 613.000       0.5498
 614.000       0.6665
 615.000       0.7126
 616.000       0.7475
 617.000       0.7165
 618.000       0.6905
 619.000       0.7583
 620.000       0.7515
 621.000       0.6699
 622.000       0.7363
 623.000       0.8283
 624.000       0.8001
 625.000       0.8317
 626.000       0.9662
 627.000       1.0175
 628.000       1.0012
 629.000       1.0379
 630.000       0.8901
 631.000       0.6855
 632.000       0.6010
 633.000       0.5440
 634.000       0.5122
 635.000       0.4678
 636.000       0.4412
 637.000       0.4679
 638.000       0.5326
 639.000       0.5303
 640.000       0.5755
 641.000       0.6527
 642.000       0.8475
 643.000       0.6895
 644.000       0.7066
 645.000       0.6758
 646.000       0.6593
 647.000       0.6746
 648.000       0.6077
 649.000       0.5682
 650.000       0.6119
 651.000       0.6107
 652.000       0.5420
 653.000       0.5451
 654.000       0.6044
 655.000       0.5851
 656.000       0.5747
 657.000       0.6374
 658.000       0.6859
 659.000       0.6756
 660.000       0.7193
 661.000       0.7982
 662.000       0.8308
 663.000       0.8618
 664.000       0.9743
 665.000       1.0437
 666.000       1.0030
 667.000       1.0189
 668.000       0.8762
 669.000       0.8683
 670.000       0.7193
 671.000       0.6221
 672.000       0.5308
 673.000       0.4689
 674.000       0.4200
 675.000       0.4424
 676.000       0.4813
 677.000       0.6185
 678.000       0.6276
 679.000       0.5915
 680.000       0.5999
 681.000       0.6302
 682.000       0.6242
 683.000       0.7480
 684.000       0.8791
 685.000       0.8592
 686.000       0.9939
 687.000       0.8598
 688.000       0.7470
 689.000       0.6116
 690.000       0.6681
 691.000       0.7124
 692.000       0.6417
 693.000       0.6155
 694.000       0.6925
 695.000       0.6978
 696.000       0.6417
 697.000       0.6512
 698.000       0.7273
 699.000       0.7293
 700.000       0.7127
 701.000       0.7944
 702.000       0.8314
 703.000       0.7022
 704.000       0.7007
 705.000       0.8437
 706.000       1.0180
 707.000       1.1552
 708.000       1.0237
 709.000       0.9868
 710.000       0.7053
 711.000       0.5892
 712.000       0.4916
 713.000       0.4361
 714.000       0.4394
 715.000       0.4619
 716.000       0.5225
 717.000       0.5380
 718.000       0.4580
 719.000       0.4292
 720.000       0.5448
 721.000       0.5799
 722.000       0.6147
 723.000       0.6052
 724.000       0.5302
 725.000       0.5168
 726.000       0.5146
 727.000       0.4776
 728.000       0.4761
 729.000       0.4588
 730.000       0.4505
 731.000       0.4390
 732.000       0.4631
 733.000       0.4821
 734.000       0.5463
 735.000       0.6153
 736.000       0.7769
 737.000       1.0264
 738.000       1.3811
 739.000       1.5631
 740.000       1.6783
 741.000       1.8953
 742.000       2.2024
 743.000       2.3807
 744.000       2.6913
 745.000       2.5229
 746.000       2.1177
 747.000       2.0589
 748.000       1.9111
 749.000       1.7026
 750.000       1.5564
 751.000       1.2398
 752.000       0.9745
 753.000       0.9491
 754.000       0.7764
 755.000       0.6357
 756.000       0.5723
 757.000       0.4820
 758.000       0.4349
 759.000       0.4567
 760.000       0.4687
 761.000       0.5205
 762.000       0.6239
 763.000       0.5147
 764.000       0.5827
 765.000       0.5714
 766.000       0.5502
 767.000       0.5181
 768.000       0.5377
 769.000       0.5712
 770.000       0.6040
 771.000       0.6186
 772.000       0.6656
 773.000       0.7159
 774.000       0.7782
 775.000       0.7540
 776.000       0.9238
 777.000       0.8079
 778.000       0.9250
 779.000       0.6690
 780.000       0.5964
 781.000       0.5748
 782.000       0.5865
 783.000       0.6700
 784.000       0.9144
 785.000       1.1096
 786.000       1.4791
 787.000       2.1049
 788.000       1.8205
 789.000       1.2435
 790.000       1.0526
 791.000       0.8775
 792.000       0.7571
 793.000       0.7234
 794.000       0.6415
 795.000       0.5870
 796.000       0.5060
 797.000       0.5055
 798.000       0.5005
 799.000       0.5604
 800.000       0.5602
 801.000       0.6431
 802.000       0.6348
 803.000       0.6563
 804.000       0.5852
 805.000       0.5255
 806.000       0.5402
 807.000       0.6085
 808.000       0.6827
 809.000       0.7690
 810.000       0.7627
 811.000       0.7632
 812.000       0.7986
 813.000       0.7070
 814.000       0.6964
 815.000       0.7437
 816.000       0.6333
 817.000       0.6620
 818.000       0.6089
 819.000       0.5553
 820.000       0.5003
 821.000       0.4904
 822.000       0.4886
 823.000       0.4783
 824.000       0.5179
 825.000       0.7467
 826.000       0.8370
 827.000       0.8036
 828.000       0.9172
 829.000       0.6186
 830.000       0.4770
 831.000       0.5299
 832.000       0.5835
 833.000       0.7238
 834.000       0.6016
 835.000       0.7028
 836.000       0.6361
 837.000       0.5669
 838.000       0.6050
 839.000       0.6976
 840.000       0.7470
 841.000       0.7928
 842.000       0.9357
 843.000       1.0462
 844.000       0.9666
 845.000       0.7318
 846.000       0.6052
 847.000       0.5569
 848.000       0.5541
 849.000       0.5541
 850.000       0.5910
 851.000       0.6824
 852.000       0.7647
 853.000       0.7909
 854.000       0.7067
 855.000       0.7252
 856.000       0.8532
 857.000       0.8474
 858.000       0.8213
 859.000       1.0768
 860.000       1.2410
 861.000       1.2985
 862.000       1.6335
 863.000       3.0504
