#Res        AtomicFlx
   1.000       1.9433
   2.000       1.7269
   3.000       1.4647
   4.000       1.1174
   5.000       1.2582
   6.000       1.2947
   7.000       1.1045
   8.000       0.9913
   9.000       1.0808
  10.000       1.1019
  11.000       1.0129
  12.000       1.0438
  13.000       1.1659
  14.000       1.0655
  15.000       1.0270
  16.000       1.2028
  17.000       1.2010
  18.000       1.0617
  19.000       0.9053
  20.000       0.8409
  21.000       0.7299
  22.000       0.6821
  23.000       0.7364
  24.000       0.7762
  25.000       0.9378
  26.000       1.1314
  27.000       1.2521
  28.000       0.9615
  29.000       0.8229
  30.000       0.7317
  31.000       0.7530
  32.000       0.7534
  33.000       0.6785
  34.000       0.6518
  35.000       0.7117
  36.000       0.7284
  37.000       0.7209
  38.000       0.7460
  39.000       0.8264
  40.000       0.8381
  41.000       0.7438
  42.000       0.7401
  43.000       0.8492
  44.000       0.7551
  45.000       0.6660
  46.000       0.5923
  47.000       0.5480
  48.000       0.5587
  49.000       0.5252
  50.000       0.5175
  51.000       0.5082
  52.000       0.5162
  53.000       0.5521
  54.000       0.5471
  55.000       0.5831
  56.000       0.6667
  57.000       0.6695
  58.000       0.6234
  59.000       0.6563
  60.000       0.7454
  61.000       0.6721
  62.000       0.6338
  63.000       0.7349
  64.000       0.7187
  65.000       0.6557
  66.000       0.7369
  67.000       0.8082
  68.000       0.7624
  69.000       0.7088
  70.000       0.8039
  71.000       0.6788
  72.000       0.5949
  73.000       0.5378
  74.000       0.4881
  75.000       0.4616
  76.000       0.4466
  77.000       0.4668
  78.000       0.4888
  79.000       0.5657
  80.000       0.5069
  81.000       0.4869
  82.000       0.4983
  83.000       0.5283
  84.000       0.5677
  85.000       0.5203
  86.000       0.4932
  87.000       0.5097
  88.000       0.5570
  89.000       0.5590
  90.000       0.5130
  91.000       0.5824
  92.000       0.6970
  93.000       0.6637
  94.000       0.6631
  95.000       0.5419
  96.000       0.4827
  97.000       0.4676
  98.000       0.4894
  99.000       0.5601
 100.000       0.6399
 101.000       0.6279
 102.000       0.7503
 103.000       0.6850
 104.000       0.5941
 105.000       0.6253
 106.000       0.7258
 107.000       0.6939
 108.000       0.6150
 109.000       0.7194
 110.000       0.8339
 111.000       0.8964
 112.000       0.9634
 113.000       0.8197
 114.000       0.7466
 115.000       0.7339
 116.000       0.7424
 117.000       0.6087
 118.000       0.5396
 119.000       0.5206
 120.000       0.4728
 121.000       0.4748
 122.000       0.4677
 123.000       0.4765
 124.000       0.4800
 125.000       0.5330
 126.000       0.5986
 127.000       0.6661
 128.000       0.7147
 129.000       0.6713
 130.000       0.6187
 131.000       0.6644
 132.000       0.7074
 133.000       0.7005
 134.000       0.7292
 135.000       0.8036
 136.000       0.8212
 137.000       0.7692
 138.000       0.6490
 139.000       0.6002
 140.000       0.5362
 141.000       0.4981
 142.000       0.4993
 143.000       0.4839
 144.000       0.5070
 145.000       0.5626
 146.000       0.6376
 147.000       0.6862
 148.000       0.6144
 149.000       0.5971
 150.000       0.6777
 151.000       0.6406
 152.000       0.6108
 153.000       0.7247
 154.000       0.7670
 155.000       0.7201
 156.000       0.6983
 157.000       0.9823
 158.000       0.7453
 159.000       0.5981
 160.000       0.5414
 161.000       0.4953
 162.000       0.4688
 163.000       0.4743
 164.000       0.4895
 165.000       0.5365
 166.000       0.6230
 167.000       0.7609
 168.000       0.7718
 169.000       0.7009
 170.000       0.8701
 171.000       0.8669
 172.000       0.7967
 173.000       0.8674
 174.000       0.8038
 175.000       0.7183
 176.000       0.5697
 177.000       0.5864
 178.000       0.6303
 179.000       0.4941
 180.000       0.4857
 181.000       0.5423
 182.000       0.5844
 183.000       0.7332
 184.000       0.9645
 185.000       1.1875
 186.000       0.9372
 187.000       0.7149
 188.000       0.7722
 189.000       0.7778
 190.000       0.6539
 191.000       0.6473
 192.000       0.7224
 193.000       0.7050
 194.000       0.6588
 195.000       0.7487
 196.000       0.8122
 197.000       0.7813
 198.000       0.7843
 199.000       0.6581
 200.000       0.6247
 201.000       0.5937
 202.000       0.5496
 203.000       0.5265
 204.000       0.4926
 205.000       0.4538
 206.000       0.4844
 207.000       0.5295
 208.000       0.6145
 209.000       0.6627
 210.000       0.7680
 211.000       0.9478
 212.000       0.8633
 213.000       0.8528
 214.000       0.9363
 215.000       0.9418
 216.000       1.0291
 217.000       0.8104
 218.000       0.7454
 219.000       0.9056
 220.000       0.9166
 221.000       0.7282
 222.000       0.6979
 223.000       0.7806
 224.000       0.7441
 225.000       0.6546
 226.000       0.6959
 227.000       0.7301
 228.000       0.6858
 229.000       0.7112
 230.000       0.7840
 231.000       0.8060
 232.000       0.8063
 233.000       0.9112
 234.000       0.9487
 235.000       0.9087
 236.000       0.9216
 237.000       0.8652
 238.000       1.0347
 239.000       0.7558
 240.000       0.6462
 241.000       0.5581
 242.000       0.4960
 243.000       0.4635
 244.000       0.4979
 245.000       0.5063
 246.000       0.5829
 247.000       0.6678
 248.000       0.7057
 249.000       0.8004
 250.000       0.9870
 251.000       1.0241
 252.000       1.0680
 253.000       1.3639
 254.000       1.5528
 255.000       1.7094
 256.000       1.2323
 257.000       0.9378
 258.000       0.7957
 259.000       0.8634
 260.000       0.8932
 261.000       0.8065
 262.000       0.7915
 263.000       0.9109
 264.000       0.9052
 265.000       0.8009
 266.000       0.8062
 267.000       0.8908
 268.000       0.8925
 269.000       0.8220
 270.000       0.9018
 271.000       0.9550
 272.000       0.8234
 273.000       0.8036
 274.000       0.9611
 275.000       1.1503
 276.000       1.2000
 277.000       1.0627
 278.000       0.9698
 279.000       0.7336
 280.000       0.6206
 281.000       0.5637
 282.000       0.4806
 283.000       0.4762
 284.000       0.5207
 285.000       0.5357
 286.000       0.5251
 287.000       0.5327
 288.000       0.5369
 289.000       0.5438
 290.000       0.5444
 291.000       0.5509
 292.000       0.5953
 293.000       0.5720
 294.000       0.5525
 295.000       0.5138
 296.000       0.5164
 297.000       0.5080
 298.000       0.4780
 299.000       0.4538
 300.000       0.4363
 301.000       0.4766
 302.000       0.5056
 303.000       0.5711
 304.000       0.6249
 305.000       0.7375
 306.000       0.7933
 307.000       0.8821
 308.000       0.8772
 309.000       0.8949
 310.000       0.9559
 311.000       1.1583
 312.000       1.3440
 313.000       1.4246
 314.000       1.3477
 315.000       1.3467
 316.000       1.4780
 317.000       1.3527
 318.000       1.2099
 319.000       1.1929
 320.000       1.0156
 321.000       0.9910
 322.000       0.8935
 323.000       0.7656
 324.000       0.6817
 325.000       0.5939
 326.000       0.4869
 327.000       0.4460
 328.000       0.4597
 329.000       0.4799
 330.000       0.4971
 331.000       0.4836
 332.000       0.4480
 333.000       0.4706
 334.000       0.4892
 335.000       0.5139
 336.000       0.4780
 337.000       0.4747
 338.000       0.5211
 339.000       0.5289
 340.000       0.5388
 341.000       0.5607
 342.000       0.6177
 343.000       0.6837
 344.000       0.6999
 345.000       0.7462
 346.000       0.7146
 347.000       0.7496
 348.000       0.6486
 349.000       0.6618
 350.000       0.8154
 351.000       1.2550
 352.000       1.3850
 353.000       1.5115
 354.000       1.5009
 355.000       1.7359
 356.000       2.0405
 357.000       1.8951
 358.000       1.4443
 359.000       1.1531
 360.000       0.9647
 361.000       0.8154
 362.000       0.7346
 363.000       0.6434
 364.000       0.5788
 365.000       0.4943
 366.000       0.4981
 367.000       0.4816
 368.000       0.4748
 369.000       0.4778
 370.000       0.5502
 371.000       0.5378
 372.000       0.5907
 373.000       0.5118
 374.000       0.4620
 375.000       0.5047
 376.000       0.4965
 377.000       0.5540
 378.000       0.6597
 379.000       0.7187
 380.000       0.7525
 381.000       0.7419
 382.000       0.7063
 383.000       0.7315
 384.000       0.7420
 385.000       0.7108
 386.000       0.7244
 387.000       0.6277
 388.000       0.5907
 389.000       0.5557
 390.000       0.5371
 391.000       0.5706
 392.000       0.5348
 393.000       0.5458
 394.000       0.6505
 395.000       0.6876
 396.000       0.6052
 397.000       0.5542
 398.000       0.4947
 399.000       0.5479
 400.000       0.5322
 401.000       0.5472
 402.000       0.5668
 403.000       0.6215
 404.000       0.5635
 405.000       0.6192
 406.000       0.8416
 407.000       0.7050
 408.000       0.7139
 409.000       0.7886
 410.000       0.7990
 411.000       0.9056
 412.000       0.7813
 413.000       0.6872
 414.000       0.6178
 415.000       0.5796
 416.000       0.5563
 417.000       0.5341
 418.000       0.5378
 419.000       0.6636
 420.000       0.7997
 421.000       0.8588
 422.000       0.9197
 423.000       0.8519
 424.000       0.8527
 425.000       0.9417
 426.000       0.9610
 427.000       0.9104
 428.000       1.0741
 429.000       1.2072
 430.000       1.1907
 431.000       1.5076
 432.000       1.9660
 433.000       3.7501
 434.000       2.2702
 435.000       1.2535
 436.000       1.2138
 437.000       1.2396
 438.000       1.0927
 439.000       0.9972
 440.000       1.0931
 441.000       1.0752
 442.000       0.9428
 443.000       0.9872
 444.000       1.0902
 445.000       0.9662
 446.000       0.9166
 447.000       1.0632
 448.000       1.1305
 449.000       0.9584
 450.000       0.8379
 451.000       0.8059
 452.000       0.7245
 453.000       0.7252
 454.000       0.7990
 455.000       0.8312
 456.000       0.9599
 457.000       1.1018
 458.000       1.1652
 459.000       0.9053
 460.000       0.8085
 461.000       0.7388
 462.000       0.8256
 463.000       0.7905
 464.000       0.7348
 465.000       0.8040
 466.000       0.8466
 467.000       0.8284
 468.000       0.8088
 469.000       0.8590
 470.000       1.0425
 471.000       1.0968
 472.000       0.9771
 473.000       1.1258
 474.000       1.2871
 475.000       0.9981
 476.000       0.8693
 477.000       0.8600
 478.000       0.6534
 479.000       0.5942
 480.000       0.5545
 481.000       0.5263
 482.000       0.5177
 483.000       0.5202
 484.000       0.5066
 485.000       0.5249
 486.000       0.5718
 487.000       0.6524
 488.000       0.6540
 489.000       0.6393
 490.000       0.6772
 491.000       0.7638
 492.000       0.7273
 493.000       0.7085
 494.000       0.7691
 495.000       0.7304
 496.000       0.6600
 497.000       0.7619
 498.000       0.8549
 499.000       0.7717
 500.000       0.7123
 501.000       0.7977
 502.000       0.6803
 503.000       0.6105
 504.000       0.5827
 505.000       0.5985
 506.000       0.5434
 507.000       0.4454
 508.000       0.4532
 509.000       0.4636
 510.000       0.4834
 511.000       0.4689
 512.000       0.4996
 513.000       0.5395
 514.000       0.5551
 515.000       0.5899
 516.000       0.5717
 517.000       0.5351
 518.000       0.5518
 519.000       0.6172
 520.000       0.6002
 521.000       0.6059
 522.000       0.6961
 523.000       0.8027
 524.000       0.8148
 525.000       0.8725
 526.000       0.7408
 527.000       0.6428
 528.000       0.5026
 529.000       0.4596
 530.000       0.4986
 531.000       0.6037
 532.000       0.6111
 533.000       0.6724
 534.000       0.6568
 535.000       0.5794
 536.000       0.5933
 537.000       0.6741
 538.000       0.6477
 539.000       0.6399
 540.000       0.7780
 541.000       0.8440
 542.000       0.8564
 543.000       0.9625
 544.000       0.7795
 545.000       0.7587
 546.000       0.7391
 547.000       0.7514
 548.000       0.6395
 549.000       0.5991
 550.000       0.5883
 551.000       0.5530
 552.000       0.5465
 553.000       0.5834
 554.000       0.5896
 555.000       0.5503
 556.000       0.4818
 557.000       0.5083
 558.000       0.5522
 559.000       0.5623
 560.000       0.5478
 561.000       0.5331
 562.000       0.5728
 563.000       0.6001
 564.000       0.6123
 565.000       0.6809
 566.000       0.7339
 567.000       0.7131
 568.000       0.6837
 569.000       0.6000
 570.000       0.6199
 571.000       0.5353
 572.000       0.5011
 573.000       0.5022
 574.000       0.5067
 575.000       0.5635
 576.000       0.6514
 577.000       0.6767
 578.000       0.7296
 579.000       0.6879
 580.000       0.6563
 581.000       0.7653
 582.000       0.7462
 583.000       0.6858
 584.000       0.8125
 585.000       0.8648
 586.000       0.7798
 587.000       0.7618
 588.000       1.2732
 589.000       0.8962
 590.000       0.6333
 591.000       0.5742
 592.000       0.5283
 593.000       0.4918
 594.000       0.4852
 595.000       0.5136
 596.000       0.5779
 597.000       0.7014
 598.000       0.7592
 599.000       0.8129
 600.000       0.7661
 601.000       0.9142
 602.000       0.9310
 603.000       0.8658
 604.000       0.9228
 605.000       0.8436
 606.000       0.7364
 607.000       0.6060
 608.000       0.6236
 609.000       0.6333
 610.000       0.5005
 611.000       0.5184
 612.000       0.6095
 613.000       0.6289
 614.000       0.7724
 615.000       0.9876
 616.000       1.2723
 617.000       1.0317
 618.000       0.8412
 619.000       0.9040
 620.000       0.9389
 621.000       0.8140
 622.000       0.7683
 623.000       0.8379
 624.000       0.8258
 625.000       0.7907
 626.000       0.8860
 627.000       0.9675
 628.000       0.9297
 629.000       0.9173
 630.000       0.7751
 631.000       0.7150
 632.000       0.6487
 633.000       0.5946
 634.000       0.5692
 635.000       0.5139
 636.000       0.4924
 637.000       0.5038
 638.000       0.5525
 639.000       0.6020
 640.000       0.6283
 641.000       0.7134
 642.000       0.9003
 643.000       0.8978
 644.000       1.1395
 645.000       1.0252
 646.000       0.9759
 647.000       0.9685
 648.000       0.8795
 649.000       0.7903
 650.000       0.8237
 651.000       0.8461
 652.000       0.7375
 653.000       0.7126
 654.000       0.8141
 655.000       0.8371
 656.000       0.7515
 657.000       0.8039
 658.000       0.8883
 659.000       0.8322
 660.000       0.8691
 661.000       0.9374
 662.000       0.9331
 663.000       0.9269
 664.000       1.0805
 665.000       1.1142
 666.000       1.0075
 667.000       1.0560
 668.000       0.9197
 669.000       0.9883
 670.000       0.7937
 671.000       0.7262
 672.000       0.6298
 673.000       0.5220
 674.000       0.4603
 675.000       0.4893
 676.000       0.5337
 677.000       0.9965
 678.000       0.8983
 679.000       0.7008
 680.000       0.7867
 681.000       1.0069
 682.000       1.0777
 683.000       1.1428
 684.000       1.3627
 685.000       1.3571
 686.000       1.7122
 687.000       1.3184
 688.000       1.1611
 689.000       0.9629
 690.000       0.9152
 691.000       0.9903
 692.000       0.8845
 693.000       0.7672
 694.000       0.8290
 695.000       0.8390
 696.000       0.7489
 697.000       0.7334
 698.000       0.8185
 699.000       0.7925
 700.000       0.7356
 701.000       0.8601
 702.000       0.9192
 703.000       0.8321
 704.000       0.7978
 705.000       0.9627
 706.000       1.1465
 707.000       1.3030
 708.000       1.2036
 709.000       1.1516
 710.000       0.8615
 711.000       0.7252
 712.000       0.5394
 713.000       0.4722
 714.000       0.4729
 715.000       0.4883
 716.000       0.5470
 717.000       0.5526
 718.000       0.5144
 719.000       0.5239
 720.000       0.5944
 721.000       0.5522
 722.000       0.5558
 723.000       0.5835
 724.000       0.5401
 725.000       0.5130
 726.000       0.4896
 727.000       0.4941
 728.000       0.4970
 729.000       0.4871
 730.000       0.4810
 731.000       0.4676
 732.000       0.4967
 733.000       0.5100
 734.000       0.5599
 735.000       0.6573
 736.000       0.8358
 737.000       1.0014
 738.000       1.2728
 739.000       1.6595
 740.000       1.8838
 741.000       2.0394
 742.000       2.3965
 743.000       2.7194
 744.000       3.0769
 745.000       2.9197
 746.000       2.4720
 747.000       2.4802
 748.000       2.2101
 749.000       1.6933
 750.000       1.4782
 751.000       1.2113
 752.000       1.0416
 753.000       0.9665
 754.000       0.8111
 755.000       0.6870
 756.000       0.5899
 757.000       0.5026
 758.000       0.4540
 759.000       0.4684
 760.000       0.4728
 761.000       0.4725
 762.000       0.4776
 763.000       0.4648
 764.000       0.4925
 765.000       0.5015
 766.000       0.5020
 767.000       0.4778
 768.000       0.4818
 769.000       0.5161
 770.000       0.5637
 771.000       0.5787
 772.000       0.5962
 773.000       0.6942
 774.000       0.8115
 775.000       0.7728
 776.000       0.8846
 777.000       0.8257
 778.000       0.8637
 779.000       0.6630
 780.000       0.6775
 781.000       0.7235
 782.000       0.7526
 783.000       0.8428
 784.000       1.2009
 785.000       1.4322
 786.000       1.7764
 787.000       2.2878
 788.000       1.8844
 789.000       1.3220
 790.000       1.1199
 791.000       0.9547
 792.000       0.8658
 793.000       0.8244
 794.000       0.7071
 795.000       0.6107
 796.000       0.5091
 797.000       0.4902
 798.000       0.4866
 799.000       0.4830
 800.000       0.4922
 801.000       0.5624
 802.000       0.5316
 803.000       0.6178
 804.000       0.5953
 805.000       0.5053
 806.000       0.5294
 807.000       0.5497
 808.000       0.6304
 809.000       0.7290
 810.000       0.7603
 811.000       0.7925
 812.000       0.8456
 813.000       0.8074
 814.000       0.8194
 815.000       0.8727
 816.000       0.7585
 817.000       0.7129
 818.000       0.6472
 819.000       0.6125
 820.000       0.5700
 821.000       0.5566
 822.000       0.5456
 823.000       0.5230
 824.000       0.5212
 825.000       0.6392
 826.000       0.7221
 827.000       0.6758
 828.000       0.7184
 829.000       0.5459
 830.000       0.5207
 831.000       0.5600
 832.000       0.6369
 833.000       0.7280
 834.000       0.5474
 835.000       0.5282
 836.000       0.5414
 837.000       0.5968
 838.000       0.7253
 839.000       0.9668
 840.000       1.1022
 841.000       1.2737
 842.000       1.3419
 843.000       1.4946
 844.000       1.2748
 845.000       0.7493
 846.000       0.5881
 847.000       0.5502
 848.000       0.5530
 849.000       0.5683
 850.000       0.6601
 851.000       0.8022
 852.000       0.9237
 853.000       0.9437
 854.000       0.8451
 855.000       0.8824
 856.000       0.9933
 857.000       0.9666
 858.000       0.9462
 859.000       1.1406
 860.000       1.2195
 861.000       1.2054
 862.000       1.4636
 863.000       2.4755
