#Res        AtomicFlx
   1.000       2.1611
   2.000       1.6200
   3.000       1.3116
   4.000       1.0669
   5.000       1.2789
   6.000       1.3015
   7.000       1.0561
   8.000       0.9333
   9.000       0.9792
  10.000       0.9314
  11.000       0.8609
  12.000       0.9286
  13.000       0.9875
  14.000       0.9010
  15.000       0.9275
  16.000       1.1785
  17.000       1.2182
  18.000       0.9867
  19.000       0.8696
  20.000       0.8255
  21.000       0.7039
  22.000       0.6925
  23.000       0.7132
  24.000       0.7501
  25.000       0.9151
  26.000       1.0662
  27.000       1.2089
  28.000       0.9145
  29.000       0.7617
  30.000       0.6908
  31.000       0.7378
  32.000       0.7336
  33.000       0.6724
  34.000       0.6874
  35.000       0.7393
  36.000       0.7634
  37.000       0.7696
  38.000       0.8179
  39.000       0.9176
  40.000       0.9576
  41.000       0.9601
  42.000       1.0882
  43.000       1.1281
  44.000       0.9479
  45.000       0.8579
  46.000       0.6263
  47.000       0.5452
  48.000       0.5428
  49.000       0.4984
  50.000       0.4749
  51.000       0.4695
  52.000       0.4729
  53.000       0.4769
  54.000       0.4764
  55.000       0.4788
  56.000       0.5137
  57.000       0.5253
  58.000       0.5147
  59.000       0.5319
  60.000       0.5890
  61.000       0.5642
  62.000       0.5436
  63.000       0.6241
  64.000       0.6064
  65.000       0.6016
  66.000       0.7030
  67.000       0.7648
  68.000       0.7479
  69.000       0.7015
  70.000       0.8872
  71.000       0.6907
  72.000       0.5910
  73.000       0.5339
  74.000       0.4692
  75.000       0.4330
  76.000       0.4160
  77.000       0.4528
  78.000       0.4861
  79.000       0.5563
  80.000       0.5127
  81.000       0.5045
  82.000       0.4987
  83.000       0.5390
  84.000       0.5733
  85.000       0.5270
  86.000       0.5030
  87.000       0.5145
  88.000       0.5370
  89.000       0.5034
  90.000       0.5376
  91.000       0.6075
  92.000       0.6254
  93.000       0.6455
  94.000       0.6498
  95.000       0.5023
  96.000       0.4612
  97.000       0.4556
  98.000       0.4700
  99.000       0.5293
 100.000       0.6500
 101.000       0.7912
 102.000       0.9096
 103.000       0.8684
 104.000       0.6888
 105.000       0.6949
 106.000       0.8118
 107.000       0.7589
 108.000       0.7008
 109.000       0.8367
 110.000       0.9119
 111.000       0.9112
 112.000       1.0177
 113.000       0.8443
 114.000       0.7850
 115.000       0.7406
 116.000       0.7239
 117.000       0.6024
 118.000       0.5418
 119.000       0.4973
 120.000       0.4827
 121.000       0.4594
 122.000       0.4384
 123.000       0.4299
 124.000       0.4426
 125.000       0.4722
 126.000       0.5315
 127.000       0.5874
 128.000       0.6488
 129.000       0.6110
 130.000       0.5742
 131.000       0.6346
 132.000       0.6848
 133.000       0.6726
 134.000       0.7111
 135.000       0.7795
 136.000       0.7699
 137.000       0.7389
 138.000       0.6288
 139.000       0.5837
 140.000       0.5340
 141.000       0.5150
 142.000       0.4362
 143.000       0.4104
 144.000       0.4611
 145.000       0.5107
 146.000       0.5452
 147.000       0.5784
 148.000       0.4931
 149.000       0.5369
 150.000       0.6139
 151.000       0.6020
 152.000       0.6053
 153.000       0.7085
 154.000       0.8273
 155.000       0.6997
 156.000       0.7173
 157.000       1.2414
 158.000       0.8178
 159.000       0.6153
 160.000       0.5609
 161.000       0.4919
 162.000       0.4438
 163.000       0.4327
 164.000       0.4421
 165.000       0.5016
 166.000       0.5928
 167.000       0.7143
 168.000       0.8218
 169.000       0.7593
 170.000       0.9627
 171.000       1.0347
 172.000       0.9892
 173.000       1.0927
 174.000       0.9557
 175.000       0.7947
 176.000       0.6203
 177.000       0.5995
 178.000       0.6266
 179.000       0.4941
 180.000       0.4894
 181.000       0.5377
 182.000       0.5629
 183.000       0.6758
 184.000       0.7941
 185.000       0.9270
 186.000       0.8006
 187.000       0.6893
 188.000       0.7573
 189.000       0.7329
 190.000       0.6217
 191.000       0.6400
 192.000       0.7039
 193.000       0.6680
 194.000       0.6486
 195.000       0.7507
 196.000       0.8045
 197.000       0.7839
 198.000       0.8159
 199.000       0.6899
 200.000       0.6447
 201.000       0.5920
 202.000       0.5636
 203.000       0.5277
 204.000       0.4840
 205.000       0.4542
 206.000       0.4774
 207.000       0.5451
 208.000       0.6313
 209.000       0.7174
 210.000       0.8904
 211.000       1.1205
 212.000       1.0327
 213.000       1.2046
 214.000       1.1057
 215.000       1.0361
 216.000       0.9465
 217.000       0.8217
 218.000       0.7365
 219.000       0.7928
 220.000       0.7998
 221.000       0.6881
 222.000       0.6433
 223.000       0.7037
 224.000       0.6934
 225.000       0.6328
 226.000       0.6737
 227.000       0.7149
 228.000       0.6668
 229.000       0.7054
 230.000       0.7823
 231.000       0.7851
 232.000       0.7873
 233.000       0.9116
 234.000       0.9363
 235.000       0.8625
 236.000       0.8971
 237.000       0.8320
 238.000       0.9435
 239.000       0.7266
 240.000       0.6580
 241.000       0.5900
 242.000       0.5239
 243.000       0.4694
 244.000       0.5170
 245.000       0.6058
 246.000       0.9221
 247.000       0.6760
 248.000       0.5842
 249.000       0.7297
 250.000       1.0460
 251.000       1.0919
 252.000       1.0162
 253.000       1.2533
 254.000       1.2252
 255.000       1.4086
 256.000       1.0998
 257.000       0.9272
 258.000       0.7977
 259.000       0.8280
 260.000       0.9506
 261.000       1.0722
 262.000       1.0257
 263.000       1.1435
 264.000       1.0898
 265.000       0.9443
 266.000       0.8818
 267.000       0.8430
 268.000       0.8354
 269.000       0.9049
 270.000       1.0153
 271.000       0.9672
 272.000       0.8427
 273.000       0.8050
 274.000       0.9340
 275.000       1.0678
 276.000       1.1620
 277.000       1.0517
 278.000       1.0136
 279.000       0.7602
 280.000       0.6505
 281.000       0.5604
 282.000       0.4880
 283.000       0.4711
 284.000       0.4717
 285.000       0.4637
 286.000       0.5160
 287.000       0.5025
 288.000       0.5505
 289.000       0.5243
 290.000       0.4984
 291.000       0.5152
 292.000       0.5621
 293.000       0.5213
 294.000       0.5046
 295.000       0.4802
 296.000       0.4798
 297.000       0.4744
 298.000       0.4739
 299.000       0.4528
 300.000       0.4409
 301.000       0.4326
 302.000       0.4430
 303.000       0.4826
 304.000       0.5068
 305.000       0.6009
 306.000       0.6646
 307.000       0.8081
 308.000       0.7885
 309.000       0.7808
 310.000       0.8375
 311.000       1.0235
 312.000       1.1794
 313.000       1.2313
 314.000       1.1592
 315.000       1.1248
 316.000       1.2136
 317.000       1.1472
 318.000       1.0345
 319.000       1.0052
 320.000       0.8754
 321.000       0.8665
 322.000       0.7791
 323.000       0.6699
 324.000       0.5577
 325.000       0.4959
 326.000       0.4608
 327.000       0.4208
 328.000       0.4472
 329.000       0.4452
 330.000       0.4519
 331.000       0.4581
 332.000       0.4473
 333.000       0.4649
 334.000       0.4815
 335.000       0.4785
 336.000       0.4932
 337.000       0.5195
 338.000       0.5910
 339.000       0.5911
 340.000       0.5974
 341.000       0.6544
 342.000       0.7945
 343.000       0.8609
 344.000       0.8595
 345.000       0.9236
 346.000       0.8243
 347.000       0.8251
 348.000       0.6890
 349.000       0.6368
 350.000       0.6997
 351.000       0.7622
 352.000       0.8573
 353.000       1.0763
 354.000       1.2097
 355.000       1.3281
 356.000       1.5370
 357.000       1.4527
 358.000       1.1729
 359.000       1.0238
 360.000       0.8590
 361.000       0.7113
 362.000       0.6568
 363.000       0.5807
 364.000       0.5191
 365.000       0.4672
 366.000       0.4500
 367.000       0.4379
 368.000       0.4306
 369.000       0.4485
 370.000       0.5393
 371.000       0.4803
 372.000       0.5318
 373.000       0.5121
 374.000       0.4472
 375.000       0.5141
 376.000       0.5410
 377.000       0.5967
 378.000       0.6582
 379.000       0.6576
 380.000       0.6644
 381.000       0.7295
 382.000       0.7179
 383.000       0.7292
 384.000       0.7966
 385.000       0.6747
 386.000       0.6186
 387.000       0.5291
 388.000       0.5446
 389.000       0.5350
 390.000       0.5458
 391.000       0.5595
 392.000       0.5172
 393.000       0.5186
 394.000       0.5878
 395.000       0.6132
 396.000       0.5366
 397.000       0.5051
 398.000       0.4592
 399.000       0.5600
 400.000       0.5316
 401.000       0.5519
 402.000       0.5446
 403.000       0.5616
 404.000       0.5038
 405.000       0.5331
 406.000       0.6288
 407.000       0.6143
 408.000       0.6147
 409.000       0.7069
 410.000       0.6023
 411.000       0.6069
 412.000       0.5604
 413.000       0.5378
 414.000       0.5500
 415.000       0.5329
 416.000       0.5170
 417.000       0.5175
 418.000       0.5083
 419.000       0.5990
 420.000       0.6928
 421.000       0.7229
 422.000       0.7307
 423.000       0.6629
 424.000       0.6792
 425.000       0.7486
 426.000       0.7194
 427.000       0.7121
 428.000       0.8841
 429.000       0.9099
 430.000       0.8552
 431.000       1.1602
 432.000       1.5198
 433.000       3.5297
 434.000       2.8516
 435.000       1.5756
 436.000       1.3973
 437.000       1.3049
 438.000       1.0814
 439.000       0.9874
 440.000       1.0341
 441.000       0.9303
 442.000       0.8296
 443.000       0.9025
 444.000       0.9458
 445.000       0.8691
 446.000       0.8713
 447.000       1.0204
 448.000       1.1119
 449.000       1.0032
 450.000       0.8800
 451.000       0.8517
 452.000       0.7584
 453.000       0.7634
 454.000       0.8029
 455.000       0.8633
 456.000       1.0673
 457.000       1.2586
 458.000       1.4320
 459.000       1.1172
 460.000       0.9809
 461.000       0.8353
 462.000       0.9036
 463.000       0.8864
 464.000       0.7395
 465.000       0.7041
 466.000       0.7993
 467.000       0.8675
 468.000       0.8328
 469.000       0.9124
 470.000       1.1844
 471.000       1.2435
 472.000       1.2666
 473.000       1.5370
 474.000       1.6833
 475.000       1.5020
 476.000       1.4612
 477.000       1.2840
 478.000       0.7941
 479.000       0.6598
 480.000       0.5920
 481.000       0.5319
 482.000       0.5069
 483.000       0.5343
 484.000       0.5522
 485.000       0.5494
 486.000       0.5401
 487.000       0.5724
 488.000       0.5677
 489.000       0.5363
 490.000       0.5780
 491.000       0.6701
 492.000       0.6306
 493.000       0.5636
 494.000       0.6256
 495.000       0.6132
 496.000       0.5708
 497.000       0.6499
 498.000       0.7379
 499.000       0.6833
 500.000       0.6473
 501.000       0.7492
 502.000       0.6454
 503.000       0.5773
 504.000       0.5646
 505.000       0.6177
 506.000       0.5795
 507.000       0.4575
 508.000       0.4918
 509.000       0.4877
 510.000       0.4951
 511.000       0.4911
 512.000       0.4705
 513.000       0.4935
 514.000       0.6394
 515.000       0.6234
 516.000       0.5560
 517.000       0.5627
 518.000       0.5850
 519.000       0.6027
 520.000       0.5834
 521.000       0.5788
 522.000       0.6348
 523.000       0.7173
 524.000       0.7156
 525.000       0.7212
 526.000       0.6338
 527.000       0.5632
 528.000       0.4741
 529.000       0.4329
 530.000       0.4808
 531.000       0.5259
 532.000       0.5070
 533.000       0.5636
 534.000       0.6135
 535.000       0.5480
 536.000       0.5381
 537.000       0.6166
 538.000       0.6062
 539.000       0.6099
 540.000       0.7269
 541.000       0.7739
 542.000       0.8068
 543.000       0.9090
 544.000       0.7378
 545.000       0.7191
 546.000       0.7137
 547.000       0.7488
 548.000       0.6273
 549.000       0.5334
 550.000       0.4834
 551.000       0.4493
 552.000       0.5485
 553.000       0.5002
 554.000       0.5451
 555.000       0.4878
 556.000       0.4385
 557.000       0.4820
 558.000       0.5581
 559.000       0.5749
 560.000       0.5147
 561.000       0.5244
 562.000       0.6127
 563.000       0.6479
 564.000       0.6539
 565.000       0.7222
 566.000       0.7746
 567.000       0.7525
 568.000       0.6870
 569.000       0.5661
 570.000       0.5605
 571.000       0.5056
 572.000       0.4668
 573.000       0.4570
 574.000       0.4409
 575.000       0.4400
 576.000       0.4659
 577.000       0.4903
 578.000       0.4701
 579.000       0.4474
 580.000       0.5146
 581.000       0.5615
 582.000       0.5247
 583.000       0.5590
 584.000       0.6848
 585.000       0.7214
 586.000       0.6591
 587.000       0.6834
 588.000       1.2816
 589.000       0.7194
 590.000       0.5881
 591.000       0.5240
 592.000       0.4921
 593.000       0.4780
 594.000       0.4793
 595.000       0.4852
 596.000       0.5332
 597.000       0.6299
 598.000       0.6621
 599.000       0.6802
 600.000       0.6437
 601.000       0.7692
 602.000       0.7645
 603.000       0.7608
 604.000       0.8390
 605.000       0.7759
 606.000       0.6632
 607.000       0.5289
 608.000       0.5624
 609.000       0.5834
 610.000       0.4719
 611.000       0.4631
 612.000       0.5117
 613.000       0.5711
 614.000       0.6453
 615.000       0.7205
 616.000       0.8280
 617.000       0.7360
 618.000       0.6658
 619.000       0.7877
 620.000       0.8126
 621.000       0.6973
 622.000       0.6962
 623.000       0.7989
 624.000       0.7585
 625.000       0.7390
 626.000       0.8480
 627.000       0.8847
 628.000       0.8581
 629.000       0.8992
 630.000       0.7376
 631.000       0.6735
 632.000       0.6214
 633.000       0.5871
 634.000       0.5580
 635.000       0.5148
 636.000       0.4823
 637.000       0.4740
 638.000       0.5077
 639.000       0.5385
 640.000       0.6046
 641.000       0.7206
 642.000       0.8622
 643.000       0.7980
 644.000       1.0867
 645.000       0.8464
 646.000       0.7158
 647.000       0.7223
 648.000       0.6469
 649.000       0.6223
 650.000       0.6325
 651.000       0.6410
 652.000       0.6205
 653.000       0.5977
 654.000       0.6686
 655.000       0.7077
 656.000       0.6472
 657.000       0.6989
 658.000       0.7525
 659.000       0.6802
 660.000       0.7350
 661.000       0.8514
 662.000       0.8450
 663.000       0.8606
 664.000       1.0119
 665.000       1.0682
 666.000       1.0244
 667.000       1.0975
 668.000       1.0015
 669.000       1.0865
 670.000       0.8057
 671.000       0.7031
 672.000       0.6144
 673.000       0.5344
 674.000       0.4766
 675.000       0.4703
 676.000       0.5170
 677.000       0.7110
 678.000       0.8178
 679.000       0.6923
 680.000       0.7164
 681.000       0.8116
 682.000       0.9519
 683.000       0.9364
 684.000       1.1244
 685.000       1.2736
 686.000       1.6964
 687.000       1.3058
 688.000       1.0224
 689.000       0.7941
 690.000       0.8165
 691.000       0.8482
 692.000       0.7439
 693.000       0.6777
 694.000       0.7228
 695.000       0.7126
 696.000       0.6584
 697.000       0.6672
 698.000       0.7276
 699.000       0.6854
 700.000       0.6514
 701.000       0.7633
 702.000       0.7794
 703.000       0.7014
 704.000       0.6989
 705.000       0.8302
 706.000       0.9868
 707.000       1.0975
 708.000       1.0376
 709.000       1.0128
 710.000       0.7796
 711.000       0.6688
 712.000       0.5301
 713.000       0.4980
 714.000       0.5198
 715.000       0.6565
 716.000       0.7914
 717.000       0.6625
 718.000       0.5788
 719.000       0.5361
 720.000       0.6830
 721.000       0.6472
 722.000       0.7155
 723.000       0.6946
 724.000       0.5883
 725.000       0.5731
 726.000       0.5229
 727.000       0.5056
 728.000       0.5032
 729.000       0.4965
 730.000       0.5059
 731.000       0.4980
 732.000       0.5359
 733.000       0.5667
 734.000       0.6226
 735.000       0.6583
 736.000       0.8608
 737.000       1.0246
 738.000       1.4670
 739.000       1.9769
 740.000       2.6913
 741.000       3.0319
 742.000       3.5755
 743.000       4.1915
 744.000       4.9809
 745.000       4.9082
 746.000       3.8517
 747.000       3.8379
 748.000       3.8818
 749.000       3.1796
 750.000       2.6793
 751.000       2.4413
 752.000       1.8801
 753.000       1.2661
 754.000       0.9186
 755.000       0.7195
 756.000       0.6075
 757.000       0.5203
 758.000       0.4701
 759.000       0.4705
 760.000       0.4715
 761.000       0.4696
 762.000       0.4856
 763.000       0.4784
 764.000       0.5305
 765.000       0.5300
 766.000       0.5389
 767.000       0.5192
 768.000       0.5406
 769.000       0.5842
 770.000       0.6063
 771.000       0.6087
 772.000       0.6176
 773.000       0.7170
 774.000       0.7764
 775.000       0.7334
 776.000       0.8153
 777.000       0.7856
 778.000       0.7253
 779.000       0.6326
 780.000       0.6557
 781.000       0.7281
 782.000       0.7589
 783.000       1.0343
 784.000       1.3266
 785.000       1.6347
 786.000       2.0583
 787.000       2.5962
 788.000       2.1679
 789.000       1.5723
 790.000       1.3459
 791.000       1.1674
 792.000       0.9330
 793.000       0.8379
 794.000       0.7264
 795.000       0.6064
 796.000       0.5070
 797.000       0.4941
 798.000       0.4961
 799.000       0.4891
 800.000       0.4990
 801.000       0.5869
 802.000       0.6078
 803.000       0.6655
 804.000       0.6219
 805.000       0.5242
 806.000       0.5501
 807.000       0.5422
 808.000       0.7232
 809.000       0.8389
 810.000       0.8699
 811.000       0.9005
 812.000       1.0082
 813.000       0.9891
 814.000       1.0904
 815.000       1.0770
 816.000       0.9217
 817.000       0.8971
 818.000       0.8299
 819.000       0.7943
 820.000       0.7335
 821.000       0.6487
 822.000       0.6468
 823.000       0.5622
 824.000       0.5469
 825.000       0.7919
 826.000       1.0131
 827.000       0.7802
 828.000       1.0247
 829.000       0.6101
 830.000       0.6209
 831.000       0.6273
 832.000       0.6787
 833.000       0.7984
 834.000       0.5810
 835.000       0.5874
 836.000       0.5976
 837.000       0.5652
 838.000       0.6144
 839.000       1.0604
 840.000       1.1605
 841.000       0.8674
 842.000       0.9772
 843.000       1.0430
 844.000       0.9228
 845.000       0.6164
 846.000       0.5795
 847.000       0.5415
 848.000       0.5899
 849.000       0.5912
 850.000       0.6435
 851.000       0.7744
 852.000       0.8667
 853.000       0.8962
 854.000       0.8046
 855.000       0.8019
 856.000       0.9287
 857.000       0.8948
 858.000       0.8202
 859.000       1.0706
 860.000       1.1775
 861.000       1.1495
 862.000       1.8770
 863.000       2.8728
