#Res        AtomicFlx
   1.000       1.6456
   2.000       1.3603
   3.000       1.1987
   4.000       1.0255
   5.000       1.1669
   6.000       1.1503
   7.000       0.9653
   8.000       0.8893
   9.000       0.9191
  10.000       0.8450
  11.000       0.7981
  12.000       0.8684
  13.000       0.8827
  14.000       0.8406
  15.000       0.8891
  16.000       1.0557
  17.000       1.1224
  18.000       0.9887
  19.000       0.8536
  20.000       0.8302
  21.000       0.7180
  22.000       0.7057
  23.000       0.7265
  24.000       0.7663
  25.000       0.9300
  26.000       1.1046
  27.000       1.1574
  28.000       0.8940
  29.000       0.7380
  30.000       0.6596
  31.000       0.7229
  32.000       0.7382
  33.000       0.6696
  34.000       0.6566
  35.000       0.7120
  36.000       0.6859
  37.000       0.6288
  38.000       0.6447
  39.000       0.7337
  40.000       0.7334
  41.000       0.6898
  42.000       0.7300
  43.000       0.8766
  44.000       0.8466
  45.000       0.8035
  46.000       0.6260
  47.000       0.5636
  48.000       0.5790
  49.000       0.5284
  50.000       0.5028
  51.000       0.5183
  52.000       0.5034
  53.000       0.4804
  54.000       0.4880
  55.000       0.5259
  56.000       0.6131
  57.000       0.6047
  58.000       0.6076
  59.000       0.6661
  60.000       0.7341
  61.000       0.6597
  62.000       0.5832
  63.000       0.6025
  64.000       0.5663
  65.000       0.5356
  66.000       0.5987
  67.000       0.6741
  68.000       0.6551
  69.000       0.6196
  70.000       0.7045
  71.000       0.6030
  72.000       0.5590
  73.000       0.5028
  74.000       0.4498
  75.000       0.4414
  76.000       0.4277
  77.000       0.4561
  78.000       0.4622
  79.000       0.4958
  80.000       0.4610
  81.000       0.4751
  82.000       0.4674
  83.000       0.5151
  84.000       0.5217
  85.000       0.4818
  86.000       0.4656
  87.000       0.4779
  88.000       0.4948
  89.000       0.4738
  90.000       0.4655
  91.000       0.5108
  92.000       0.5879
  93.000       0.6146
  94.000       0.6254
  95.000       0.5118
  96.000       0.4516
  97.000       0.4377
  98.000       0.4962
  99.000       0.6258
 100.000       0.7326
 101.000       0.7544
 102.000       0.7579
 103.000       0.6374
 104.000       0.5457
 105.000       0.5225
 106.000       0.6066
 107.000       0.5934
 108.000       0.5464
 109.000       0.6835
 110.000       0.8525
 111.000       0.7928
 112.000       0.8115
 113.000       0.6484
 114.000       0.6599
 115.000       0.6134
 116.000       0.6100
 117.000       0.5193
 118.000       0.4740
 119.000       0.4614
 120.000       0.4638
 121.000       0.4921
 122.000       0.4894
 123.000       0.4708
 124.000       0.4602
 125.000       0.4551
 126.000       0.4792
 127.000       0.5164
 128.000       0.5519
 129.000       0.5579
 130.000       0.5529
 131.000       0.6042
 132.000       0.6539
 133.000       0.6503
 134.000       0.6847
 135.000       0.7837
 136.000       0.7462
 137.000       0.6212
 138.000       0.5454
 139.000       0.5219
 140.000       0.4767
 141.000       0.4511
 142.000       0.4325
 143.000       0.4258
 144.000       0.4696
 145.000       0.5200
 146.000       0.5509
 147.000       0.6120
 148.000       0.5199
 149.000       0.5443
 150.000       0.6070
 151.000       0.5849
 152.000       0.5867
 153.000       0.6652
 154.000       0.7044
 155.000       0.6378
 156.000       0.6119
 157.000       0.8349
 158.000       0.6385
 159.000       0.5737
 160.000       0.5027
 161.000       0.4542
 162.000       0.4256
 163.000       0.4251
 164.000       0.4328
 165.000       0.4946
 166.000       0.6278
 167.000       0.6713
 168.000       0.8124
 169.000       0.8579
 170.000       0.9467
 171.000       0.9892
 172.000       1.0268
 173.000       1.1814
 174.000       1.1214
 175.000       1.0324
 176.000       0.9462
 177.000       0.8730
 178.000       1.0150
 179.000       0.5289
 180.000       0.4820
 181.000       0.5168
 182.000       0.5292
 183.000       0.5935
 184.000       0.6811
 185.000       0.7609
 186.000       0.6957
 187.000       0.6181
 188.000       0.6925
 189.000       0.6811
 190.000       0.5880
 191.000       0.5992
 192.000       0.6780
 193.000       0.6434
 194.000       0.6122
 195.000       0.6969
 196.000       0.7472
 197.000       0.7204
 198.000       0.7324
 199.000       0.6026
 200.000       0.5598
 201.000       0.5451
 202.000       0.5111
 203.000       0.4853
 204.000       0.4525
 205.000       0.4377
 206.000       0.4742
 207.000       0.5427
 208.000       0.6330
 209.000       0.7749
 210.000       1.0407
 211.000       1.2395
 212.000       1.1062
 213.000       1.2172
 214.000       1.0967
 215.000       1.0214
 216.000       0.9671
 217.000       0.8634
 218.000       0.7311
 219.000       0.7478
 220.000       0.7700
 221.000       0.6787
 222.000       0.6122
 223.000       0.6716
 224.000       0.6553
 225.000       0.6070
 226.000       0.6370
 227.000       0.6585
 228.000       0.6201
 229.000       0.6645
 230.000       0.7408
 231.000       0.7251
 232.000       0.7442
 233.000       0.8850
 234.000       0.8984
 235.000       0.8202
 236.000       0.8711
 237.000       0.7817
 238.000       0.8989
 239.000       0.6733
 240.000       0.5847
 241.000       0.5198
 242.000       0.4687
 243.000       0.4602
 244.000       0.5145
 245.000       0.6350
 246.000       0.9078
 247.000       0.6867
 248.000       0.6671
 249.000       0.9299
 250.000       1.1064
 251.000       1.1074
 252.000       1.0955
 253.000       1.3087
 254.000       1.3149
 255.000       1.5138
 256.000       1.2749
 257.000       1.0676
 258.000       0.8576
 259.000       0.8420
 260.000       0.9884
 261.000       1.0382
 262.000       0.9591
 263.000       0.9689
 264.000       0.8804
 265.000       0.7168
 266.000       0.7092
 267.000       0.7711
 268.000       0.7427
 269.000       0.7021
 270.000       0.7733
 271.000       0.8010
 272.000       0.7159
 273.000       0.7114
 274.000       0.8738
 275.000       1.0244
 276.000       1.1995
 277.000       1.1311
 278.000       1.1015
 279.000       0.7111
 280.000       0.5797
 281.000       0.4978
 282.000       0.4750
 283.000       0.5027
 284.000       0.5455
 285.000       0.5214
 286.000       0.5475
 287.000       0.5205
 288.000       0.6331
 289.000       0.6535
 290.000       0.5910
 291.000       0.6466
 292.000       0.8338
 293.000       0.6030
 294.000       0.5588
 295.000       0.5627
 296.000       0.5253
 297.000       0.4906
 298.000       0.4657
 299.000       0.4560
 300.000       0.4336
 301.000       0.4389
 302.000       0.4254
 303.000       0.4471
 304.000       0.4770
 305.000       0.5813
 306.000       0.6780
 307.000       0.8303
 308.000       0.8489
 309.000       0.8450
 310.000       0.8375
 311.000       1.0175
 312.000       1.3712
 313.000       1.3643
 314.000       1.3348
 315.000       1.4336
 316.000       1.6140
 317.000       1.6886
 318.000       1.3761
 319.000       1.2997
 320.000       1.0706
 321.000       1.0256
 322.000       0.8407
 323.000       0.6950
 324.000       0.5423
 325.000       0.4587
 326.000       0.4269
 327.000       0.3891
 328.000       0.4200
 329.000       0.4508
 330.000       0.4586
 331.000       0.4628
 332.000       0.4507
 333.000       0.4577
 334.000       0.5001
 335.000       0.5569
 336.000       0.5134
 337.000       0.5382
 338.000       0.6044
 339.000       0.5904
 340.000       0.7149
 341.000       0.7332
 342.000       0.8100
 343.000       0.8365
 344.000       0.8364
 345.000       0.8580
 346.000       0.9095
 347.000       0.8870
 348.000       0.6648
 349.000       0.7552
 350.000       0.9902
 351.000       1.2822
 352.000       1.8394
 353.000       1.9042
 354.000       1.6418
 355.000       1.8984
 356.000       2.1551
 357.000       1.9135
 358.000       1.6143
 359.000       1.2063
 360.000       1.0436
 361.000       0.8657
 362.000       0.8095
 363.000       0.6015
 364.000       0.5032
 365.000       0.4359
 366.000       0.4127
 367.000       0.4441
 368.000       0.4332
 369.000       0.4574
 370.000       0.5187
 371.000       0.5117
 372.000       0.5523
 373.000       0.5318
 374.000       0.4596
 375.000       0.4900
 376.000       0.4995
 377.000       0.5848
 378.000       0.6504
 379.000       0.7007
 380.000       0.8184
 381.000       1.0181
 382.000       0.9140
 383.000       0.8623
 384.000       0.8605
 385.000       0.6570
 386.000       0.6138
 387.000       0.5287
 388.000       0.5577
 389.000       0.5498
 390.000       0.5487
 391.000       0.5579
 392.000       0.5342
 393.000       0.5512
 394.000       0.6419
 395.000       0.7119
 396.000       0.6857
 397.000       0.9398
 398.000       0.5664
 399.000       0.5306
 400.000       0.6399
 401.000       0.6548
 402.000       0.5652
 403.000       0.5745
 404.000       0.5742
 405.000       0.5452
 406.000       0.5318
 407.000       0.4737
 408.000       0.4738
 409.000       0.5562
 410.000       0.5621
 411.000       0.5932
 412.000       0.5592
 413.000       0.5670
 414.000       0.5867
 415.000       0.5416
 416.000       0.5111
 417.000       0.5170
 418.000       0.5244
 419.000       0.6250
 420.000       0.7424
 421.000       0.7556
 422.000       0.7619
 423.000       0.6869
 424.000       0.6645
 425.000       0.7295
 426.000       0.7341
 427.000       0.7443
 428.000       0.9454
 429.000       1.0136
 430.000       0.9618
 431.000       1.3574
 432.000       2.2743
 433.000       1.8414
 434.000       1.5292
 435.000       1.1645
 436.000       1.1694
 437.000       1.1388
 438.000       0.9642
 439.000       0.8785
 440.000       0.9131
 441.000       0.8705
 442.000       0.8030
 443.000       0.8491
 444.000       0.8774
 445.000       0.8219
 446.000       0.8024
 447.000       0.8850
 448.000       0.9744
 449.000       0.8847
 450.000       0.7904
 451.000       0.7704
 452.000       0.6936
 453.000       0.7107
 454.000       0.7613
 455.000       0.8478
 456.000       1.0678
 457.000       1.2306
 458.000       1.2933
 459.000       1.0320
 460.000       0.9035
 461.000       0.8100
 462.000       0.8902
 463.000       0.8711
 464.000       0.7855
 465.000       0.7598
 466.000       0.7685
 467.000       0.7498
 468.000       0.7446
 469.000       0.8176
 470.000       0.9829
 471.000       1.0546
 472.000       1.2570
 473.000       1.4613
 474.000       1.4233
 475.000       1.3279
 476.000       1.2691
 477.000       1.3000
 478.000       0.6880
 479.000       0.5562
 480.000       0.5065
 481.000       0.4500
 482.000       0.4757
 483.000       0.4937
 484.000       0.5187
 485.000       0.5417
 486.000       0.5473
 487.000       0.5647
 488.000       0.5623
 489.000       0.5701
 490.000       0.5753
 491.000       0.5723
 492.000       0.5683
 493.000       0.6292
 494.000       0.6538
 495.000       0.6111
 496.000       0.5862
 497.000       0.7185
 498.000       0.8276
 499.000       0.7220
 500.000       0.6954
 501.000       0.8489
 502.000       0.7114
 503.000       0.5707
 504.000       0.5677
 505.000       0.6560
 506.000       0.5898
 507.000       0.4470
 508.000       0.4653
 509.000       0.4328
 510.000       0.4512
 511.000       0.4218
 512.000       0.4262
 513.000       0.4882
 514.000       0.6195
 515.000       0.5761
 516.000       0.5512
 517.000       0.5557
 518.000       0.5487
 519.000       0.5767
 520.000       0.5629
 521.000       0.5509
 522.000       0.6191
 523.000       0.7702
 524.000       0.7633
 525.000       0.6592
 526.000       0.5333
 527.000       0.5127
 528.000       0.4473
 529.000       0.4263
 530.000       0.4571
 531.000       0.5358
 532.000       0.5327
 533.000       0.5742
 534.000       0.5951
 535.000       0.4907
 536.000       0.4717
 537.000       0.5461
 538.000       0.5668
 539.000       0.5605
 540.000       0.6174
 541.000       0.6873
 542.000       0.7488
 543.000       0.8467
 544.000       0.6638
 545.000       0.6483
 546.000       0.6432
 547.000       0.6614
 548.000       0.5538
 549.000       0.4852
 550.000       0.4753
 551.000       0.4760
 552.000       0.6062
 553.000       0.5277
 554.000       0.4880
 555.000       0.4647
 556.000       0.4757
 557.000       0.5381
 558.000       0.5867
 559.000       0.6136
 560.000       0.5625
 561.000       0.5605
 562.000       0.6056
 563.000       0.6062
 564.000       0.6117
 565.000       0.6459
 566.000       0.6707
 567.000       0.6826
 568.000       0.6795
 569.000       0.5542
 570.000       0.5377
 571.000       0.5026
 572.000       0.4777
 573.000       0.4667
 574.000       0.4415
 575.000       0.4200
 576.000       0.4521
 577.000       0.4793
 578.000       0.4728
 579.000       0.4384
 580.000       0.4765
 581.000       0.5453
 582.000       0.5364
 583.000       0.5535
 584.000       0.6443
 585.000       0.6906
 586.000       0.6413
 587.000       0.6858
 588.000       1.3843
 589.000       0.8004
 590.000       0.5636
 591.000       0.5302
 592.000       0.4956
 593.000       0.4929
 594.000       0.4762
 595.000       0.4839
 596.000       0.5206
 597.000       0.6278
 598.000       0.6680
 599.000       0.6380
 600.000       0.5594
 601.000       0.6510
 602.000       0.6365
 603.000       0.6040
 604.000       0.6513
 605.000       0.6254
 606.000       0.6795
 607.000       0.5657
 608.000       0.4816
 609.000       0.4764
 610.000       0.4296
 611.000       0.4435
 612.000       0.4921
 613.000       0.5333
 614.000       0.6643
 615.000       0.8256
 616.000       1.0304
 617.000       0.8822
 618.000       0.7525
 619.000       0.7513
 620.000       0.7476
 621.000       0.6342
 622.000       0.6405
 623.000       0.6972
 624.000       0.6550
 625.000       0.6356
 626.000       0.7373
 627.000       0.7973
 628.000       0.7588
 629.000       0.7830
 630.000       0.6677
 631.000       0.6655
 632.000       0.6020
 633.000       0.5646
 634.000       0.5539
 635.000       0.5266
 636.000       0.4953
 637.000       0.4925
 638.000       0.5326
 639.000       0.5493
 640.000       0.6454
 641.000       0.6492
 642.000       0.7247
 643.000       0.6084
 644.000       0.6183
 645.000       0.6310
 646.000       0.6662
 647.000       0.6939
 648.000       0.6264
 649.000       0.5913
 650.000       0.6280
 651.000       0.6350
 652.000       0.6063
 653.000       0.5941
 654.000       0.6650
 655.000       0.7037
 656.000       0.6460
 657.000       0.6778
 658.000       0.7243
 659.000       0.6863
 660.000       0.7226
 661.000       0.7665
 662.000       0.7936
 663.000       0.7911
 664.000       0.9217
 665.000       0.9742
 666.000       0.8985
 667.000       0.9484
 668.000       0.8617
 669.000       0.9626
 670.000       0.7703
 671.000       0.7514
 672.000       0.6261
 673.000       0.5468
 674.000       0.4953
 675.000       0.4618
 676.000       0.5028
 677.000       0.5836
 678.000       0.6280
 679.000       0.5810
 680.000       0.6014
 681.000       0.7303
 682.000       0.7373
 683.000       0.8016
 684.000       1.0767
 685.000       1.2308
 686.000       1.3224
 687.000       1.1766
 688.000       0.8749
 689.000       0.6996
 690.000       0.7727
 691.000       0.7761
 692.000       0.6947
 693.000       0.7257
 694.000       0.7811
 695.000       0.7703
 696.000       0.7026
 697.000       0.7211
 698.000       0.7821
 699.000       0.7163
 700.000       0.6692
 701.000       0.7880
 702.000       0.7955
 703.000       0.7232
 704.000       0.7457
 705.000       0.9269
 706.000       1.1066
 707.000       1.1530
 708.000       1.1007
 709.000       1.0826
 710.000       0.8022
 711.000       0.7011
 712.000       0.5508
 713.000       0.5113
 714.000       0.5608
 715.000       0.6749
 716.000       0.7894
 717.000       0.6022
 718.000       0.5217
 719.000       0.5231
 720.000       0.5585
 721.000       0.4814
 722.000       0.4925
 723.000       0.5423
 724.000       0.5294
 725.000       0.4914
 726.000       0.4546
 727.000       0.4407
 728.000       0.4241
 729.000       0.4182
 730.000       0.4110
 731.000       0.4200
 732.000       0.4524
 733.000       0.5194
 734.000       0.5965
 735.000       0.6087
 736.000       0.7992
 737.000       0.8751
 738.000       1.0453
 739.000       1.2028
 740.000       1.5337
 741.000       1.8053
 742.000       2.2702
 743.000       2.6271
 744.000       3.0639
 745.000       2.9606
 746.000       2.4433
 747.000       2.3428
 748.000       2.3317
 749.000       1.9634
 750.000       1.6000
 751.000       1.6371
 752.000       1.4655
 753.000       1.0268
 754.000       0.7900
 755.000       0.6537
 756.000       0.5471
 757.000       0.4788
 758.000       0.4218
 759.000       0.4284
 760.000       0.4127
 761.000       0.4363
 762.000       0.4576
 763.000       0.4302
 764.000       0.4912
 765.000       0.4981
 766.000       0.4662
 767.000       0.4313
 768.000       0.4298
 769.000       0.4338
 770.000       0.4673
 771.000       0.5349
 772.000       0.5302
 773.000       0.5039
 774.000       0.5717
 775.000       0.5962
 776.000       0.7267
 777.000       0.6545
 778.000       0.7461
 779.000       0.6718
 780.000       0.6215
 781.000       0.6988
 782.000       0.6527
 783.000       0.8407
 784.000       1.1152
 785.000       1.4459
 786.000       1.5767
 787.000       1.9542
 788.000       1.6738
 789.000       1.3443
 790.000       1.1213
 791.000       0.9522
 792.000       0.7591
 793.000       0.6963
 794.000       0.6072
 795.000       0.5296
 796.000       0.4602
 797.000       0.4522
 798.000       0.4575
 799.000       0.4647
 800.000       0.5003
 801.000       0.6235
 802.000       0.5925
 803.000       0.6284
 804.000       0.5578
 805.000       0.4775
 806.000       0.5227
 807.000       0.5202
 808.000       0.5950
 809.000       0.6856
 810.000       0.7022
 811.000       0.7179
 812.000       0.8045
 813.000       0.7908
 814.000       0.8632
 815.000       0.9027
 816.000       0.8448
 817.000       0.8202
 818.000       0.7087
 819.000       0.6219
 820.000       0.5814
 821.000       0.5293
 822.000       0.5324
 823.000       0.4830
 824.000       0.4812
 825.000       0.5571
 826.000       0.5349
 827.000       0.4789
 828.000       0.4705
 829.000       0.4283
 830.000       0.4236
 831.000       0.4547
 832.000       0.4653
 833.000       0.5139
 834.000       0.5260
 835.000       0.5963
 836.000       0.6423
 837.000       0.5898
 838.000       0.5944
 839.000       0.8425
 840.000       0.7833
 841.000       0.8038
 842.000       0.7959
 843.000       1.0425
 844.000       1.0000
 845.000       0.6966
 846.000       0.5801
 847.000       0.5444
 848.000       0.5603
 849.000       0.5741
 850.000       0.6555
 851.000       0.7789
 852.000       0.8180
 853.000       0.8306
 854.000       0.7417
 855.000       0.7236
 856.000       0.7982
 857.000       0.7992
 858.000       0.7950
 859.000       1.0050
 860.000       1.1470
 861.000       1.3667
 862.000       1.7144
 863.000       2.5188
