#Res        AtomicFlx
   1.000       1.8907
   2.000       1.3785
   3.000       1.1922
   4.000       0.9694
   5.000       1.1974
   6.000       1.2360
   7.000       0.9585
   8.000       0.9421
   9.000       0.9674
  10.000       0.8358
  11.000       0.8162
  12.000       0.9333
  13.000       0.9222
  14.000       0.8664
  15.000       0.9406
  16.000       1.0651
  17.000       1.1322
  18.000       0.8877
  19.000       0.7707
  20.000       0.7564
  21.000       0.6742
  22.000       0.6495
  23.000       0.7123
  24.000       0.7291
  25.000       0.8562
  26.000       1.0256
  27.000       1.1844
  28.000       0.8946
  29.000       0.7865
  30.000       0.7456
  31.000       0.7953
  32.000       0.7472
  33.000       0.6901
  34.000       0.7046
  35.000       0.6737
  36.000       0.6515
  37.000       0.6666
  38.000       0.6749
  39.000       0.7535
  40.000       0.7563
  41.000       0.6879
  42.000       0.7114
  43.000       0.8084
  44.000       0.7561
  45.000       0.7110
  46.000       0.5565
  47.000       0.5039
  48.000       0.5187
  49.000       0.4952
  50.000       0.4917
  51.000       0.5051
  52.000       0.5403
  53.000       0.5271
  54.000       0.5520
  55.000       0.5915
  56.000       0.6797
  57.000       0.6830
  58.000       0.6139
  59.000       0.6818
  60.000       0.8024
  61.000       0.7159
  62.000       0.6061
  63.000       0.6740
  64.000       0.6894
  65.000       0.6256
  66.000       0.6782
  67.000       0.7965
  68.000       0.7717
  69.000       0.7627
  70.000       0.8755
  71.000       0.8142
  72.000       0.6429
  73.000       0.5867
  74.000       0.5213
  75.000       0.4895
  76.000       0.4595
  77.000       0.4798
  78.000       0.5059
  79.000       0.5449
  80.000       0.5015
  81.000       0.4813
  82.000       0.4818
  83.000       0.5556
  84.000       0.5529
  85.000       0.5077
  86.000       0.4889
  87.000       0.5041
  88.000       0.5099
  89.000       0.4806
  90.000       0.4908
  91.000       0.5607
  92.000       0.6215
  93.000       0.6342
  94.000       0.6563
  95.000       0.5468
  96.000       0.4961
  97.000       0.4876
  98.000       0.5505
  99.000       0.6770
 100.000       0.7980
 101.000       0.7303
 102.000       0.7634
 103.000       0.7138
 104.000       0.6308
 105.000       0.6023
 106.000       0.6565
 107.000       0.6594
 108.000       0.6123
 109.000       0.6579
 110.000       0.7120
 111.000       0.7163
 112.000       0.7874
 113.000       0.6797
 114.000       0.6864
 115.000       0.7246
 116.000       0.7419
 117.000       0.6050
 118.000       0.5467
 119.000       0.5334
 120.000       0.4981
 121.000       0.5936
 122.000       0.5689
 123.000       0.5871
 124.000       0.5903
 125.000       0.5132
 126.000       0.5320
 127.000       0.5450
 128.000       0.5315
 129.000       0.5407
 130.000       0.5209
 131.000       0.5650
 132.000       0.6187
 133.000       0.6302
 134.000       0.6700
 135.000       0.7367
 136.000       0.6990
 137.000       0.6577
 138.000       0.5820
 139.000       0.5883
 140.000       0.5099
 141.000       0.4718
 142.000       0.4654
 143.000       0.4563
 144.000       0.4846
 145.000       0.5507
 146.000       0.6288
 147.000       0.6734
 148.000       0.6407
 149.000       0.6215
 150.000       0.6565
 151.000       0.6573
 152.000       0.6610
 153.000       0.7310
 154.000       0.8198
 155.000       0.7135
 156.000       0.6850
 157.000       1.1604
 158.000       0.7770
 159.000       0.6185
 160.000       0.5372
 161.000       0.4896
 162.000       0.4714
 163.000       0.4854
 164.000       0.4865
 165.000       0.6003
 166.000       0.7549
 167.000       0.9378
 168.000       1.0322
 169.000       0.8534
 170.000       1.0395
 171.000       1.1838
 172.000       1.1388
 173.000       1.1907
 174.000       1.1114
 175.000       0.9036
 176.000       0.7218
 177.000       0.6728
 178.000       0.6725
 179.000       0.5409
 180.000       0.5005
 181.000       0.5591
 182.000       0.6317
 183.000       0.8014
 184.000       0.9528
 185.000       1.0337
 186.000       0.8861
 187.000       0.7669
 188.000       0.8124
 189.000       0.8032
 190.000       0.6847
 191.000       0.6910
 192.000       0.7662
 193.000       0.7169
 194.000       0.6668
 195.000       0.7732
 196.000       0.8178
 197.000       0.7770
 198.000       0.7944
 199.000       0.6609
 200.000       0.6211
 201.000       0.6037
 202.000       0.5666
 203.000       0.5585
 204.000       0.5577
 205.000       0.5679
 206.000       0.6450
 207.000       0.7742
 208.000       0.8538
 209.000       1.0284
 210.000       1.3696
 211.000       1.6273
 212.000       1.4643
 213.000       1.5400
 214.000       1.5109
 215.000       1.4539
 216.000       1.4259
 217.000       1.2868
 218.000       1.0578
 219.000       1.0680
 220.000       1.0562
 221.000       0.8754
 222.000       0.8259
 223.000       0.9167
 224.000       0.8445
 225.000       0.7433
 226.000       0.7807
 227.000       0.8155
 228.000       0.7412
 229.000       0.7968
 230.000       0.9046
 231.000       0.8677
 232.000       0.8629
 233.000       1.0016
 234.000       1.0130
 235.000       0.9219
 236.000       0.9500
 237.000       0.8793
 238.000       1.0120
 239.000       0.7627
 240.000       0.6782
 241.000       0.6055
 242.000       0.5610
 243.000       0.5561
 244.000       0.5863
 245.000       0.7237
 246.000       0.8605
 247.000       0.7929
 248.000       0.6559
 249.000       0.6867
 250.000       0.7739
 251.000       0.8311
 252.000       0.8807
 253.000       1.1387
 254.000       1.2024
 255.000       1.5352
 256.000       1.1324
 257.000       0.8900
 258.000       0.8018
 259.000       0.9229
 260.000       1.0139
 261.000       1.1073
 262.000       1.1663
 263.000       1.1962
 264.000       1.0844
 265.000       0.8692
 266.000       0.8137
 267.000       0.8832
 268.000       0.9218
 269.000       0.8688
 270.000       0.9366
 271.000       0.9471
 272.000       0.8235
 273.000       0.8449
 274.000       1.0445
 275.000       1.1593
 276.000       1.2748
 277.000       1.1774
 278.000       1.0665
 279.000       0.7984
 280.000       0.6679
 281.000       0.5818
 282.000       0.5522
 283.000       0.5857
 284.000       0.5977
 285.000       0.5731
 286.000       0.5889
 287.000       0.5848
 288.000       0.5986
 289.000       0.6259
 290.000       0.5694
 291.000       0.6997
 292.000       0.7719
 293.000       0.6431
 294.000       0.5851
 295.000       0.5333
 296.000       0.5074
 297.000       0.4914
 298.000       0.4717
 299.000       0.4513
 300.000       0.4604
 301.000       0.4744
 302.000       0.5216
 303.000       0.5620
 304.000       0.5378
 305.000       0.6418
 306.000       0.6395
 307.000       0.7648
 308.000       0.8534
 309.000       0.8764
 310.000       0.9354
 311.000       1.3575
 312.000       1.4043
 313.000       1.4708
 314.000       1.4482
 315.000       1.3994
 316.000       1.5822
 317.000       1.5023
 318.000       1.2626
 319.000       1.2189
 320.000       1.0894
 321.000       0.9870
 322.000       0.8379
 323.000       0.6724
 324.000       0.5949
 325.000       0.4900
 326.000       0.4744
 327.000       0.4336
 328.000       0.4415
 329.000       0.4285
 330.000       0.4414
 331.000       0.4465
 332.000       0.4338
 333.000       0.4545
 334.000       0.4867
 335.000       0.5112
 336.000       0.4824
 337.000       0.4913
 338.000       0.6093
 339.000       0.6498
 340.000       0.7533
 341.000       0.8422
 342.000       1.1238
 343.000       1.1426
 344.000       1.0401
 345.000       1.0402
 346.000       0.9842
 347.000       0.9778
 348.000       0.7013
 349.000       0.6616
 350.000       0.8415
 351.000       0.8907
 352.000       0.9466
 353.000       1.5029
 354.000       1.7113
 355.000       1.8607
 356.000       2.6067
 357.000       1.9287
 358.000       1.3077
 359.000       1.1581
 360.000       1.0317
 361.000       0.8649
 362.000       0.7985
 363.000       0.6780
 364.000       0.5685
 365.000       0.4848
 366.000       0.4392
 367.000       0.4234
 368.000       0.4019
 369.000       0.4114
 370.000       0.4543
 371.000       0.4388
 372.000       0.4793
 373.000       0.4988
 374.000       0.4715
 375.000       0.5265
 376.000       0.5404
 377.000       0.5931
 378.000       0.7140
 379.000       0.8329
 380.000       0.8765
 381.000       1.0577
 382.000       1.0241
 383.000       1.0543
 384.000       1.0795
 385.000       0.8680
 386.000       0.7753
 387.000       0.6599
 388.000       0.6149
 389.000       0.5886
 390.000       0.5700
 391.000       0.5644
 392.000       0.5516
 393.000       0.5270
 394.000       0.6191
 395.000       0.6668
 396.000       0.6780
 397.000       0.9314
 398.000       0.5931
 399.000       0.5694
 400.000       0.6015
 401.000       0.5504
 402.000       0.5392
 403.000       0.5724
 404.000       0.5150
 405.000       0.5119
 406.000       0.5370
 407.000       0.4772
 408.000       0.4461
 409.000       0.5340
 410.000       0.5401
 411.000       0.5789
 412.000       0.5489
 413.000       0.5629
 414.000       0.5579
 415.000       0.5864
 416.000       0.5791
 417.000       0.5309
 418.000       0.5288
 419.000       0.5624
 420.000       0.6481
 421.000       0.7015
 422.000       0.7450
 423.000       0.6715
 424.000       0.6659
 425.000       0.7493
 426.000       0.7735
 427.000       0.8735
 428.000       1.0452
 429.000       1.0110
 430.000       0.9297
 431.000       1.3932
 432.000       2.5208
 433.000       4.0557
 434.000       2.7825
 435.000       1.2781
 436.000       1.1108
 437.000       1.0505
 438.000       0.9182
 439.000       0.8683
 440.000       0.9146
 441.000       0.8825
 442.000       0.8244
 443.000       0.8548
 444.000       0.8877
 445.000       0.8181
 446.000       0.7932
 447.000       0.8832
 448.000       0.9596
 449.000       0.8358
 450.000       0.7492
 451.000       0.7213
 452.000       0.6792
 453.000       0.6688
 454.000       0.6725
 455.000       0.6785
 456.000       0.8424
 457.000       1.0444
 458.000       1.1850
 459.000       0.8360
 460.000       0.7145
 461.000       0.6700
 462.000       0.7134
 463.000       0.6781
 464.000       0.6170
 465.000       0.5975
 466.000       0.6544
 467.000       0.7828
 468.000       0.8071
 469.000       0.8065
 470.000       0.9746
 471.000       1.1537
 472.000       1.1583
 473.000       1.1999
 474.000       1.3022
 475.000       1.0399
 476.000       0.8492
 477.000       0.8189
 478.000       0.7636
 479.000       0.6934
 480.000       0.6107
 481.000       0.5293
 482.000       0.5063
 483.000       0.5022
 484.000       0.4929
 485.000       0.5035
 486.000       0.5239
 487.000       0.5469
 488.000       0.5016
 489.000       0.4828
 490.000       0.5068
 491.000       0.5180
 492.000       0.4821
 493.000       0.5025
 494.000       0.5669
 495.000       0.5308
 496.000       0.5179
 497.000       0.6635
 498.000       0.7947
 499.000       0.6856
 500.000       0.6429
 501.000       0.7619
 502.000       0.6271
 503.000       0.5048
 504.000       0.4803
 505.000       0.4889
 506.000       0.4266
 507.000       0.4064
 508.000       0.4349
 509.000       0.3979
 510.000       0.3998
 511.000       0.3876
 512.000       0.4108
 513.000       0.4670
 514.000       0.5676
 515.000       0.5732
 516.000       0.5365
 517.000       0.5317
 518.000       0.5429
 519.000       0.5720
 520.000       0.5512
 521.000       0.5486
 522.000       0.5984
 523.000       0.6550
 524.000       0.6477
 525.000       0.6319
 526.000       0.5365
 527.000       0.4610
 528.000       0.4229
 529.000       0.3828
 530.000       0.3855
 531.000       0.4263
 532.000       0.4518
 533.000       0.5239
 534.000       0.5564
 535.000       0.4674
 536.000       0.4727
 537.000       0.5489
 538.000       0.5514
 539.000       0.5387
 540.000       0.6215
 541.000       0.6934
 542.000       0.7234
 543.000       0.8294
 544.000       0.6492
 545.000       0.6396
 546.000       0.6513
 547.000       0.6866
 548.000       0.5469
 549.000       0.4617
 550.000       0.4292
 551.000       0.4030
 552.000       0.4415
 553.000       0.4421
 554.000       0.4849
 555.000       0.5215
 556.000       0.4274
 557.000       0.4655
 558.000       0.5207
 559.000       0.5402
 560.000       0.5045
 561.000       0.5111
 562.000       0.5530
 563.000       0.5678
 564.000       0.6107
 565.000       0.6645
 566.000       0.6811
 567.000       0.6844
 568.000       0.6715
 569.000       0.5418
 570.000       0.5200
 571.000       0.4463
 572.000       0.4050
 573.000       0.3845
 574.000       0.3863
 575.000       0.4064
 576.000       0.4473
 577.000       0.4969
 578.000       0.5011
 579.000       0.4768
 580.000       0.5293
 581.000       0.6145
 582.000       0.5748
 583.000       0.5491
 584.000       0.6656
 585.000       0.7484
 586.000       0.6527
 587.000       0.6728
 588.000       1.2130
 589.000       0.8125
 590.000       0.5732
 591.000       0.5096
 592.000       0.4452
 593.000       0.4097
 594.000       0.4017
 595.000       0.3964
 596.000       0.4576
 597.000       0.5570
 598.000       0.6203
 599.000       0.6459
 600.000       0.5675
 601.000       0.6786
 602.000       0.6862
 603.000       0.6191
 604.000       0.6436
 605.000       0.5780
 606.000       0.5167
 607.000       0.4397
 608.000       0.4571
 609.000       0.4687
 610.000       0.4144
 611.000       0.4032
 612.000       0.4715
 613.000       0.4914
 614.000       0.6510
 615.000       0.8002
 616.000       0.9397
 617.000       0.7917
 618.000       0.7280
 619.000       0.7976
 620.000       0.8099
 621.000       0.6714
 622.000       0.6517
 623.000       0.7230
 624.000       0.6862
 625.000       0.6434
 626.000       0.7347
 627.000       0.8153
 628.000       0.7779
 629.000       0.7879
 630.000       0.6698
 631.000       0.6219
 632.000       0.5624
 633.000       0.5148
 634.000       0.4791
 635.000       0.4382
 636.000       0.4111
 637.000       0.4171
 638.000       0.4372
 639.000       0.4677
 640.000       0.5186
 641.000       0.5606
 642.000       0.7028
 643.000       0.5980
 644.000       0.5983
 645.000       0.6290
 646.000       0.6621
 647.000       0.7085
 648.000       0.6395
 649.000       0.5941
 650.000       0.6432
 651.000       0.6645
 652.000       0.6022
 653.000       0.5977
 654.000       0.6819
 655.000       0.7040
 656.000       0.6350
 657.000       0.6917
 658.000       0.7381
 659.000       0.6844
 660.000       0.7257
 661.000       0.8184
 662.000       0.7895
 663.000       0.7949
 664.000       0.9201
 665.000       0.9409
 666.000       0.8614
 667.000       0.9201
 668.000       0.8144
 669.000       0.9201
 670.000       0.6992
 671.000       0.6213
 672.000       0.5265
 673.000       0.4613
 674.000       0.4327
 675.000       0.4496
 676.000       0.4394
 677.000       0.4763
 678.000       0.5288
 679.000       0.4935
 680.000       0.5119
 681.000       0.5465
 682.000       0.6366
 683.000       0.7153
 684.000       0.8850
 685.000       0.8338
 686.000       0.9617
 687.000       0.8422
 688.000       0.7411
 689.000       0.6116
 690.000       0.6715
 691.000       0.7176
 692.000       0.6456
 693.000       0.6470
 694.000       0.6989
 695.000       0.6896
 696.000       0.6676
 697.000       0.6980
 698.000       0.7526
 699.000       0.7046
 700.000       0.6593
 701.000       0.7785
 702.000       0.8054
 703.000       0.7219
 704.000       0.7009
 705.000       0.8450
 706.000       0.9758
 707.000       1.0784
 708.000       1.0314
 709.000       1.0040
 710.000       0.7496
 711.000       0.6122
 712.000       0.4882
 713.000       0.4310
 714.000       0.3903
 715.000       0.3822
 716.000       0.4105
 717.000       0.4430
 718.000       0.4306
 719.000       0.4039
 720.000       0.3990
 721.000       0.4154
 722.000       0.4438
 723.000       0.4852
 724.000       0.4816
 725.000       0.4781
 726.000       0.5002
 727.000       0.5290
 728.000       0.5112
 729.000       0.5138
 730.000       0.5332
 731.000       0.5073
 732.000       0.5582
 733.000       0.5696
 734.000       0.5935
 735.000       0.5812
 736.000       0.7240
 737.000       0.8141
 738.000       1.0220
 739.000       1.1740
 740.000       1.7255
 741.000       1.9783
 742.000       2.4913
 743.000       2.7519
 744.000       3.1363
 745.000       2.9245
 746.000       2.4932
 747.000       2.1834
 748.000       1.9864
 749.000       1.6955
 750.000       1.3854
 751.000       1.3026
 752.000       1.1662
 753.000       0.8925
 754.000       0.7380
 755.000       0.6149
 756.000       0.5578
 757.000       0.5059
 758.000       0.4891
 759.000       0.5439
 760.000       0.5606
 761.000       0.5826
 762.000       0.6263
 763.000       0.6769
 764.000       0.7523
 765.000       0.8062
 766.000       0.7877
 767.000       0.6682
 768.000       0.7243
 769.000       0.6254
 770.000       0.5926
 771.000       0.6011
 772.000       0.5475
 773.000       0.4905
 774.000       0.6133
 775.000       0.7405
 776.000       0.9528
 777.000       0.8602
 778.000       0.8102
 779.000       0.7152
 780.000       0.6598
 781.000       0.6492
 782.000       0.6422
 783.000       0.7881
 784.000       1.0532
 785.000       1.1522
 786.000       1.5727
 787.000       1.9835
 788.000       1.8332
 789.000       1.3506
 790.000       1.1255
 791.000       0.9449
 792.000       0.7910
 793.000       0.7537
 794.000       0.6679
 795.000       0.5744
 796.000       0.5360
 797.000       0.5526
 798.000       0.5837
 799.000       0.5728
 800.000       0.6007
 801.000       0.6867
 802.000       0.6965
 803.000       0.7771
 804.000       0.7565
 805.000       0.6349
 806.000       0.6113
 807.000       0.6140
 808.000       0.6535
 809.000       0.7045
 810.000       0.7641
 811.000       0.7755
 812.000       0.8188
 813.000       0.7481
 814.000       0.7777
 815.000       0.8221
 816.000       0.6901
 817.000       0.6781
 818.000       0.6299
 819.000       0.6219
 820.000       0.5699
 821.000       0.5783
 822.000       0.5739
 823.000       0.5533
 824.000       0.5529
 825.000       0.5638
 826.000       0.5287
 827.000       0.4858
 828.000       0.4438
 829.000       0.4245
 830.000       0.4381
 831.000       0.5439
 832.000       0.5380
 833.000       0.5683
 834.000       0.6208
 835.000       0.8351
 836.000       0.6541
 837.000       0.5219
 838.000       0.5331
 839.000       0.7353
 840.000       0.6874
 841.000       0.6851
 842.000       0.7251
 843.000       0.9023
 844.000       0.8471
 845.000       0.6623
 846.000       0.5710
 847.000       0.5330
 848.000       0.5464
 849.000       0.5489
 850.000       0.5821
 851.000       0.6886
 852.000       0.7510
 853.000       0.7506
 854.000       0.6745
 855.000       0.6844
 856.000       0.7628
 857.000       0.7510
 858.000       0.7575
 859.000       0.9643
 860.000       1.0590
 861.000       1.1280
 862.000       1.5649
 863.000       2.9754
