#Res        AtomicFlx
   1.000       2.2891
   2.000       1.6597
   3.000       1.3175
   4.000       1.0208
   5.000       1.1264
   6.000       1.0985
   7.000       0.9295
   8.000       0.8774
   9.000       0.9446
  10.000       0.8872
  11.000       0.7996
  12.000       0.8874
  13.000       0.9595
  14.000       0.8553
  15.000       0.8610
  16.000       1.1173
  17.000       1.1668
  18.000       0.9795
  19.000       0.8339
  20.000       0.7790
  21.000       0.6906
  22.000       0.6811
  23.000       0.7141
  24.000       0.7587
  25.000       0.9586
  26.000       1.2451
  27.000       1.5245
  28.000       1.0742
  29.000       0.8745
  30.000       0.7236
  31.000       0.7705
  32.000       0.7893
  33.000       0.6695
  34.000       0.6105
  35.000       0.6623
  36.000       0.6780
  37.000       0.6270
  38.000       0.6116
  39.000       0.7047
  40.000       0.7239
  41.000       0.6719
  42.000       0.6904
  43.000       0.8172
  44.000       0.7938
  45.000       0.7466
  46.000       0.5531
  47.000       0.5102
  48.000       0.4869
  49.000       0.4471
  50.000       0.4145
  51.000       0.4293
  52.000       0.4461
  53.000       0.4630
  54.000       0.4807
  55.000       0.4929
  56.000       0.5482
  57.000       0.5385
  58.000       0.5244
  59.000       0.5626
  60.000       0.6329
  61.000       0.5851
  62.000       0.5454
  63.000       0.5970
  64.000       0.5743
  65.000       0.5433
  66.000       0.6297
  67.000       0.7130
  68.000       0.6866
  69.000       0.6475
  70.000       0.7572
  71.000       0.6557
  72.000       0.5622
  73.000       0.5176
  74.000       0.4760
  75.000       0.4508
  76.000       0.4278
  77.000       0.4401
  78.000       0.4585
  79.000       0.4832
  80.000       0.4525
  81.000       0.4444
  82.000       0.4390
  83.000       0.4879
  84.000       0.5209
  85.000       0.4959
  86.000       0.4937
  87.000       0.4909
  88.000       0.5146
  89.000       0.5103
  90.000       0.5350
  91.000       0.5975
  92.000       0.6359
  93.000       0.6587
  94.000       0.6682
  95.000       0.5357
  96.000       0.4821
  97.000       0.4416
  98.000       0.4352
  99.000       0.5327
 100.000       0.6777
 101.000       0.7661
 102.000       0.7953
 103.000       0.6673
 104.000       0.5878
 105.000       0.6036
 106.000       0.6593
 107.000       0.6050
 108.000       0.5728
 109.000       0.7522
 110.000       0.9046
 111.000       0.7929
 112.000       0.8160
 113.000       0.6571
 114.000       0.6756
 115.000       0.7024
 116.000       0.7156
 117.000       0.5843
 118.000       0.4956
 119.000       0.4912
 120.000       0.5656
 121.000       0.5710
 122.000       0.4537
 123.000       0.4401
 124.000       0.4406
 125.000       0.4648
 126.000       0.5016
 127.000       0.5625
 128.000       0.6220
 129.000       0.6134
 130.000       0.5549
 131.000       0.6244
 132.000       0.6583
 133.000       0.6449
 134.000       0.7147
 135.000       0.8064
 136.000       0.7882
 137.000       0.7466
 138.000       0.6110
 139.000       0.5946
 140.000       0.5377
 141.000       0.5257
 142.000       0.4813
 143.000       0.4858
 144.000       0.5304
 145.000       0.5804
 146.000       0.6122
 147.000       0.6427
 148.000       0.5897
 149.000       0.6394
 150.000       0.7025
 151.000       0.6559
 152.000       0.6872
 153.000       0.7788
 154.000       0.8586
 155.000       0.7381
 156.000       0.7862
 157.000       1.2871
 158.000       0.8468
 159.000       0.6554
 160.000       0.5921
 161.000       0.5663
 162.000       0.5404
 163.000       0.5065
 164.000       0.5044
 165.000       0.5800
 166.000       0.6190
 167.000       0.6780
 168.000       0.7476
 169.000       0.6931
 170.000       0.8176
 171.000       0.8516
 172.000       0.7802
 173.000       0.8020
 174.000       0.7284
 175.000       0.6577
 176.000       0.5214
 177.000       0.5664
 178.000       0.6158
 179.000       0.4868
 180.000       0.4849
 181.000       0.5566
 182.000       0.6426
 183.000       0.7621
 184.000       0.8207
 185.000       0.8871
 186.000       0.8056
 187.000       0.7189
 188.000       0.7936
 189.000       0.7715
 190.000       0.6670
 191.000       0.6840
 192.000       0.7603
 193.000       0.7410
 194.000       0.7129
 195.000       0.7778
 196.000       0.8240
 197.000       0.8023
 198.000       0.8130
 199.000       0.7064
 200.000       0.6836
 201.000       0.6384
 202.000       0.6002
 203.000       0.5792
 204.000       0.5146
 205.000       0.4886
 206.000       0.5064
 207.000       0.5334
 208.000       0.5623
 209.000       0.5768
 210.000       0.6373
 211.000       0.7449
 212.000       0.7611
 213.000       0.8980
 214.000       0.8596
 215.000       0.8681
 216.000       0.8455
 217.000       0.7344
 218.000       0.6596
 219.000       0.7392
 220.000       0.7681
 221.000       0.6457
 222.000       0.6387
 223.000       0.7260
 224.000       0.6970
 225.000       0.6636
 226.000       0.7037
 227.000       0.7150
 228.000       0.6733
 229.000       0.6876
 230.000       0.7754
 231.000       0.7677
 232.000       0.7961
 233.000       0.9577
 234.000       0.9906
 235.000       0.9072
 236.000       0.9435
 237.000       0.8382
 238.000       0.9448
 239.000       0.7479
 240.000       0.6983
 241.000       0.5907
 242.000       0.5122
 243.000       0.4677
 244.000       0.4873
 245.000       0.5226
 246.000       0.6323
 247.000       0.6719
 248.000       0.5951
 249.000       0.6584
 250.000       0.8187
 251.000       0.8576
 252.000       0.8827
 253.000       1.1193
 254.000       1.1349
 255.000       1.3491
 256.000       1.0570
 257.000       0.8696
 258.000       0.7391
 259.000       0.7547
 260.000       0.8958
 261.000       1.0052
 262.000       0.9683
 263.000       0.9677
 264.000       0.8144
 265.000       0.7023
 266.000       0.7244
 267.000       0.7925
 268.000       0.7550
 269.000       0.7569
 270.000       0.9004
 271.000       0.9034
 272.000       0.7819
 273.000       0.7813
 274.000       0.9252
 275.000       1.0296
 276.000       1.1344
 277.000       1.0491
 278.000       0.9756
 279.000       0.7477
 280.000       0.6304
 281.000       0.5273
 282.000       0.4641
 283.000       0.4517
 284.000       0.4696
 285.000       0.4804
 286.000       0.5067
 287.000       0.4941
 288.000       0.5033
 289.000       0.5109
 290.000       0.4704
 291.000       0.4756
 292.000       0.5086
 293.000       0.4905
 294.000       0.4537
 295.000       0.4442
 296.000       0.4301
 297.000       0.4157
 298.000       0.4104
 299.000       0.3974
 300.000       0.3785
 301.000       0.3995
 302.000       0.4177
 303.000       0.4401
 304.000       0.4851
 305.000       0.6495
 306.000       0.7626
 307.000       0.9210
 308.000       0.9510
 309.000       0.8707
 310.000       0.9549
 311.000       1.3408
 312.000       1.5886
 313.000       1.4805
 314.000       1.5370
 315.000       1.5053
 316.000       1.5171
 317.000       1.3371
 318.000       1.1671
 319.000       1.2185
 320.000       1.0680
 321.000       1.0650
 322.000       0.8718
 323.000       0.6522
 324.000       0.5240
 325.000       0.4632
 326.000       0.4260
 327.000       0.3791
 328.000       0.4005
 329.000       0.4089
 330.000       0.4161
 331.000       0.4293
 332.000       0.4027
 333.000       0.4189
 334.000       0.4417
 335.000       0.4538
 336.000       0.4249
 337.000       0.4235
 338.000       0.4772
 339.000       0.5112
 340.000       0.5584
 341.000       0.5875
 342.000       0.6573
 343.000       0.6968
 344.000       0.6864
 345.000       0.7354
 346.000       0.6800
 347.000       0.7392
 348.000       0.6052
 349.000       0.5953
 350.000       0.7677
 351.000       1.0832
 352.000       1.6800
 353.000       1.7083
 354.000       1.5220
 355.000       1.7311
 356.000       2.0261
 357.000       1.7769
 358.000       1.4091
 359.000       1.1710
 360.000       0.9471
 361.000       0.7634
 362.000       0.6907
 363.000       0.5626
 364.000       0.4807
 365.000       0.4165
 366.000       0.3888
 367.000       0.3910
 368.000       0.3822
 369.000       0.3983
 370.000       0.4656
 371.000       0.4483
 372.000       0.4891
 373.000       0.4602
 374.000       0.4172
 375.000       0.4681
 376.000       0.4695
 377.000       0.5283
 378.000       0.6264
 379.000       0.6427
 380.000       0.6755
 381.000       0.8117
 382.000       0.7426
 383.000       0.7420
 384.000       0.7907
 385.000       0.6229
 386.000       0.5598
 387.000       0.4910
 388.000       0.4773
 389.000       0.4576
 390.000       0.4614
 391.000       0.4827
 392.000       0.4525
 393.000       0.4538
 394.000       0.5316
 395.000       0.5583
 396.000       0.4526
 397.000       0.4521
 398.000       0.4205
 399.000       0.4454
 400.000       0.4369
 401.000       0.4669
 402.000       0.5130
 403.000       0.5225
 404.000       0.5015
 405.000       0.5068
 406.000       0.5309
 407.000       0.4723
 408.000       0.4572
 409.000       0.5116
 410.000       0.5048
 411.000       0.5428
 412.000       0.4811
 413.000       0.4827
 414.000       0.4812
 415.000       0.4881
 416.000       0.4688
 417.000       0.5020
 418.000       0.5027
 419.000       0.5581
 420.000       0.6858
 421.000       0.7435
 422.000       0.7420
 423.000       0.6545
 424.000       0.6451
 425.000       0.7204
 426.000       0.7114
 427.000       0.6991
 428.000       0.8533
 429.000       0.9076
 430.000       0.8474
 431.000       1.1176
 432.000       1.6741
 433.000       2.4700
 434.000       1.5233
 435.000       1.1648
 436.000       1.1215
 437.000       1.0554
 438.000       0.9106
 439.000       0.8587
 440.000       0.9032
 441.000       0.8549
 442.000       0.8012
 443.000       0.8614
 444.000       0.8839
 445.000       0.8371
 446.000       0.8744
 447.000       0.9987
 448.000       1.1193
 449.000       0.9976
 450.000       0.8469
 451.000       0.8034
 452.000       0.7117
 453.000       0.7166
 454.000       0.7489
 455.000       0.7903
 456.000       0.9453
 457.000       1.0980
 458.000       1.4901
 459.000       0.9915
 460.000       0.7941
 461.000       0.6697
 462.000       0.6654
 463.000       0.6985
 464.000       0.6295
 465.000       0.5885
 466.000       0.6517
 467.000       0.7180
 468.000       0.6918
 469.000       0.7171
 470.000       0.8528
 471.000       0.9459
 472.000       0.9954
 473.000       1.1096
 474.000       1.2237
 475.000       1.0298
 476.000       0.9550
 477.000       0.8717
 478.000       0.6661
 479.000       0.5716
 480.000       0.5214
 481.000       0.4534
 482.000       0.4369
 483.000       0.4587
 484.000       0.4934
 485.000       0.5150
 486.000       0.5320
 487.000       0.5716
 488.000       0.5659
 489.000       0.5314
 490.000       0.5460
 491.000       0.5922
 492.000       0.5747
 493.000       0.5887
 494.000       0.6334
 495.000       0.5881
 496.000       0.5667
 497.000       0.7660
 498.000       0.8980
 499.000       0.7436
 500.000       0.6785
 501.000       0.7783
 502.000       0.6491
 503.000       0.5280
 504.000       0.5044
 505.000       0.5123
 506.000       0.4508
 507.000       0.4218
 508.000       0.4585
 509.000       0.4160
 510.000       0.4244
 511.000       0.4437
 512.000       0.4669
 513.000       0.5331
 514.000       0.5625
 515.000       0.5794
 516.000       0.5719
 517.000       0.5493
 518.000       0.5309
 519.000       0.5634
 520.000       0.5596
 521.000       0.5302
 522.000       0.5909
 523.000       0.7018
 524.000       0.6854
 525.000       0.6307
 526.000       0.4959
 527.000       0.4741
 528.000       0.4180
 529.000       0.3867
 530.000       0.3866
 531.000       0.4150
 532.000       0.4367
 533.000       0.4971
 534.000       0.5048
 535.000       0.4445
 536.000       0.4545
 537.000       0.5261
 538.000       0.5399
 539.000       0.5426
 540.000       0.6445
 541.000       0.7146
 542.000       0.7585
 543.000       0.8618
 544.000       0.6824
 545.000       0.6811
 546.000       0.6785
 547.000       0.6988
 548.000       0.5542
 549.000       0.4477
 550.000       0.4132
 551.000       0.3842
 552.000       0.4348
 553.000       0.4204
 554.000       0.4445
 555.000       0.4751
 556.000       0.4182
 557.000       0.4651
 558.000       0.5499
 559.000       0.5742
 560.000       0.5237
 561.000       0.5606
 562.000       0.6110
 563.000       0.5981
 564.000       0.6364
 565.000       0.7003
 566.000       0.6965
 567.000       0.6868
 568.000       0.7057
 569.000       0.5755
 570.000       0.5457
 571.000       0.4601
 572.000       0.4289
 573.000       0.4140
 574.000       0.3973
 575.000       0.4070
 576.000       0.4323
 577.000       0.4744
 578.000       0.4690
 579.000       0.4610
 580.000       0.5483
 581.000       0.6096
 582.000       0.5559
 583.000       0.5362
 584.000       0.6453
 585.000       0.7207
 586.000       0.6525
 587.000       0.5740
 588.000       0.6467
 589.000       0.6412
 590.000       0.5632
 591.000       0.5048
 592.000       0.4471
 593.000       0.4267
 594.000       0.4220
 595.000       0.4223
 596.000       0.4834
 597.000       0.5873
 598.000       0.6242
 599.000       0.6556
 600.000       0.5770
 601.000       0.6907
 602.000       0.7083
 603.000       0.6555
 604.000       0.7213
 605.000       0.6683
 606.000       0.6136
 607.000       0.4961
 608.000       0.4934
 609.000       0.5055
 610.000       0.4163
 611.000       0.4187
 612.000       0.4908
 613.000       0.5192
 614.000       0.6924
 615.000       0.8776
 616.000       1.0613
 617.000       0.8564
 618.000       0.7075
 619.000       0.7433
 620.000       0.7450
 621.000       0.6226
 622.000       0.6174
 623.000       0.6909
 624.000       0.6772
 625.000       0.6350
 626.000       0.7335
 627.000       0.8120
 628.000       0.7743
 629.000       0.7724
 630.000       0.6407
 631.000       0.5905
 632.000       0.5348
 633.000       0.4927
 634.000       0.4776
 635.000       0.4566
 636.000       0.4423
 637.000       0.4566
 638.000       0.4887
 639.000       0.5305
 640.000       0.5845
 641.000       0.6589
 642.000       0.7598
 643.000       0.6444
 644.000       0.6751
 645.000       0.6612
 646.000       0.6774
 647.000       0.7006
 648.000       0.6429
 649.000       0.6083
 650.000       0.6396
 651.000       0.6605
 652.000       0.6012
 653.000       0.5802
 654.000       0.6628
 655.000       0.6869
 656.000       0.6026
 657.000       0.6499
 658.000       0.7027
 659.000       0.6567
 660.000       0.6994
 661.000       0.7818
 662.000       0.8038
 663.000       0.7953
 664.000       0.8936
 665.000       0.9313
 666.000       0.8613
 667.000       0.8906
 668.000       0.8118
 669.000       0.9401
 670.000       0.7170
 671.000       0.6539
 672.000       0.5463
 673.000       0.4973
 674.000       0.4766
 675.000       0.4820
 676.000       0.4858
 677.000       0.6139
 678.000       0.6135
 679.000       0.5900
 680.000       0.5960
 681.000       0.6590
 682.000       0.6739
 683.000       0.7430
 684.000       0.9209
 685.000       0.9351
 686.000       1.0939
 687.000       0.9113
 688.000       0.7359
 689.000       0.6239
 690.000       0.6768
 691.000       0.7122
 692.000       0.6693
 693.000       0.6579
 694.000       0.6965
 695.000       0.7179
 696.000       0.6984
 697.000       0.7048
 698.000       0.7375
 699.000       0.7141
 700.000       0.6758
 701.000       0.7743
 702.000       0.8122
 703.000       0.7343
 704.000       0.7331
 705.000       0.8972
 706.000       1.0056
 707.000       1.1217
 708.000       1.0542
 709.000       1.0123
 710.000       0.7752
 711.000       0.6705
 712.000       0.5288
 713.000       0.4703
 714.000       0.4427
 715.000       0.4707
 716.000       0.5688
 717.000       0.5680
 718.000       0.5015
 719.000       0.4714
 720.000       0.5826
 721.000       0.4965
 722.000       0.4983
 723.000       0.5585
 724.000       0.5430
 725.000       0.4913
 726.000       0.4297
 727.000       0.4112
 728.000       0.4345
 729.000       0.4446
 730.000       0.5095
 731.000       0.5284
 732.000       0.5429
 733.000       0.5825
 734.000       0.6799
 735.000       0.7752
 736.000       1.0188
 737.000       1.3618
 738.000       1.9015
 739.000       2.3321
 740.000       2.6688
 741.000       2.5303
 742.000       2.8015
 743.000       3.0909
 744.000       3.6253
 745.000       3.5874
 746.000       3.1543
 747.000       2.9971
 748.000       2.7254
 749.000       2.2141
 750.000       1.9375
 751.000       1.8177
 752.000       1.4987
 753.000       1.0790
 754.000       0.9694
 755.000       0.8129
 756.000       0.7185
 757.000       0.5612
 758.000       0.4876
 759.000       0.4626
 760.000       0.4603
 761.000       0.4457
 762.000       0.4323
 763.000       0.4261
 764.000       0.5390
 765.000       0.4976
 766.000       0.4600
 767.000       0.4076
 768.000       0.4203
 769.000       0.4285
 770.000       0.4635
 771.000       0.4974
 772.000       0.5212
 773.000       0.5237
 774.000       0.6028
 775.000       0.6280
 776.000       0.7787
 777.000       0.6602
 778.000       0.7094
 779.000       0.6271
 780.000       0.5810
 781.000       0.5841
 782.000       0.5865
 783.000       0.8227
 784.000       0.9203
 785.000       1.1318
 786.000       1.4910
 787.000       1.8245
 788.000       1.8272
 789.000       1.4328
 790.000       1.2920
 791.000       1.0944
 792.000       0.9539
 793.000       0.9044
 794.000       0.7931
 795.000       0.6354
 796.000       0.5098
 797.000       0.5078
 798.000       0.5155
 799.000       0.5818
 800.000       0.5736
 801.000       0.6602
 802.000       0.6416
 803.000       0.6581
 804.000       0.5773
 805.000       0.4820
 806.000       0.5125
 807.000       0.5175
 808.000       0.6035
 809.000       0.7269
 810.000       0.8208
 811.000       0.8640
 812.000       0.9351
 813.000       0.8814
 814.000       0.9173
 815.000       0.9589
 816.000       0.9104
 817.000       0.9069
 818.000       0.8746
 819.000       0.8032
 820.000       0.6678
 821.000       0.5264
 822.000       0.5011
 823.000       0.4625
 824.000       0.4546
 825.000       0.6135
 826.000       0.6060
 827.000       0.5773
 828.000       0.7040
 829.000       0.5305
 830.000       0.4434
 831.000       0.4618
 832.000       0.5057
 833.000       0.7156
 834.000       0.6074
 835.000       0.7139
 836.000       0.6945
 837.000       0.5650
 838.000       0.6143
 839.000       0.8607
 840.000       0.8031
 841.000       0.7014
 842.000       0.8014
 843.000       0.9256
 844.000       0.8779
 845.000       0.6123
 846.000       0.5327
 847.000       0.5045
 848.000       0.5525
 849.000       0.5705
 850.000       0.6315
 851.000       0.7256
 852.000       0.7693
 853.000       0.7788
 854.000       0.7130
 855.000       0.7266
 856.000       0.7917
 857.000       0.7797
 858.000       0.7688
 859.000       0.9213
 860.000       1.0131
 861.000       1.1206
 862.000       1.3885
 863.000       2.0723
