#Res        AtomicFlx
   1.000       1.5444
   2.000       1.2974
   3.000       1.1663
   4.000       1.0108
   5.000       1.1991
   6.000       1.2245
   7.000       1.0065
   8.000       0.8862
   9.000       0.9265
  10.000       0.8735
  11.000       0.8078
  12.000       0.8510
  13.000       0.9105
  14.000       0.8410
  15.000       0.8615
  16.000       1.1643
  17.000       1.1873
  18.000       0.9316
  19.000       0.8045
  20.000       0.7817
  21.000       0.6805
  22.000       0.6719
  23.000       0.7047
  24.000       0.7543
  25.000       0.9053
  26.000       1.0857
  27.000       1.2899
  28.000       0.9547
  29.000       0.8033
  30.000       0.7231
  31.000       0.7529
  32.000       0.7488
  33.000       0.6556
  34.000       0.6319
  35.000       0.6853
  36.000       0.7057
  37.000       0.6529
  38.000       0.6569
  39.000       0.8069
  40.000       0.8241
  41.000       0.7450
  42.000       0.7751
  43.000       0.8719
  44.000       0.8265
  45.000       0.7820
  46.000       0.5968
  47.000       0.5396
  48.000       0.5649
  49.000       0.5251
  50.000       0.4828
  51.000       0.4725
  52.000       0.4845
  53.000       0.4830
  54.000       0.4914
  55.000       0.4934
  56.000       0.5433
  57.000       0.5183
  58.000       0.5013
  59.000       0.5766
  60.000       0.6285
  61.000       0.5597
  62.000       0.5608
  63.000       0.6670
  64.000       0.6546
  65.000       0.6246
  66.000       0.7122
  67.000       0.7692
  68.000       0.7477
  69.000       0.7084
  70.000       0.8860
  71.000       0.7467
  72.000       0.6164
  73.000       0.5380
  74.000       0.4568
  75.000       0.4223
  76.000       0.4056
  77.000       0.4142
  78.000       0.4328
  79.000       0.4585
  80.000       0.4451
  81.000       0.4326
  82.000       0.4325
  83.000       0.4606
  84.000       0.5035
  85.000       0.4604
  86.000       0.4353
  87.000       0.4620
  88.000       0.4979
  89.000       0.4692
  90.000       0.4786
  91.000       0.5587
  92.000       0.6284
  93.000       0.6510
  94.000       0.6650
  95.000       0.5187
  96.000       0.4433
  97.000       0.4183
  98.000       0.4209
  99.000       0.4978
 100.000       0.5715
 101.000       0.5773
 102.000       0.5705
 103.000       0.5719
 104.000       0.5182
 105.000       0.5039
 106.000       0.5791
 107.000       0.5649
 108.000       0.5530
 109.000       0.6960
 110.000       0.7811
 111.000       0.7320
 112.000       0.8198
 113.000       0.7039
 114.000       0.6784
 115.000       0.7112
 116.000       0.7298
 117.000       0.5465
 118.000       0.4728
 119.000       0.4260
 120.000       0.4004
 121.000       0.4018
 122.000       0.4123
 123.000       0.4212
 124.000       0.4033
 125.000       0.4059
 126.000       0.4311
 127.000       0.4783
 128.000       0.5019
 129.000       0.4888
 130.000       0.4903
 131.000       0.5400
 132.000       0.5741
 133.000       0.5748
 134.000       0.6277
 135.000       0.7102
 136.000       0.6790
 137.000       0.6324
 138.000       0.5399
 139.000       0.5172
 140.000       0.4573
 141.000       0.4112
 142.000       0.3879
 143.000       0.3915
 144.000       0.4397
 145.000       0.4756
 146.000       0.5085
 147.000       0.5283
 148.000       0.4634
 149.000       0.5192
 150.000       0.5895
 151.000       0.5656
 152.000       0.5684
 153.000       0.6689
 154.000       0.7528
 155.000       0.6319
 156.000       0.6208
 157.000       0.8911
 158.000       0.6687
 159.000       0.5814
 160.000       0.5009
 161.000       0.4446
 162.000       0.4098
 163.000       0.4113
 164.000       0.4240
 165.000       0.5077
 166.000       0.5999
 167.000       0.7339
 168.000       0.8459
 169.000       0.7221
 170.000       0.8181
 171.000       0.8392
 172.000       0.7765
 173.000       0.8094
 174.000       0.7660
 175.000       0.6742
 176.000       0.5331
 177.000       0.5792
 178.000       0.6349
 179.000       0.4821
 180.000       0.4768
 181.000       0.5084
 182.000       0.5524
 183.000       0.6419
 184.000       0.7410
 185.000       0.8325
 186.000       0.6909
 187.000       0.6346
 188.000       0.6950
 189.000       0.6967
 190.000       0.6051
 191.000       0.6281
 192.000       0.6935
 193.000       0.6523
 194.000       0.6230
 195.000       0.7265
 196.000       0.7829
 197.000       0.7564
 198.000       0.7759
 199.000       0.6267
 200.000       0.5869
 201.000       0.5553
 202.000       0.5228
 203.000       0.4972
 204.000       0.4507
 205.000       0.4201
 206.000       0.4657
 207.000       0.5251
 208.000       0.6201
 209.000       0.7174
 210.000       0.7050
 211.000       0.8003
 212.000       0.8373
 213.000       1.0696
 214.000       0.9724
 215.000       0.9420
 216.000       0.9053
 217.000       0.7816
 218.000       0.7259
 219.000       0.7959
 220.000       0.7793
 221.000       0.6538
 222.000       0.6184
 223.000       0.6824
 224.000       0.6540
 225.000       0.5799
 226.000       0.6259
 227.000       0.6715
 228.000       0.6286
 229.000       0.6628
 230.000       0.7636
 231.000       0.7751
 232.000       0.7866
 233.000       0.9509
 234.000       1.0171
 235.000       0.9545
 236.000       0.9595
 237.000       0.8302
 238.000       0.9689
 239.000       0.7255
 240.000       0.6246
 241.000       0.5254
 242.000       0.4659
 243.000       0.4308
 244.000       0.4476
 245.000       0.4742
 246.000       0.5892
 247.000       0.6672
 248.000       0.5842
 249.000       0.6467
 250.000       0.7662
 251.000       0.8248
 252.000       0.8991
 253.000       0.9943
 254.000       1.0175
 255.000       1.1959
 256.000       1.0992
 257.000       1.0215
 258.000       0.8296
 259.000       0.9083
 260.000       1.0599
 261.000       0.9550
 262.000       0.8467
 263.000       1.0579
 264.000       1.1009
 265.000       0.8186
 266.000       0.7698
 267.000       0.8465
 268.000       0.7925
 269.000       0.7429
 270.000       0.8505
 271.000       0.8413
 272.000       0.7262
 273.000       0.7251
 274.000       0.8794
 275.000       1.0488
 276.000       1.1469
 277.000       1.0629
 278.000       1.0337
 279.000       0.7076
 280.000       0.5964
 281.000       0.4929
 282.000       0.4524
 283.000       0.4588
 284.000       0.4732
 285.000       0.4794
 286.000       0.4906
 287.000       0.4747
 288.000       0.4724
 289.000       0.4690
 290.000       0.4706
 291.000       0.5242
 292.000       0.5636
 293.000       0.5132
 294.000       0.5050
 295.000       0.4865
 296.000       0.4789
 297.000       0.4838
 298.000       0.4655
 299.000       0.4547
 300.000       0.4493
 301.000       0.5149
 302.000       0.5250
 303.000       0.5616
 304.000       0.6048
 305.000       0.6948
 306.000       0.7441
 307.000       0.8832
 308.000       0.9584
 309.000       0.9856
 310.000       1.0162
 311.000       1.2063
 312.000       1.3581
 313.000       1.3925
 314.000       1.4080
 315.000       1.4166
 316.000       1.4376
 317.000       1.3207
 318.000       1.1909
 319.000       1.1242
 320.000       0.9756
 321.000       0.9669
 322.000       0.9193
 323.000       0.7627
 324.000       0.5960
 325.000       0.5498
 326.000       0.4870
 327.000       0.4411
 328.000       0.4565
 329.000       0.4677
 330.000       0.4731
 331.000       0.4908
 332.000       0.4806
 333.000       0.5200
 334.000       0.5256
 335.000       0.5062
 336.000       0.4880
 337.000       0.5126
 338.000       0.5894
 339.000       0.6027
 340.000       0.6186
 341.000       0.7091
 342.000       0.9029
 343.000       0.9075
 344.000       0.8062
 345.000       0.7983
 346.000       0.7447
 347.000       0.6917
 348.000       0.6251
 349.000       0.6419
 350.000       0.7227
 351.000       0.9942
 352.000       1.3750
 353.000       1.5989
 354.000       1.5847
 355.000       1.6784
 356.000       1.8061
 357.000       1.7108
 358.000       1.4647
 359.000       1.2142
 360.000       0.8936
 361.000       0.7548
 362.000       0.7153
 363.000       0.6243
 364.000       0.5745
 365.000       0.4939
 366.000       0.4626
 367.000       0.4628
 368.000       0.4515
 369.000       0.4951
 370.000       0.6390
 371.000       0.6197
 372.000       0.6106
 373.000       0.5519
 374.000       0.4899
 375.000       0.5576
 376.000       0.5407
 377.000       0.5682
 378.000       0.6450
 379.000       0.6868
 380.000       0.7053
 381.000       0.7113
 382.000       0.6707
 383.000       0.6911
 384.000       0.7528
 385.000       0.6194
 386.000       0.6262
 387.000       0.5909
 388.000       0.5888
 389.000       0.5334
 390.000       0.5535
 391.000       0.5553
 392.000       0.5236
 393.000       0.5174
 394.000       0.6645
 395.000       0.7885
 396.000       0.6291
 397.000       0.6457
 398.000       0.4791
 399.000       0.5446
 400.000       0.5366
 401.000       0.5931
 402.000       0.6463
 403.000       0.6401
 404.000       0.5733
 405.000       0.5790
 406.000       0.8087
 407.000       0.5865
 408.000       0.5141
 409.000       0.6564
 410.000       0.6053
 411.000       0.6135
 412.000       0.5523
 413.000       0.5451
 414.000       0.5257
 415.000       0.5038
 416.000       0.4922
 417.000       0.4908
 418.000       0.4957
 419.000       0.5696
 420.000       0.7135
 421.000       0.7781
 422.000       0.7865
 423.000       0.7050
 424.000       0.7143
 425.000       0.8038
 426.000       0.7675
 427.000       0.7556
 428.000       0.9821
 429.000       1.0329
 430.000       0.9532
 431.000       1.2969
 432.000       1.8960
 433.000       2.5569
 434.000       1.9882
 435.000       1.1629
 436.000       1.0553
 437.000       1.0151
 438.000       0.8885
 439.000       0.8309
 440.000       0.8895
 441.000       0.8692
 442.000       0.7974
 443.000       0.8541
 444.000       0.9330
 445.000       0.8507
 446.000       0.8394
 447.000       0.9316
 448.000       0.9565
 449.000       0.8469
 450.000       0.7320
 451.000       0.6909
 452.000       0.6450
 453.000       0.6430
 454.000       0.6701
 455.000       0.7181
 456.000       0.8914
 457.000       1.0856
 458.000       1.2553
 459.000       0.9238
 460.000       0.7785
 461.000       0.7043
 462.000       0.6999
 463.000       0.6898
 464.000       0.6790
 465.000       0.6774
 466.000       0.6414
 467.000       0.6630
 468.000       0.6799
 469.000       0.7047
 470.000       0.8111
 471.000       0.9387
 472.000       0.9347
 473.000       0.9719
 474.000       1.1028
 475.000       0.9614
 476.000       0.7903
 477.000       0.7420
 478.000       0.6212
 479.000       0.5518
 480.000       0.5163
 481.000       0.4751
 482.000       0.4723
 483.000       0.4891
 484.000       0.5054
 485.000       0.5218
 486.000       0.5340
 487.000       0.5873
 488.000       0.5718
 489.000       0.5492
 490.000       0.5431
 491.000       0.6302
 492.000       0.6170
 493.000       0.5860
 494.000       0.6458
 495.000       0.6638
 496.000       0.6305
 497.000       0.8020
 498.000       0.9208
 499.000       0.7918
 500.000       0.7328
 501.000       0.8549
 502.000       0.7130
 503.000       0.6348
 504.000       0.5936
 505.000       0.5656
 506.000       0.5028
 507.000       0.4364
 508.000       0.5171
 509.000       0.4980
 510.000       0.5222
 511.000       0.4866
 512.000       0.4719
 513.000       0.5394
 514.000       0.5976
 515.000       0.6142
 516.000       0.5708
 517.000       0.5293
 518.000       0.5592
 519.000       0.6057
 520.000       0.5901
 521.000       0.5633
 522.000       0.6331
 523.000       0.7575
 524.000       0.7396
 525.000       0.6753
 526.000       0.5711
 527.000       0.5336
 528.000       0.4927
 529.000       0.4972
 530.000       0.5296
 531.000       0.6139
 532.000       0.6267
 533.000       0.6831
 534.000       0.6568
 535.000       0.5520
 536.000       0.5377
 537.000       0.6235
 538.000       0.6245
 539.000       0.5963
 540.000       0.6746
 541.000       0.7505
 542.000       0.7491
 543.000       0.8351
 544.000       0.6905
 545.000       0.7191
 546.000       0.6862
 547.000       0.6872
 548.000       0.5777
 549.000       0.5512
 550.000       0.5383
 551.000       0.4468
 552.000       0.5155
 553.000       0.4876
 554.000       0.5100
 555.000       0.4770
 556.000       0.4578
 557.000       0.5607
 558.000       0.6810
 559.000       0.7084
 560.000       0.6651
 561.000       0.6788
 562.000       0.7249
 563.000       0.7262
 564.000       0.7214
 565.000       0.7651
 566.000       0.7984
 567.000       0.7727
 568.000       0.7383
 569.000       0.6154
 570.000       0.6133
 571.000       0.5321
 572.000       0.4461
 573.000       0.4315
 574.000       0.4200
 575.000       0.4414
 576.000       0.4939
 577.000       0.5091
 578.000       0.5044
 579.000       0.4746
 580.000       0.5780
 581.000       0.6785
 582.000       0.6077
 583.000       0.7194
 584.000       0.9416
 585.000       0.8596
 586.000       0.7841
 587.000       0.7724
 588.000       1.4956
 589.000       0.8561
 590.000       0.6349
 591.000       0.5798
 592.000       0.4868
 593.000       0.4614
 594.000       0.4501
 595.000       0.4383
 596.000       0.5024
 597.000       0.6441
 598.000       0.6812
 599.000       0.8754
 600.000       0.7884
 601.000       0.8705
 602.000       0.9196
 603.000       1.0790
 604.000       1.2956
 605.000       1.2043
 606.000       1.0037
 607.000       0.6923
 608.000       0.6653
 609.000       0.6592
 610.000       0.4991
 611.000       0.5010
 612.000       0.5415
 613.000       0.5791
 614.000       0.6828
 615.000       0.7467
 616.000       0.8316
 617.000       0.7597
 618.000       0.6660
 619.000       0.7699
 620.000       0.8387
 621.000       0.7254
 622.000       0.7482
 623.000       0.8816
 624.000       0.8754
 625.000       0.8466
 626.000       1.0156
 627.000       1.1220
 628.000       1.0946
 629.000       1.1437
 630.000       1.0268
 631.000       1.0268
 632.000       0.7157
 633.000       0.6049
 634.000       0.5727
 635.000       0.5183
 636.000       0.4838
 637.000       0.4922
 638.000       0.5540
 639.000       0.6257
 640.000       0.7339
 641.000       1.1251
 642.000       1.3432
 643.000       1.1646
 644.000       1.2444
 645.000       1.0223
 646.000       0.8723
 647.000       0.9309
 648.000       0.8211
 649.000       0.7115
 650.000       0.7505
 651.000       0.7579
 652.000       0.6680
 653.000       0.6586
 654.000       0.7393
 655.000       0.7157
 656.000       0.6382
 657.000       0.7104
 658.000       0.7633
 659.000       0.7028
 660.000       0.7548
 661.000       0.8604
 662.000       0.9500
 663.000       1.0019
 664.000       1.0622
 665.000       1.1277
 666.000       1.1967
 667.000       1.1656
 668.000       1.0477
 669.000       1.0932
 670.000       0.8611
 671.000       0.7720
 672.000       0.6465
 673.000       0.5652
 674.000       0.5216
 675.000       0.5552
 676.000       0.6313
 677.000       1.1322
 678.000       0.9990
 679.000       0.9148
 680.000       1.0298
 681.000       0.9148
 682.000       0.9430
 683.000       1.3063
 684.000       1.2598
 685.000       1.2315
 686.000       1.6598
 687.000       1.3240
 688.000       1.2014
 689.000       0.9919
 690.000       0.9390
 691.000       1.0647
 692.000       0.9443
 693.000       0.7745
 694.000       0.8372
 695.000       0.8146
 696.000       0.7480
 697.000       0.7841
 698.000       0.8586
 699.000       0.8208
 700.000       0.7215
 701.000       0.8018
 702.000       0.8583
 703.000       0.7991
 704.000       0.7521
 705.000       0.8835
 706.000       1.0184
 707.000       1.1267
 708.000       1.0913
 709.000       1.0972
 710.000       0.8677
 711.000       0.7585
 712.000       0.6021
 713.000       0.5436
 714.000       0.5917
 715.000       0.6756
 716.000       0.7281
 717.000       0.6871
 718.000       0.6689
 719.000       0.6458
 720.000       0.6618
 721.000       0.5782
 722.000       0.6180
 723.000       0.6362
 724.000       0.5700
 725.000       0.5198
 726.000       0.4734
 727.000       0.4605
 728.000       0.4676
 729.000       0.4532
 730.000       0.4745
 731.000       0.4572
 732.000       0.4317
 733.000       0.4444
 734.000       0.5068
 735.000       0.5568
 736.000       0.6898
 737.000       0.7066
 738.000       0.7717
 739.000       0.9239
 740.000       1.2525
 741.000       1.5265
 742.000       1.9935
 743.000       2.2820
 744.000       2.5267
 745.000       2.2748
 746.000       1.9239
 747.000       1.6723
 748.000       1.4878
 749.000       1.3427
 750.000       1.1061
 751.000       1.0535
 752.000       1.0564
 753.000       0.8670
 754.000       0.7398
 755.000       0.6385
 756.000       0.5248
 757.000       0.4578
 758.000       0.4037
 759.000       0.4272
 760.000       0.4351
 761.000       0.4571
 762.000       0.4618
 763.000       0.4457
 764.000       0.5028
 765.000       0.5273
 766.000       0.4825
 767.000       0.4510
 768.000       0.4624
 769.000       0.4660
 770.000       0.4993
 771.000       0.5778
 772.000       0.5994
 773.000       0.5648
 774.000       0.6402
 775.000       0.6722
 776.000       0.8119
 777.000       0.6704
 778.000       0.6744
 779.000       0.5765
 780.000       0.5395
 781.000       0.5701
 782.000       0.6215
 783.000       0.8368
 784.000       0.9467
 785.000       1.1577
 786.000       1.4884
 787.000       1.7443
 788.000       1.7309
 789.000       1.3632
 790.000       1.1434
 791.000       0.9319
 792.000       0.7840
 793.000       0.7430
 794.000       0.6670
 795.000       0.5551
 796.000       0.4799
 797.000       0.4678
 798.000       0.4726
 799.000       0.4991
 800.000       0.5088
 801.000       0.6308
 802.000       0.6274
 803.000       0.6274
 804.000       0.5670
 805.000       0.4758
 806.000       0.5036
 807.000       0.5183
 808.000       0.6131
 809.000       0.6979
 810.000       0.7328
 811.000       0.7463
 812.000       0.8007
 813.000       0.7528
 814.000       0.7780
 815.000       0.8110
 816.000       0.7698
 817.000       0.7799
 818.000       0.6673
 819.000       0.6280
 820.000       0.6087
 821.000       0.5300
 822.000       0.4950
 823.000       0.4773
 824.000       0.4746
 825.000       0.5343
 826.000       0.5635
 827.000       0.5484
 828.000       0.5578
 829.000       0.4918
 830.000       0.4867
 831.000       0.4899
 832.000       0.4952
 833.000       0.5812
 834.000       0.5632
 835.000       0.5516
 836.000       0.5980
 837.000       0.6037
 838.000       0.6222
 839.000       0.8723
 840.000       0.8802
 841.000       0.8180
 842.000       0.7724
 843.000       0.7356
 844.000       0.7083
 845.000       0.5990
 846.000       0.5530
 847.000       0.5227
 848.000       0.5195
 849.000       0.5174
 850.000       0.5776
 851.000       0.6983
 852.000       0.7503
 853.000       0.7488
 854.000       0.6796
 855.000       0.6792
 856.000       0.7613
 857.000       0.7540
 858.000       0.7420
 859.000       0.9293
 860.000       1.0375
 861.000       1.0737
 862.000       1.4829
 863.000       3.1684
