#Res        AtomicFlx
   1.000       1.7377
   2.000       1.3817
   3.000       1.2000
   4.000       1.0109
   5.000       1.1525
   6.000       1.1342
   7.000       0.9602
   8.000       0.8917
   9.000       0.9448
  10.000       0.8860
  11.000       0.8206
  12.000       0.9010
  13.000       0.9498
  14.000       0.8645
  15.000       0.8787
  16.000       1.0629
  17.000       1.1712
  18.000       1.0595
  19.000       0.8851
  20.000       0.8216
  21.000       0.6967
  22.000       0.6710
  23.000       0.6969
  24.000       0.7308
  25.000       0.9122
  26.000       1.1261
  27.000       1.2538
  28.000       0.9766
  29.000       0.8117
  30.000       0.6601
  31.000       0.7049
  32.000       0.7162
  33.000       0.6144
  34.000       0.5719
  35.000       0.6100
  36.000       0.6182
  37.000       0.5980
  38.000       0.6024
  39.000       0.6938
  40.000       0.7039
  41.000       0.6337
  42.000       0.6381
  43.000       0.7718
  44.000       0.6727
  45.000       0.6068
  46.000       0.5093
  47.000       0.4696
  48.000       0.4808
  49.000       0.4500
  50.000       0.4251
  51.000       0.4327
  52.000       0.4619
  53.000       0.4942
  54.000       0.4970
  55.000       0.5149
  56.000       0.5631
  57.000       0.5585
  58.000       0.5766
  59.000       0.6178
  60.000       0.6089
  61.000       0.5626
  62.000       0.5344
  63.000       0.5892
  64.000       0.5679
  65.000       0.5313
  66.000       0.6136
  67.000       0.7210
  68.000       0.7281
  69.000       0.6698
  70.000       0.7790
  71.000       0.6117
  72.000       0.5067
  73.000       0.4671
  74.000       0.4328
  75.000       0.4207
  76.000       0.4109
  77.000       0.4449
  78.000       0.4984
  79.000       0.5503
  80.000       0.5107
  81.000       0.4985
  82.000       0.4888
  83.000       0.5519
  84.000       0.5667
  85.000       0.5510
  86.000       0.5350
  87.000       0.5075
  88.000       0.5109
  89.000       0.5017
  90.000       0.4917
  91.000       0.5304
  92.000       0.5975
  93.000       0.6141
  94.000       0.6207
  95.000       0.5082
  96.000       0.4547
  97.000       0.4256
  98.000       0.4412
  99.000       0.5353
 100.000       0.6056
 101.000       0.6029
 102.000       0.6076
 103.000       0.6164
 104.000       0.5503
 105.000       0.5263
 106.000       0.6003
 107.000       0.5984
 108.000       0.5726
 109.000       0.6743
 110.000       0.7463
 111.000       0.7509
 112.000       0.8310
 113.000       0.6751
 114.000       0.7118
 115.000       0.7188
 116.000       0.7262
 117.000       0.5893
 118.000       0.5063
 119.000       0.4381
 120.000       0.4178
 121.000       0.4208
 122.000       0.4304
 123.000       0.4356
 124.000       0.4241
 125.000       0.4131
 126.000       0.4353
 127.000       0.4744
 128.000       0.4890
 129.000       0.4832
 130.000       0.4986
 131.000       0.5600
 132.000       0.6004
 133.000       0.6352
 134.000       0.7199
 135.000       0.7932
 136.000       0.7433
 137.000       0.6893
 138.000       0.5726
 139.000       0.5593
 140.000       0.4739
 141.000       0.4382
 142.000       0.4012
 143.000       0.3934
 144.000       0.4358
 145.000       0.4847
 146.000       0.5258
 147.000       0.5161
 148.000       0.4623
 149.000       0.5284
 150.000       0.6030
 151.000       0.5671
 152.000       0.5652
 153.000       0.6660
 154.000       0.7223
 155.000       0.6637
 156.000       0.6531
 157.000       1.0978
 158.000       0.7870
 159.000       0.6077
 160.000       0.5248
 161.000       0.4589
 162.000       0.4178
 163.000       0.4111
 164.000       0.4188
 165.000       0.4786
 166.000       0.5592
 167.000       0.6471
 168.000       0.7308
 169.000       0.6840
 170.000       0.8096
 171.000       0.9128
 172.000       0.8697
 173.000       0.9555
 174.000       0.9656
 175.000       0.8008
 176.000       0.5653
 177.000       0.5221
 178.000       0.5732
 179.000       0.4660
 180.000       0.4370
 181.000       0.4759
 182.000       0.5271
 183.000       0.6330
 184.000       0.7560
 185.000       0.8577
 186.000       0.7130
 187.000       0.6461
 188.000       0.7097
 189.000       0.7079
 190.000       0.5959
 191.000       0.6049
 192.000       0.6836
 193.000       0.6433
 194.000       0.6195
 195.000       0.7175
 196.000       0.7724
 197.000       0.7360
 198.000       0.7460
 199.000       0.6246
 200.000       0.5896
 201.000       0.5508
 202.000       0.5220
 203.000       0.4929
 204.000       0.4410
 205.000       0.3998
 206.000       0.4526
 207.000       0.5670
 208.000       0.7301
 209.000       1.0147
 210.000       0.8264
 211.000       0.8423
 212.000       0.8364
 213.000       1.1776
 214.000       1.0211
 215.000       0.9843
 216.000       0.9234
 217.000       0.8135
 218.000       0.7447
 219.000       0.7776
 220.000       0.7598
 221.000       0.6746
 222.000       0.6466
 223.000       0.7160
 224.000       0.7082
 225.000       0.6328
 226.000       0.6841
 227.000       0.7098
 228.000       0.6597
 229.000       0.7110
 230.000       0.7883
 231.000       0.7641
 232.000       0.7913
 233.000       0.9202
 234.000       0.9216
 235.000       0.8606
 236.000       0.8935
 237.000       0.8017
 238.000       0.9137
 239.000       0.7177
 240.000       0.6357
 241.000       0.5374
 242.000       0.4598
 243.000       0.4155
 244.000       0.4490
 245.000       0.5070
 246.000       0.7174
 247.000       0.6603
 248.000       0.6281
 249.000       0.6721
 250.000       0.7093
 251.000       0.8662
 252.000       1.0099
 253.000       1.2552
 254.000       1.2287
 255.000       1.3944
 256.000       1.0822
 257.000       0.8584
 258.000       0.7196
 259.000       0.7559
 260.000       0.8284
 261.000       0.8271
 262.000       0.8262
 263.000       0.9433
 264.000       1.0162
 265.000       0.8654
 266.000       0.8184
 267.000       0.8600
 268.000       0.8264
 269.000       0.7902
 270.000       0.8769
 271.000       0.9043
 272.000       0.8117
 273.000       0.7752
 274.000       0.8904
 275.000       0.9845
 276.000       1.0995
 277.000       1.0429
 278.000       0.9871
 279.000       0.7391
 280.000       0.6200
 281.000       0.5091
 282.000       0.4448
 283.000       0.4527
 284.000       0.4752
 285.000       0.4927
 286.000       0.5358
 287.000       0.5124
 288.000       0.5048
 289.000       0.5023
 290.000       0.6028
 291.000       0.7937
 292.000       0.5959
 293.000       0.5387
 294.000       0.4935
 295.000       0.4614
 296.000       0.4580
 297.000       0.4419
 298.000       0.4298
 299.000       0.4115
 300.000       0.4053
 301.000       0.4246
 302.000       0.4513
 303.000       0.5018
 304.000       0.5278
 305.000       0.6257
 306.000       0.6676
 307.000       0.7621
 308.000       0.7884
 309.000       0.8042
 310.000       0.8303
 311.000       1.0218
 312.000       1.2528
 313.000       1.3800
 314.000       1.2340
 315.000       1.1787
 316.000       1.3039
 317.000       1.1598
 318.000       1.0829
 319.000       1.0494
 320.000       0.9167
 321.000       0.8775
 322.000       0.7907
 323.000       0.6754
 324.000       0.5656
 325.000       0.5092
 326.000       0.4579
 327.000       0.3986
 328.000       0.3916
 329.000       0.3889
 330.000       0.3883
 331.000       0.3917
 332.000       0.3815
 333.000       0.4064
 334.000       0.4216
 335.000       0.4319
 336.000       0.4381
 337.000       0.4427
 338.000       0.5287
 339.000       0.5356
 340.000       0.5395
 341.000       0.6250
 342.000       0.8139
 343.000       0.7743
 344.000       0.6821
 345.000       0.6661
 346.000       0.6064
 347.000       0.6048
 348.000       0.5701
 349.000       0.6025
 350.000       0.6813
 351.000       0.7686
 352.000       1.1162
 353.000       1.3900
 354.000       1.4277
 355.000       1.7783
 356.000       2.0229
 357.000       1.7548
 358.000       1.3073
 359.000       1.0450
 360.000       0.8691
 361.000       0.7222
 362.000       0.6942
 363.000       0.5949
 364.000       0.5362
 365.000       0.4451
 366.000       0.4328
 367.000       0.4033
 368.000       0.3768
 369.000       0.3899
 370.000       0.4359
 371.000       0.4854
 372.000       0.5244
 373.000       0.4646
 374.000       0.4171
 375.000       0.4731
 376.000       0.4687
 377.000       0.5078
 378.000       0.6084
 379.000       0.6552
 380.000       0.6599
 381.000       0.6779
 382.000       0.6479
 383.000       0.6743
 384.000       0.7207
 385.000       0.6489
 386.000       0.6050
 387.000       0.5356
 388.000       0.5035
 389.000       0.4748
 390.000       0.4824
 391.000       0.4879
 392.000       0.4645
 393.000       0.4884
 394.000       0.6282
 395.000       0.7046
 396.000       0.5615
 397.000       0.5280
 398.000       0.4867
 399.000       0.5742
 400.000       0.4609
 401.000       0.4684
 402.000       0.5189
 403.000       0.5038
 404.000       0.4589
 405.000       0.4402
 406.000       0.4922
 407.000       0.4464
 408.000       0.4457
 409.000       0.5232
 410.000       0.5281
 411.000       0.5596
 412.000       0.4858
 413.000       0.4778
 414.000       0.4775
 415.000       0.4933
 416.000       0.4980
 417.000       0.5145
 418.000       0.5007
 419.000       0.5741
 420.000       0.6861
 421.000       0.7468
 422.000       0.7636
 423.000       0.7032
 424.000       0.6929
 425.000       0.7412
 426.000       0.7335
 427.000       0.7466
 428.000       0.9351
 429.000       0.9859
 430.000       0.9304
 431.000       1.3706
 432.000       2.5250
 433.000       2.9316
 434.000       2.1902
 435.000       1.2117
 436.000       1.1188
 437.000       1.0589
 438.000       0.9071
 439.000       0.8600
 440.000       0.8958
 441.000       0.8494
 442.000       0.7869
 443.000       0.8486
 444.000       0.9119
 445.000       0.8417
 446.000       0.8691
 447.000       0.9710
 448.000       1.0502
 449.000       0.9630
 450.000       0.8389
 451.000       0.8117
 452.000       0.7245
 453.000       0.7235
 454.000       0.7444
 455.000       0.7927
 456.000       0.9754
 457.000       1.1700
 458.000       1.3386
 459.000       0.9621
 460.000       0.8093
 461.000       0.7030
 462.000       0.7091
 463.000       0.7044
 464.000       0.6919
 465.000       0.6386
 466.000       0.5937
 467.000       0.6113
 468.000       0.6194
 469.000       0.6550
 470.000       0.7569
 471.000       0.8383
 472.000       0.8921
 473.000       1.0265
 474.000       1.1359
 475.000       0.8467
 476.000       0.7119
 477.000       0.6724
 478.000       0.5344
 479.000       0.4903
 480.000       0.4683
 481.000       0.4325
 482.000       0.4309
 483.000       0.4498
 484.000       0.4716
 485.000       0.4911
 486.000       0.5036
 487.000       0.5293
 488.000       0.4900
 489.000       0.4822
 490.000       0.5280
 491.000       0.5229
 492.000       0.4901
 493.000       0.5643
 494.000       0.5870
 495.000       0.5503
 496.000       0.5605
 497.000       0.7536
 498.000       0.8562
 499.000       0.7184
 500.000       0.6693
 501.000       0.8740
 502.000       0.6947
 503.000       0.5417
 504.000       0.5579
 505.000       0.6329
 506.000       0.5096
 507.000       0.3937
 508.000       0.4159
 509.000       0.4005
 510.000       0.4078
 511.000       0.3904
 512.000       0.4098
 513.000       0.4519
 514.000       0.5262
 515.000       0.5462
 516.000       0.5211
 517.000       0.4962
 518.000       0.5212
 519.000       0.5627
 520.000       0.5472
 521.000       0.5204
 522.000       0.5879
 523.000       0.6905
 524.000       0.6868
 525.000       0.6380
 526.000       0.5099
 527.000       0.4667
 528.000       0.4088
 529.000       0.3813
 530.000       0.4283
 531.000       0.4305
 532.000       0.4770
 533.000       0.5441
 534.000       0.5459
 535.000       0.4696
 536.000       0.4842
 537.000       0.5478
 538.000       0.5248
 539.000       0.5506
 540.000       0.6725
 541.000       0.6960
 542.000       0.7493
 543.000       0.8761
 544.000       0.6819
 545.000       0.6756
 546.000       0.6685
 547.000       0.6925
 548.000       0.5237
 549.000       0.4440
 550.000       0.4094
 551.000       0.4257
 552.000       0.4206
 553.000       0.4050
 554.000       0.4103
 555.000       0.4010
 556.000       0.4103
 557.000       0.4477
 558.000       0.5211
 559.000       0.5316
 560.000       0.5083
 561.000       0.5229
 562.000       0.6097
 563.000       0.6728
 564.000       0.6533
 565.000       0.7149
 566.000       0.8084
 567.000       0.7800
 568.000       0.6907
 569.000       0.5342
 570.000       0.5379
 571.000       0.4782
 572.000       0.4452
 573.000       0.3927
 574.000       0.4059
 575.000       0.4513
 576.000       0.4812
 577.000       0.5406
 578.000       0.5165
 579.000       0.4696
 580.000       0.5346
 581.000       0.6379
 582.000       0.6029
 583.000       0.5851
 584.000       0.7224
 585.000       0.7543
 586.000       0.6683
 587.000       0.6726
 588.000       1.1048
 589.000       0.7689
 590.000       0.6222
 591.000       0.5337
 592.000       0.4872
 593.000       0.4611
 594.000       0.4340
 595.000       0.4198
 596.000       0.5013
 597.000       0.6377
 598.000       0.6731
 599.000       0.7232
 600.000       0.6729
 601.000       0.7294
 602.000       0.7624
 603.000       0.7887
 604.000       0.9302
 605.000       0.8621
 606.000       0.8187
 607.000       0.6692
 608.000       0.7134
 609.000       0.6911
 610.000       0.4879
 611.000       0.4995
 612.000       0.5190
 613.000       0.5415
 614.000       0.6830
 615.000       0.7819
 616.000       0.9184
 617.000       0.7592
 618.000       0.6750
 619.000       0.7080
 620.000       0.7159
 621.000       0.6299
 622.000       0.6403
 623.000       0.7135
 624.000       0.6903
 625.000       0.6626
 626.000       0.7452
 627.000       0.8139
 628.000       0.7860
 629.000       0.7928
 630.000       0.6649
 631.000       0.6218
 632.000       0.5954
 633.000       0.5791
 634.000       0.5510
 635.000       0.4788
 636.000       0.4347
 637.000       0.4588
 638.000       0.6295
 639.000       0.6417
 640.000       0.7344
 641.000       0.8351
 642.000       1.0597
 643.000       0.8761
 644.000       0.8328
 645.000       0.8073
 646.000       0.8455
 647.000       0.8374
 648.000       0.7578
 649.000       0.7065
 650.000       0.6752
 651.000       0.6535
 652.000       0.6071
 653.000       0.5915
 654.000       0.6406
 655.000       0.6382
 656.000       0.6054
 657.000       0.6419
 658.000       0.6877
 659.000       0.6445
 660.000       0.6732
 661.000       0.7652
 662.000       0.7750
 663.000       0.7447
 664.000       0.8660
 665.000       0.9005
 666.000       0.8350
 667.000       0.9027
 668.000       0.8347
 669.000       0.9508
 670.000       0.7564
 671.000       0.6747
 672.000       0.5808
 673.000       0.4756
 674.000       0.4226
 675.000       0.4551
 676.000       0.4794
 677.000       0.6127
 678.000       0.7770
 679.000       0.6550
 680.000       0.6850
 681.000       0.6777
 682.000       0.8364
 683.000       1.0539
 684.000       1.0503
 685.000       1.1254
 686.000       1.7332
 687.000       1.3642
 688.000       1.1299
 689.000       0.8401
 690.000       0.8332
 691.000       0.8852
 692.000       0.7893
 693.000       0.6951
 694.000       0.7795
 695.000       0.7766
 696.000       0.6803
 697.000       0.7095
 698.000       0.7883
 699.000       0.7267
 700.000       0.6679
 701.000       0.7744
 702.000       0.7770
 703.000       0.6814
 704.000       0.6663
 705.000       0.8173
 706.000       1.0291
 707.000       1.1138
 708.000       0.9753
 709.000       0.9076
 710.000       0.6702
 711.000       0.5970
 712.000       0.4945
 713.000       0.4438
 714.000       0.4585
 715.000       0.4972
 716.000       0.6359
 717.000       0.5367
 718.000       0.4782
 719.000       0.4487
 720.000       0.4645
 721.000       0.4424
 722.000       0.4405
 723.000       0.4621
 724.000       0.4616
 725.000       0.4518
 726.000       0.4281
 727.000       0.4247
 728.000       0.4434
 729.000       0.4191
 730.000       0.4013
 731.000       0.4030
 732.000       0.4355
 733.000       0.4448
 734.000       0.4978
 735.000       0.5635
 736.000       0.7348
 737.000       0.7508
 738.000       0.7956
 739.000       1.1286
 740.000       1.6081
 741.000       2.0269
 742.000       2.5363
 743.000       2.7578
 744.000       3.0230
 745.000       2.7789
 746.000       2.4220
 747.000       2.1427
 748.000       1.9214
 749.000       1.6858
 750.000       1.4252
 751.000       1.3380
 752.000       1.1621
 753.000       0.8669
 754.000       0.7453
 755.000       0.6302
 756.000       0.5464
 757.000       0.4550
 758.000       0.3917
 759.000       0.4096
 760.000       0.4082
 761.000       0.4238
 762.000       0.4392
 763.000       0.4558
 764.000       0.5656
 765.000       0.5119
 766.000       0.5173
 767.000       0.4391
 768.000       0.4681
 769.000       0.4826
 770.000       0.5008
 771.000       0.5512
 772.000       0.5229
 773.000       0.5343
 774.000       0.6266
 775.000       0.6680
 776.000       0.7997
 777.000       0.6299
 778.000       0.5947
 779.000       0.5723
 780.000       0.5465
 781.000       0.5498
 782.000       0.5558
 783.000       0.7988
 784.000       0.9019
 785.000       1.1507
 786.000       1.3902
 787.000       1.7517
 788.000       1.7099
 789.000       1.3400
 790.000       1.1620
 791.000       0.9715
 792.000       0.8365
 793.000       0.7749
 794.000       0.6485
 795.000       0.5349
 796.000       0.4464
 797.000       0.4368
 798.000       0.4459
 799.000       0.4607
 800.000       0.4866
 801.000       0.5819
 802.000       0.5882
 803.000       0.6291
 804.000       0.6100
 805.000       0.4908
 806.000       0.5041
 807.000       0.4904
 808.000       0.5424
 809.000       0.6396
 810.000       0.6947
 811.000       0.7080
 812.000       0.7675
 813.000       0.7565
 814.000       0.8121
 815.000       0.8265
 816.000       0.7260
 817.000       0.6988
 818.000       0.6343
 819.000       0.5785
 820.000       0.4982
 821.000       0.4761
 822.000       0.4919
 823.000       0.4552
 824.000       0.4350
 825.000       0.5007
 826.000       0.4871
 827.000       0.4572
 828.000       0.4445
 829.000       0.4219
 830.000       0.4254
 831.000       0.4728
 832.000       0.5132
 833.000       0.6084
 834.000       0.5560
 835.000       0.6989
 836.000       0.6635
 837.000       0.5587
 838.000       0.6085
 839.000       0.8196
 840.000       0.7796
 841.000       0.7315
 842.000       0.6810
 843.000       0.6640
 844.000       0.6518
 845.000       0.5624
 846.000       0.5049
 847.000       0.4930
 848.000       0.5507
 849.000       0.5498
 850.000       0.6216
 851.000       0.7292
 852.000       0.7505
 853.000       0.7574
 854.000       0.6694
 855.000       0.6749
 856.000       0.7555
 857.000       0.7162
 858.000       0.6802
 859.000       0.8632
 860.000       0.9303
 861.000       0.9161
 862.000       1.3098
 863.000       1.8795
