#Res        AtomicFlx
   1.000       2.7340
   2.000       1.9064
   3.000       1.3397
   4.000       1.0180
   5.000       1.0971
   6.000       1.0766
   7.000       0.8922
   8.000       0.8256
   9.000       0.8891
  10.000       0.8456
  11.000       0.7676
  12.000       0.8199
  13.000       0.8808
  14.000       0.8284
  15.000       0.8508
  16.000       1.0848
  17.000       1.1209
  18.000       0.9066
  19.000       0.7627
  20.000       0.7163
  21.000       0.6222
  22.000       0.6015
  23.000       0.6271
  24.000       0.6603
  25.000       0.8323
  26.000       1.0613
  27.000       1.2319
  28.000       0.8827
  29.000       0.7294
  30.000       0.6285
  31.000       0.6719
  32.000       0.6614
  33.000       0.5525
  34.000       0.5379
  35.000       0.5896
  36.000       0.6070
  37.000       0.6047
  38.000       0.6386
  39.000       0.7364
  40.000       0.7490
  41.000       0.6647
  42.000       0.7025
  43.000       0.7720
  44.000       0.6795
  45.000       0.6409
  46.000       0.5436
  47.000       0.4958
  48.000       0.5010
  49.000       0.4595
  50.000       0.4197
  51.000       0.4061
  52.000       0.4243
  53.000       0.4385
  54.000       0.4533
  55.000       0.4659
  56.000       0.5096
  57.000       0.5081
  58.000       0.5203
  59.000       0.5433
  60.000       0.5386
  61.000       0.4944
  62.000       0.4993
  63.000       0.5530
  64.000       0.5323
  65.000       0.5192
  66.000       0.6131
  67.000       0.6818
  68.000       0.6763
  69.000       0.6158
  70.000       0.7321
  71.000       0.5944
  72.000       0.5033
  73.000       0.4632
  74.000       0.4289
  75.000       0.4119
  76.000       0.4038
  77.000       0.4376
  78.000       0.4598
  79.000       0.4961
  80.000       0.4389
  81.000       0.4159
  82.000       0.4284
  83.000       0.4681
  84.000       0.4817
  85.000       0.4592
  86.000       0.4675
  87.000       0.4746
  88.000       0.4823
  89.000       0.4745
  90.000       0.4961
  91.000       0.5733
  92.000       0.7342
  93.000       0.7242
  94.000       0.6271
  95.000       0.4856
  96.000       0.4257
  97.000       0.4225
  98.000       0.5199
  99.000       0.6990
 100.000       0.8719
 101.000       0.7766
 102.000       0.8042
 103.000       0.7654
 104.000       0.6395
 105.000       0.6033
 106.000       0.6885
 107.000       0.6501
 108.000       0.6053
 109.000       0.7041
 110.000       0.7557
 111.000       0.7421
 112.000       0.8565
 113.000       0.6853
 114.000       0.7014
 115.000       0.7074
 116.000       0.7148
 117.000       0.5518
 118.000       0.4784
 119.000       0.4554
 120.000       0.4957
 121.000       0.5556
 122.000       0.5224
 123.000       0.5253
 124.000       0.5092
 125.000       0.5096
 126.000       0.5717
 127.000       0.6167
 128.000       0.6271
 129.000       0.6020
 130.000       0.5911
 131.000       0.6520
 132.000       0.6856
 133.000       0.6656
 134.000       0.7276
 135.000       0.8034
 136.000       0.7523
 137.000       0.6871
 138.000       0.5746
 139.000       0.5671
 140.000       0.4988
 141.000       0.4404
 142.000       0.4278
 143.000       0.4192
 144.000       0.4552
 145.000       0.5181
 146.000       0.5561
 147.000       0.5130
 148.000       0.4849
 149.000       0.5368
 150.000       0.6175
 151.000       0.6437
 152.000       0.6348
 153.000       0.7979
 154.000       1.0857
 155.000       0.8020
 156.000       0.7919
 157.000       1.4477
 158.000       1.0161
 159.000       0.6345
 160.000       0.5219
 161.000       0.4463
 162.000       0.4171
 163.000       0.3891
 164.000       0.4030
 165.000       0.4580
 166.000       0.5875
 167.000       0.6381
 168.000       0.6842
 169.000       0.6487
 170.000       0.7516
 171.000       0.8003
 172.000       0.7437
 173.000       0.7965
 174.000       0.8107
 175.000       0.7104
 176.000       0.5301
 177.000       0.5662
 178.000       0.7086
 179.000       0.4777
 180.000       0.4566
 181.000       0.5079
 182.000       0.5337
 183.000       0.6770
 184.000       0.7325
 185.000       0.8652
 186.000       0.8616
 187.000       0.7055
 188.000       0.7348
 189.000       0.7725
 190.000       0.6630
 191.000       0.5957
 192.000       0.6594
 193.000       0.6658
 194.000       0.6055
 195.000       0.6799
 196.000       0.7534
 197.000       0.7416
 198.000       0.7610
 199.000       0.6242
 200.000       0.5964
 201.000       0.5322
 202.000       0.4730
 203.000       0.4487
 204.000       0.4022
 205.000       0.3884
 206.000       0.4115
 207.000       0.4819
 208.000       0.5768
 209.000       0.7525
 210.000       0.7651
 211.000       0.7747
 212.000       0.6706
 213.000       0.8360
 214.000       0.7576
 215.000       0.7627
 216.000       0.7298
 217.000       0.6501
 218.000       0.5870
 219.000       0.6468
 220.000       0.6619
 221.000       0.5576
 222.000       0.5275
 223.000       0.5911
 224.000       0.5872
 225.000       0.5320
 226.000       0.5681
 227.000       0.6125
 228.000       0.5607
 229.000       0.5824
 230.000       0.6841
 231.000       0.6711
 232.000       0.6900
 233.000       0.8486
 234.000       0.8511
 235.000       0.7404
 236.000       0.7736
 237.000       0.7066
 238.000       0.8184
 239.000       0.6221
 240.000       0.5533
 241.000       0.4866
 242.000       0.4281
 243.000       0.3952
 244.000       0.4065
 245.000       0.4433
 246.000       0.5259
 247.000       0.5502
 248.000       0.4798
 249.000       0.5251
 250.000       0.5609
 251.000       0.7119
 252.000       0.9962
 253.000       1.2084
 254.000       1.1369
 255.000       1.2316
 256.000       0.8876
 257.000       0.7106
 258.000       0.6218
 259.000       0.6886
 260.000       0.7636
 261.000       0.7019
 262.000       0.6520
 263.000       0.7841
 264.000       0.8302
 265.000       0.6959
 266.000       0.6662
 267.000       0.7212
 268.000       0.6942
 269.000       0.6651
 270.000       0.7595
 271.000       0.7836
 272.000       0.6650
 273.000       0.6432
 274.000       0.7691
 275.000       0.8706
 276.000       0.9867
 277.000       0.9466
 278.000       0.9447
 279.000       0.6705
 280.000       0.5431
 281.000       0.4713
 282.000       0.4190
 283.000       0.4241
 284.000       0.4356
 285.000       0.4242
 286.000       0.4272
 287.000       0.3989
 288.000       0.3952
 289.000       0.4316
 290.000       0.4600
 291.000       0.4511
 292.000       0.4917
 293.000       0.4827
 294.000       0.4489
 295.000       0.4316
 296.000       0.4329
 297.000       0.4234
 298.000       0.4266
 299.000       0.4164
 300.000       0.3978
 301.000       0.4242
 302.000       0.4374
 303.000       0.4567
 304.000       0.4792
 305.000       0.5871
 306.000       0.6514
 307.000       0.7655
 308.000       0.7810
 309.000       0.7695
 310.000       0.8200
 311.000       1.0083
 312.000       1.1981
 313.000       1.2946
 314.000       1.2178
 315.000       1.1535
 316.000       1.2788
 317.000       1.1585
 318.000       1.0457
 319.000       0.9957
 320.000       0.8935
 321.000       0.8709
 322.000       0.7808
 323.000       0.6244
 324.000       0.5337
 325.000       0.4593
 326.000       0.4127
 327.000       0.3802
 328.000       0.3945
 329.000       0.3996
 330.000       0.3970
 331.000       0.3919
 332.000       0.3752
 333.000       0.3997
 334.000       0.4103
 335.000       0.4073
 336.000       0.3765
 337.000       0.3705
 338.000       0.3939
 339.000       0.4246
 340.000       0.4477
 341.000       0.4528
 342.000       0.4504
 343.000       0.5035
 344.000       0.5025
 345.000       0.5292
 346.000       0.5397
 347.000       0.5361
 348.000       0.5187
 349.000       0.5565
 350.000       0.6402
 351.000       0.8179
 352.000       0.9919
 353.000       1.2124
 354.000       1.4129
 355.000       1.7620
 356.000       2.0472
 357.000       1.9860
 358.000       1.5229
 359.000       1.1672
 360.000       0.8840
 361.000       0.6570
 362.000       0.6065
 363.000       0.4855
 364.000       0.4435
 365.000       0.4014
 366.000       0.3906
 367.000       0.3903
 368.000       0.3699
 369.000       0.3882
 370.000       0.4415
 371.000       0.4858
 372.000       0.5322
 373.000       0.4707
 374.000       0.4119
 375.000       0.4646
 376.000       0.4463
 377.000       0.4646
 378.000       0.5372
 379.000       0.5488
 380.000       0.5665
 381.000       0.6313
 382.000       0.5854
 383.000       0.5955
 384.000       0.6240
 385.000       0.5707
 386.000       0.5779
 387.000       0.5237
 388.000       0.4993
 389.000       0.4719
 390.000       0.4867
 391.000       0.4814
 392.000       0.4406
 393.000       0.4516
 394.000       0.5507
 395.000       0.5657
 396.000       0.4564
 397.000       0.4426
 398.000       0.4078
 399.000       0.4263
 400.000       0.4075
 401.000       0.4377
 402.000       0.4656
 403.000       0.4569
 404.000       0.4238
 405.000       0.4480
 406.000       0.4883
 407.000       0.4447
 408.000       0.4170
 409.000       0.5005
 410.000       0.5083
 411.000       0.5443
 412.000       0.4709
 413.000       0.4677
 414.000       0.4704
 415.000       0.4708
 416.000       0.4566
 417.000       0.4649
 418.000       0.4502
 419.000       0.5048
 420.000       0.6242
 421.000       0.7187
 422.000       0.8082
 423.000       0.7371
 424.000       0.7378
 425.000       0.7795
 426.000       0.7704
 427.000       0.8507
 428.000       0.9996
 429.000       0.9754
 430.000       0.9273
 431.000       1.4902
 432.000       3.2384
 433.000       1.7411
 434.000       1.4564
 435.000       1.1575
 436.000       1.1704
 437.000       1.1805
 438.000       1.0259
 439.000       0.9163
 440.000       0.9762
 441.000       0.9762
 442.000       0.9019
 443.000       0.9541
 444.000       1.0752
 445.000       1.0587
 446.000       1.0754
 447.000       1.2831
 448.000       1.5696
 449.000       1.2618
 450.000       0.9944
 451.000       0.8584
 452.000       0.7154
 453.000       0.6608
 454.000       0.6732
 455.000       0.7271
 456.000       0.9151
 457.000       1.1344
 458.000       1.3076
 459.000       0.9481
 460.000       0.8469
 461.000       0.7640
 462.000       0.7652
 463.000       0.7590
 464.000       0.7368
 465.000       0.6991
 466.000       0.6678
 467.000       0.6994
 468.000       0.7048
 469.000       0.7079
 470.000       0.8227
 471.000       0.8778
 472.000       0.9648
 473.000       1.1481
 474.000       1.3423
 475.000       1.0463
 476.000       1.0938
 477.000       1.0048
 478.000       0.6313
 479.000       0.5160
 480.000       0.4631
 481.000       0.4517
 482.000       0.4597
 483.000       0.4590
 484.000       0.4765
 485.000       0.4851
 486.000       0.5115
 487.000       0.5661
 488.000       0.5182
 489.000       0.4878
 490.000       0.5456
 491.000       0.5475
 492.000       0.4932
 493.000       0.5554
 494.000       0.5627
 495.000       0.5147
 496.000       0.4994
 497.000       0.6164
 498.000       0.6865
 499.000       0.6273
 500.000       0.5920
 501.000       0.7486
 502.000       0.6137
 503.000       0.5130
 504.000       0.4949
 505.000       0.4891
 506.000       0.4444
 507.000       0.3737
 508.000       0.3874
 509.000       0.4013
 510.000       0.3987
 511.000       0.3838
 512.000       0.4097
 513.000       0.4550
 514.000       0.5250
 515.000       0.6216
 516.000       0.6458
 517.000       0.6028
 518.000       0.6032
 519.000       0.7211
 520.000       0.7556
 521.000       0.7193
 522.000       0.7998
 523.000       1.0446
 524.000       1.0083
 525.000       0.8306
 526.000       0.6668
 527.000       0.4807
 528.000       0.3958
 529.000       0.3528
 530.000       0.3911
 531.000       0.4220
 532.000       0.4506
 533.000       0.5201
 534.000       0.5818
 535.000       0.4849
 536.000       0.4896
 537.000       0.5776
 538.000       0.5733
 539.000       0.5981
 540.000       0.7294
 541.000       0.7815
 542.000       0.8234
 543.000       0.8903
 544.000       0.7099
 545.000       0.7077
 546.000       0.6796
 547.000       0.6728
 548.000       0.5368
 549.000       0.4530
 550.000       0.3971
 551.000       0.4019
 552.000       0.3974
 553.000       0.3917
 554.000       0.3862
 555.000       0.3855
 556.000       0.3873
 557.000       0.4244
 558.000       0.4577
 559.000       0.4723
 560.000       0.4501
 561.000       0.4538
 562.000       0.5161
 563.000       0.5610
 564.000       0.5444
 565.000       0.5838
 566.000       0.6582
 567.000       0.6519
 568.000       0.6118
 569.000       0.5112
 570.000       0.5198
 571.000       0.4497
 572.000       0.3919
 573.000       0.3587
 574.000       0.3669
 575.000       0.3902
 576.000       0.4209
 577.000       0.4765
 578.000       0.4713
 579.000       0.4290
 580.000       0.4748
 581.000       0.5636
 582.000       0.5585
 583.000       0.5465
 584.000       0.6629
 585.000       0.7292
 586.000       0.6120
 587.000       0.5950
 588.000       1.0397
 589.000       0.6582
 590.000       0.5354
 591.000       0.4677
 592.000       0.4549
 593.000       0.4033
 594.000       0.3658
 595.000       0.3627
 596.000       0.4415
 597.000       0.6692
 598.000       0.6956
 599.000       0.7119
 600.000       0.6679
 601.000       0.7098
 602.000       0.7164
 603.000       0.6966
 604.000       0.7721
 605.000       0.9211
 606.000       0.8772
 607.000       0.6067
 608.000       0.5134
 609.000       0.5180
 610.000       0.4164
 611.000       0.4100
 612.000       0.4899
 613.000       0.4660
 614.000       0.6332
 615.000       0.9510
 616.000       1.1051
 617.000       0.7409
 618.000       0.5912
 619.000       0.6351
 620.000       0.6283
 621.000       0.5305
 622.000       0.5372
 623.000       0.6099
 624.000       0.5809
 625.000       0.5563
 626.000       0.6560
 627.000       0.7178
 628.000       0.6880
 629.000       0.7069
 630.000       0.5722
 631.000       0.5414
 632.000       0.5118
 633.000       0.5251
 634.000       0.5057
 635.000       0.4412
 636.000       0.4059
 637.000       0.4436
 638.000       0.5186
 639.000       0.5436
 640.000       0.6108
 641.000       0.7598
 642.000       0.8609
 643.000       0.7901
 644.000       1.0263
 645.000       0.8102
 646.000       0.6932
 647.000       0.6995
 648.000       0.6787
 649.000       0.6243
 650.000       0.6212
 651.000       0.6143
 652.000       0.5388
 653.000       0.5195
 654.000       0.5754
 655.000       0.5575
 656.000       0.5258
 657.000       0.5546
 658.000       0.5837
 659.000       0.5567
 660.000       0.5868
 661.000       0.6479
 662.000       0.6481
 663.000       0.6651
 664.000       0.7839
 665.000       0.8048
 666.000       0.7358
 667.000       0.7600
 668.000       0.6874
 669.000       0.7976
 670.000       0.6796
 671.000       0.6223
 672.000       0.5351
 673.000       0.4478
 674.000       0.3953
 675.000       0.4165
 676.000       0.4828
 677.000       1.1327
 678.000       0.6875
 679.000       0.5669
 680.000       0.6453
 681.000       0.6736
 682.000       0.6936
 683.000       0.8013
 684.000       0.9028
 685.000       0.9634
 686.000       1.2744
 687.000       1.0009
 688.000       0.8995
 689.000       0.7190
 690.000       0.7357
 691.000       0.7951
 692.000       0.7026
 693.000       0.6442
 694.000       0.6966
 695.000       0.6828
 696.000       0.6366
 697.000       0.6947
 698.000       0.7302
 699.000       0.6591
 700.000       0.6202
 701.000       0.7178
 702.000       0.7391
 703.000       0.6455
 704.000       0.6300
 705.000       0.7893
 706.000       0.9482
 707.000       1.0151
 708.000       0.9352
 709.000       0.9477
 710.000       0.6782
 711.000       0.5932
 712.000       0.4651
 713.000       0.4047
 714.000       0.4057
 715.000       0.4254
 716.000       0.4878
 717.000       0.5065
 718.000       0.4491
 719.000       0.4170
 720.000       0.4957
 721.000       0.4753
 722.000       0.4837
 723.000       0.5082
 724.000       0.4954
 725.000       0.4721
 726.000       0.4423
 727.000       0.4392
 728.000       0.4435
 729.000       0.4272
 730.000       0.4224
 731.000       0.4042
 732.000       0.4018
 733.000       0.4220
 734.000       0.4862
 735.000       0.5670
 736.000       0.6757
 737.000       0.7020
 738.000       0.8994
 739.000       0.9031
 740.000       1.0166
 741.000       1.1922
 742.000       1.5521
 743.000       1.8005
 744.000       2.0003
 745.000       1.8434
 746.000       1.4451
 747.000       1.2913
 748.000       1.3581
 749.000       1.2192
 750.000       0.9799
 751.000       0.9961
 752.000       1.0122
 753.000       0.8021
 754.000       0.6909
 755.000       0.5876
 756.000       0.5372
 757.000       0.4492
 758.000       0.3880
 759.000       0.4011
 760.000       0.4315
 761.000       0.4233
 762.000       0.3879
 763.000       0.3750
 764.000       0.4195
 765.000       0.4258
 766.000       0.4471
 767.000       0.4202
 768.000       0.4199
 769.000       0.4269
 770.000       0.4627
 771.000       0.4890
 772.000       0.5007
 773.000       0.5283
 774.000       0.6426
 775.000       0.6765
 776.000       0.8088
 777.000       0.6400
 778.000       0.7036
 779.000       0.6297
 780.000       0.5940
 781.000       0.6129
 782.000       0.6137
 783.000       0.8329
 784.000       1.1220
 785.000       1.4753
 786.000       1.6531
 787.000       2.2259
 788.000       2.0590
 789.000       1.5285
 790.000       1.2856
 791.000       1.0034
 792.000       0.7643
 793.000       0.6664
 794.000       0.5705
 795.000       0.4916
 796.000       0.4184
 797.000       0.4220
 798.000       0.4353
 799.000       0.4738
 800.000       0.4952
 801.000       0.5987
 802.000       0.5408
 803.000       0.5579
 804.000       0.4874
 805.000       0.4003
 806.000       0.4479
 807.000       0.4635
 808.000       0.5083
 809.000       0.5817
 810.000       0.6379
 811.000       0.6613
 812.000       0.7289
 813.000       0.6945
 814.000       0.7429
 815.000       0.8595
 816.000       0.7065
 817.000       0.6589
 818.000       0.5925
 819.000       0.5579
 820.000       0.5127
 821.000       0.4889
 822.000       0.4975
 823.000       0.4910
 824.000       0.4527
 825.000       0.5419
 826.000       0.5660
 827.000       0.5025
 828.000       0.4626
 829.000       0.4141
 830.000       0.4116
 831.000       0.4529
 832.000       0.4767
 833.000       0.4993
 834.000       0.4348
 835.000       0.4637
 836.000       0.4445
 837.000       0.4489
 838.000       0.5341
 839.000       0.8113
 840.000       0.8574
 841.000       0.8127
 842.000       0.7197
 843.000       0.6359
 844.000       0.6229
 845.000       0.5608
 846.000       0.5253
 847.000       0.5148
 848.000       0.5166
 849.000       0.5027
 850.000       0.5902
 851.000       0.7275
 852.000       0.8163
 853.000       0.8614
 854.000       0.7418
 855.000       0.7507
 856.000       0.8767
 857.000       0.8389
 858.000       0.8110
 859.000       0.9739
 860.000       0.9811
 861.000       1.0396
 862.000       1.4530
 863.000       2.2866
