#Res        AtomicFlx
   1.000       2.0411
   2.000       1.5162
   3.000       1.2214
   4.000       0.9897
   5.000       1.1589
   6.000       1.1998
   7.000       1.0064
   8.000       0.8749
   9.000       0.9505
  10.000       0.8973
  11.000       0.7974
  12.000       0.8539
  13.000       0.9019
  14.000       0.7946
  15.000       0.8856
  16.000       1.4768
  17.000       1.4104
  18.000       1.0064
  19.000       0.8226
  20.000       0.8013
  21.000       0.6718
  22.000       0.6540
  23.000       0.6693
  24.000       0.7087
  25.000       0.8847
  26.000       1.0762
  27.000       1.4027
  28.000       0.9264
  29.000       0.7623
  30.000       0.6676
  31.000       0.7031
  32.000       0.6971
  33.000       0.6513
  34.000       0.6439
  35.000       0.6868
  36.000       0.7103
  37.000       0.6907
  38.000       0.7397
  39.000       0.9146
  40.000       0.9686
  41.000       0.9255
  42.000       1.1823
  43.000       1.5249
  44.000       1.2615
  45.000       1.2319
  46.000       0.8164
  47.000       0.6548
  48.000       0.5531
  49.000       0.4773
  50.000       0.4366
  51.000       0.4362
  52.000       0.4378
  53.000       0.4503
  54.000       0.4556
  55.000       0.4774
  56.000       0.5142
  57.000       0.4960
  58.000       0.4729
  59.000       0.5124
  60.000       0.5681
  61.000       0.5099
  62.000       0.4882
  63.000       0.5694
  64.000       0.5259
  65.000       0.4701
  66.000       0.5499
  67.000       0.6538
  68.000       0.6695
  69.000       0.6381
  70.000       0.7885
  71.000       0.5772
  72.000       0.4963
  73.000       0.4663
  74.000       0.4323
  75.000       0.4109
  76.000       0.4048
  77.000       0.4483
  78.000       0.4597
  79.000       0.4685
  80.000       0.4254
  81.000       0.4358
  82.000       0.4448
  83.000       0.5101
  84.000       0.5314
  85.000       0.4846
  86.000       0.4830
  87.000       0.4807
  88.000       0.4817
  89.000       0.4743
  90.000       0.4820
  91.000       0.5290
  92.000       0.6377
  93.000       0.6572
  94.000       0.6214
  95.000       0.4924
  96.000       0.4373
  97.000       0.4106
  98.000       0.4158
  99.000       0.4566
 100.000       0.5855
 101.000       0.6042
 102.000       0.6590
 103.000       0.6676
 104.000       0.5955
 105.000       0.6005
 106.000       0.6824
 107.000       0.6583
 108.000       0.6015
 109.000       0.7429
 110.000       0.7959
 111.000       0.7396
 112.000       0.8708
 113.000       0.6992
 114.000       0.6866
 115.000       0.6680
 116.000       0.6674
 117.000       0.5555
 118.000       0.4811
 119.000       0.4370
 120.000       0.4457
 121.000       0.4616
 122.000       0.4472
 123.000       0.5015
 124.000       0.4969
 125.000       0.4937
 126.000       0.5343
 127.000       0.5750
 128.000       0.5622
 129.000       0.5274
 130.000       0.5030
 131.000       0.5457
 132.000       0.5637
 133.000       0.5418
 134.000       0.6078
 135.000       0.6638
 136.000       0.6447
 137.000       0.6470
 138.000       0.5292
 139.000       0.5340
 140.000       0.4630
 141.000       0.4333
 142.000       0.4069
 143.000       0.4077
 144.000       0.4400
 145.000       0.5102
 146.000       0.5531
 147.000       0.5871
 148.000       0.5140
 149.000       0.5535
 150.000       0.6508
 151.000       0.6323
 152.000       0.6044
 153.000       0.6826
 154.000       0.8506
 155.000       0.6686
 156.000       0.6497
 157.000       1.1011
 158.000       0.7513
 159.000       0.5747
 160.000       0.4955
 161.000       0.4585
 162.000       0.4341
 163.000       0.4169
 164.000       0.4209
 165.000       0.4677
 166.000       0.5317
 167.000       0.6508
 168.000       0.6476
 169.000       0.5749
 170.000       0.6800
 171.000       0.7151
 172.000       0.6756
 173.000       0.7155
 174.000       0.6802
 175.000       0.6119
 176.000       0.5057
 177.000       0.5553
 178.000       0.5821
 179.000       0.4556
 180.000       0.4461
 181.000       0.4795
 182.000       0.4993
 183.000       0.6077
 184.000       0.6744
 185.000       0.7388
 186.000       0.6649
 187.000       0.5896
 188.000       0.6237
 189.000       0.6250
 190.000       0.5525
 191.000       0.5519
 192.000       0.6162
 193.000       0.6082
 194.000       0.5712
 195.000       0.6476
 196.000       0.7083
 197.000       0.6881
 198.000       0.7012
 199.000       0.5902
 200.000       0.5634
 201.000       0.5244
 202.000       0.5037
 203.000       0.4904
 204.000       0.4514
 205.000       0.4353
 206.000       0.4561
 207.000       0.4947
 208.000       0.4930
 209.000       0.5138
 210.000       0.5497
 211.000       0.5975
 212.000       0.5762
 213.000       0.6727
 214.000       0.6846
 215.000       0.7410
 216.000       0.7083
 217.000       0.6326
 218.000       0.5697
 219.000       0.6253
 220.000       0.6554
 221.000       0.5710
 222.000       0.5422
 223.000       0.5930
 224.000       0.5787
 225.000       0.5336
 226.000       0.5735
 227.000       0.6185
 228.000       0.5649
 229.000       0.5834
 230.000       0.6609
 231.000       0.6642
 232.000       0.6681
 233.000       0.7703
 234.000       0.7863
 235.000       0.7208
 236.000       0.7645
 237.000       0.7065
 238.000       0.8357
 239.000       0.6850
 240.000       0.6124
 241.000       0.5274
 242.000       0.4532
 243.000       0.4146
 244.000       0.4425
 245.000       0.5068
 246.000       0.7491
 247.000       0.5608
 248.000       0.4665
 249.000       0.5159
 250.000       0.5384
 251.000       0.6192
 252.000       0.6929
 253.000       0.8417
 254.000       0.8419
 255.000       0.9833
 256.000       0.8442
 257.000       0.6668
 258.000       0.5700
 259.000       0.6227
 260.000       0.7012
 261.000       0.6721
 262.000       0.6341
 263.000       0.7259
 264.000       0.7598
 265.000       0.6087
 266.000       0.6088
 267.000       0.6836
 268.000       0.6528
 269.000       0.6258
 270.000       0.7368
 271.000       0.7760
 272.000       0.6850
 273.000       0.6680
 274.000       0.7948
 275.000       0.9216
 276.000       1.0148
 277.000       0.9231
 278.000       0.8754
 279.000       0.6441
 280.000       0.5417
 281.000       0.4560
 282.000       0.4058
 283.000       0.4168
 284.000       0.4393
 285.000       0.4340
 286.000       0.4580
 287.000       0.4169
 288.000       0.3996
 289.000       0.4238
 290.000       0.4287
 291.000       0.4436
 292.000       0.4652
 293.000       0.4767
 294.000       0.4619
 295.000       0.4407
 296.000       0.4490
 297.000       0.4325
 298.000       0.4245
 299.000       0.4168
 300.000       0.3974
 301.000       0.4203
 302.000       0.4188
 303.000       0.4429
 304.000       0.4850
 305.000       0.6581
 306.000       0.6777
 307.000       0.7227
 308.000       0.7253
 309.000       0.7259
 310.000       0.7455
 311.000       0.9317
 312.000       1.0855
 313.000       1.1275
 314.000       1.0346
 315.000       1.0097
 316.000       1.1067
 317.000       1.0663
 318.000       1.0005
 319.000       0.9486
 320.000       0.8311
 321.000       0.8084
 322.000       0.7655
 323.000       0.6648
 324.000       0.5479
 325.000       0.4646
 326.000       0.4244
 327.000       0.3917
 328.000       0.4125
 329.000       0.4184
 330.000       0.4138
 331.000       0.4126
 332.000       0.3920
 333.000       0.4159
 334.000       0.4430
 335.000       0.4419
 336.000       0.4089
 337.000       0.4210
 338.000       0.4763
 339.000       0.4874
 340.000       0.5291
 341.000       0.5952
 342.000       0.7499
 343.000       0.7753
 344.000       0.6628
 345.000       0.6482
 346.000       0.5878
 347.000       0.5542
 348.000       0.5083
 349.000       0.5534
 350.000       0.6909
 351.000       0.7336
 352.000       0.8323
 353.000       1.0152
 354.000       1.3564
 355.000       1.5287
 356.000       1.9552
 357.000       1.5613
 358.000       1.1519
 359.000       0.9395
 360.000       0.8091
 361.000       0.6739
 362.000       0.6425
 363.000       0.5181
 364.000       0.4692
 365.000       0.4159
 366.000       0.4064
 367.000       0.4127
 368.000       0.3990
 369.000       0.4070
 370.000       0.4628
 371.000       0.4909
 372.000       0.5369
 373.000       0.4702
 374.000       0.4206
 375.000       0.4666
 376.000       0.4595
 377.000       0.4706
 378.000       0.5382
 379.000       0.5749
 380.000       0.5882
 381.000       0.6460
 382.000       0.6394
 383.000       0.6946
 384.000       0.7977
 385.000       0.6256
 386.000       0.6111
 387.000       0.5386
 388.000       0.5195
 389.000       0.4750
 390.000       0.4757
 391.000       0.4649
 392.000       0.4389
 393.000       0.4425
 394.000       0.5154
 395.000       0.5143
 396.000       0.4484
 397.000       0.4332
 398.000       0.4249
 399.000       0.5500
 400.000       0.4539
 401.000       0.4939
 402.000       0.5487
 403.000       0.4964
 404.000       0.4518
 405.000       0.4679
 406.000       0.4836
 407.000       0.4563
 408.000       0.4462
 409.000       0.5362
 410.000       0.5247
 411.000       0.5773
 412.000       0.5192
 413.000       0.5128
 414.000       0.5016
 415.000       0.4893
 416.000       0.4696
 417.000       0.4882
 418.000       0.4839
 419.000       0.5435
 420.000       0.6632
 421.000       0.7146
 422.000       0.7442
 423.000       0.7113
 424.000       0.7190
 425.000       0.8121
 426.000       0.7998
 427.000       0.7954
 428.000       1.0110
 429.000       1.0638
 430.000       1.0219
 431.000       1.5680
 432.000       2.4778
 433.000       3.8281
 434.000       2.2436
 435.000       1.4136
 436.000       1.3284
 437.000       1.2152
 438.000       1.0151
 439.000       0.9465
 440.000       0.9982
 441.000       0.9591
 442.000       0.8864
 443.000       0.9586
 444.000       1.0342
 445.000       0.9957
 446.000       1.1217
 447.000       1.2090
 448.000       1.2925
 449.000       1.1274
 450.000       0.9512
 451.000       1.1066
 452.000       0.8470
 453.000       0.7717
 454.000       0.7965
 455.000       0.8929
 456.000       1.2240
 457.000       1.5080
 458.000       1.5026
 459.000       1.2246
 460.000       0.9910
 461.000       0.7378
 462.000       0.7854
 463.000       0.7988
 464.000       0.7050
 465.000       0.6389
 466.000       0.6757
 467.000       0.6950
 468.000       0.6860
 469.000       0.7583
 470.000       0.9077
 471.000       0.9583
 472.000       1.1371
 473.000       1.3729
 474.000       1.4100
 475.000       1.1112
 476.000       0.9491
 477.000       0.8413
 478.000       0.6340
 479.000       0.5273
 480.000       0.5019
 481.000       0.4534
 482.000       0.4471
 483.000       0.4551
 484.000       0.4633
 485.000       0.4683
 486.000       0.4886
 487.000       0.5310
 488.000       0.4974
 489.000       0.4809
 490.000       0.5109
 491.000       0.5273
 492.000       0.5311
 493.000       0.6137
 494.000       0.6283
 495.000       0.5709
 496.000       0.6289
 497.000       0.7427
 498.000       0.7251
 499.000       0.6273
 500.000       0.6013
 501.000       0.6665
 502.000       0.6090
 503.000       0.6077
 504.000       0.5571
 505.000       0.5420
 506.000       0.4811
 507.000       0.4058
 508.000       0.4215
 509.000       0.4156
 510.000       0.4097
 511.000       0.4038
 512.000       0.4349
 513.000       0.5142
 514.000       0.5148
 515.000       0.5823
 516.000       0.5687
 517.000       0.5347
 518.000       0.5322
 519.000       0.5599
 520.000       0.5543
 521.000       0.5405
 522.000       0.5767
 523.000       0.6552
 524.000       0.6770
 525.000       0.6772
 526.000       0.6283
 527.000       0.5189
 528.000       0.4598
 529.000       0.4172
 530.000       0.4415
 531.000       0.4507
 532.000       0.4571
 533.000       0.5166
 534.000       0.5568
 535.000       0.4848
 536.000       0.5018
 537.000       0.5934
 538.000       0.5928
 539.000       0.5907
 540.000       0.7484
 541.000       0.8650
 542.000       0.8575
 543.000       0.9106
 544.000       0.7394
 545.000       0.7467
 546.000       0.7184
 547.000       0.6974
 548.000       0.5641
 549.000       0.5004
 550.000       0.4463
 551.000       0.4325
 552.000       0.4284
 553.000       0.4342
 554.000       0.4783
 555.000       0.4738
 556.000       0.4483
 557.000       0.5129
 558.000       0.6183
 559.000       0.6439
 560.000       0.5691
 561.000       0.5890
 562.000       0.6652
 563.000       0.6884
 564.000       0.6699
 565.000       0.7223
 566.000       0.7970
 567.000       0.7696
 568.000       0.7271
 569.000       0.5927
 570.000       0.6019
 571.000       0.4940
 572.000       0.4304
 573.000       0.3929
 574.000       0.3996
 575.000       0.4142
 576.000       0.4436
 577.000       0.4918
 578.000       0.4860
 579.000       0.4509
 580.000       0.5085
 581.000       0.5957
 582.000       0.5756
 583.000       0.6218
 584.000       0.7634
 585.000       0.8008
 586.000       0.7012
 587.000       0.6893
 588.000       0.9184
 589.000       0.7244
 590.000       0.6128
 591.000       0.5354
 592.000       0.4936
 593.000       0.4630
 594.000       0.4139
 595.000       0.3924
 596.000       0.4478
 597.000       0.5047
 598.000       0.5358
 599.000       0.6400
 600.000       0.6442
 601.000       0.7114
 602.000       0.7168
 603.000       0.6562
 604.000       0.7217
 605.000       0.7318
 606.000       0.7184
 607.000       0.5553
 608.000       0.5178
 609.000       0.5961
 610.000       0.4331
 611.000       0.4119
 612.000       0.4482
 613.000       0.5070
 614.000       0.6392
 615.000       0.7437
 616.000       0.8104
 617.000       0.7246
 618.000       0.6291
 619.000       0.6917
 620.000       0.7355
 621.000       0.6324
 622.000       0.5937
 623.000       0.6638
 624.000       0.6313
 625.000       0.6138
 626.000       0.7091
 627.000       0.7466
 628.000       0.7362
 629.000       0.7782
 630.000       0.6515
 631.000       0.6023
 632.000       0.5689
 633.000       0.5389
 634.000       0.5449
 635.000       0.4467
 636.000       0.4030
 637.000       0.4295
 638.000       0.4635
 639.000       0.4957
 640.000       0.5740
 641.000       0.6392
 642.000       0.7131
 643.000       0.6819
 644.000       0.7680
 645.000       0.7433
 646.000       0.8620
 647.000       0.8115
 648.000       0.6629
 649.000       0.6203
 650.000       0.6771
 651.000       0.6664
 652.000       0.5873
 653.000       0.5812
 654.000       0.6392
 655.000       0.6292
 656.000       0.5892
 657.000       0.6248
 658.000       0.6560
 659.000       0.6005
 660.000       0.6281
 661.000       0.7158
 662.000       0.7158
 663.000       0.7331
 664.000       0.8627
 665.000       0.8815
 666.000       0.8062
 667.000       0.8754
 668.000       0.8289
 669.000       0.9856
 670.000       0.7512
 671.000       0.6508
 672.000       0.5554
 673.000       0.4634
 674.000       0.4053
 675.000       0.4322
 676.000       0.4853
 677.000       0.8855
 678.000       0.6418
 679.000       0.5712
 680.000       0.5913
 681.000       0.6040
 682.000       0.7096
 683.000       0.9419
 684.000       1.1087
 685.000       1.1084
 686.000       1.3394
 687.000       1.2705
 688.000       1.0931
 689.000       0.8029
 690.000       0.7804
 691.000       0.8239
 692.000       0.7694
 693.000       0.6747
 694.000       0.7241
 695.000       0.7381
 696.000       0.6769
 697.000       0.6459
 698.000       0.6965
 699.000       0.6804
 700.000       0.6479
 701.000       0.7245
 702.000       0.7634
 703.000       0.6985
 704.000       0.6836
 705.000       0.8269
 706.000       0.9922
 707.000       1.0942
 708.000       1.0194
 709.000       1.0027
 710.000       0.7181
 711.000       0.5859
 712.000       0.4978
 713.000       0.4453
 714.000       0.4460
 715.000       0.4651
 716.000       0.4803
 717.000       0.5013
 718.000       0.4424
 719.000       0.4302
 720.000       0.4475
 721.000       0.4312
 722.000       0.4573
 723.000       0.4844
 724.000       0.4832
 725.000       0.4556
 726.000       0.4332
 727.000       0.4499
 728.000       0.4684
 729.000       0.4643
 730.000       0.4566
 731.000       0.4547
 732.000       0.4906
 733.000       0.4972
 734.000       0.5392
 735.000       0.5526
 736.000       0.6561
 737.000       0.7503
 738.000       0.9446
 739.000       1.1320
 740.000       1.3548
 741.000       1.4576
 742.000       1.7095
 743.000       1.9200
 744.000       2.0877
 745.000       1.9166
 746.000       1.6129
 747.000       1.3956
 748.000       1.3784
 749.000       1.3011
 750.000       1.0935
 751.000       1.0139
 752.000       1.0091
 753.000       0.8294
 754.000       0.7169
 755.000       0.5956
 756.000       0.5105
 757.000       0.4527
 758.000       0.4146
 759.000       0.4398
 760.000       0.4337
 761.000       0.4326
 762.000       0.4252
 763.000       0.4364
 764.000       0.5277
 765.000       0.5173
 766.000       0.4839
 767.000       0.4297
 768.000       0.4479
 769.000       0.4351
 770.000       0.4659
 771.000       0.4848
 772.000       0.4677
 773.000       0.4927
 774.000       0.5740
 775.000       0.6439
 776.000       0.7902
 777.000       0.6633
 778.000       0.6601
 779.000       0.6778
 780.000       0.7449
 781.000       0.8959
 782.000       0.7582
 783.000       0.9337
 784.000       1.1284
 785.000       1.2500
 786.000       1.5431
 787.000       1.9476
 788.000       1.5888
 789.000       1.1540
 790.000       1.0040
 791.000       0.8750
 792.000       0.7528
 793.000       0.7186
 794.000       0.6375
 795.000       0.5262
 796.000       0.4611
 797.000       0.4245
 798.000       0.4202
 799.000       0.4449
 800.000       0.4739
 801.000       0.5894
 802.000       0.5611
 803.000       0.5967
 804.000       0.5295
 805.000       0.4509
 806.000       0.4970
 807.000       0.5247
 808.000       0.6080
 809.000       0.6760
 810.000       0.7478
 811.000       0.7650
 812.000       0.8387
 813.000       0.7647
 814.000       0.7951
 815.000       0.8197
 816.000       0.6839
 817.000       0.6783
 818.000       0.6486
 819.000       0.6517
 820.000       0.5689
 821.000       0.5706
 822.000       0.5906
 823.000       0.5269
 824.000       0.4735
 825.000       0.5330
 826.000       0.4887
 827.000       0.4397
 828.000       0.4366
 829.000       0.4206
 830.000       0.4329
 831.000       0.4624
 832.000       0.4716
 833.000       0.4964
 834.000       0.5104
 835.000       0.5311
 836.000       0.5327
 837.000       0.5716
 838.000       0.7433
 839.000       1.0762
 840.000       0.9902
 841.000       0.8709
 842.000       0.7896
 843.000       0.6436
 844.000       0.6022
 845.000       0.5399
 846.000       0.4870
 847.000       0.4885
 848.000       0.5471
 849.000       0.5439
 850.000       0.5980
 851.000       0.7165
 852.000       0.8040
 853.000       0.8012
 854.000       0.7016
 855.000       0.7171
 856.000       0.8058
 857.000       0.7809
 858.000       0.7550
 859.000       1.0447
 860.000       1.1885
 861.000       1.2940
 862.000       1.8774
 863.000       2.1363
