#Res        AtomicFlx
   1.000       2.6083
   2.000       1.7759
   3.000       1.4572
   4.000       1.1523
   5.000       1.2715
   6.000       1.2542
   7.000       1.0495
   8.000       1.0255
   9.000       1.1011
  10.000       0.9889
  11.000       0.9475
  12.000       1.0931
  13.000       1.0547
  14.000       1.0070
  15.000       1.1217
  16.000       1.2607
  17.000       1.4445
  18.000       1.2361
  19.000       0.9744
  20.000       0.9398
  21.000       0.7435
  22.000       0.6890
  23.000       0.7518
  24.000       0.8203
  25.000       1.0287
  26.000       1.2897
  27.000       1.3942
  28.000       1.0556
  29.000       0.9086
  30.000       0.7660
  31.000       0.9732
  32.000       1.0435
  33.000       0.9300
  34.000       0.9127
  35.000       0.8698
  36.000       0.7890
  37.000       0.7302
  38.000       0.7197
  39.000       0.8336
  40.000       0.9057
  41.000       0.9625
  42.000       1.1631
  43.000       1.1688
  44.000       0.8760
  45.000       0.7369
  46.000       0.6410
  47.000       0.5595
  48.000       0.5734
  49.000       0.4767
  50.000       0.4077
  51.000       0.4086
  52.000       0.4318
  53.000       0.4398
  54.000       0.4693
  55.000       0.5098
  56.000       0.5539
  57.000       0.5292
  58.000       0.5178
  59.000       0.5315
  60.000       0.5515
  61.000       0.5110
  62.000       0.5095
  63.000       0.5681
  64.000       0.5496
  65.000       0.5246
  66.000       0.6039
  67.000       0.6871
  68.000       0.7053
  69.000       0.6271
  70.000       0.7998
  71.000       0.6093
  72.000       0.5197
  73.000       0.4751
  74.000       0.4544
  75.000       0.4511
  76.000       0.4460
  77.000       0.4923
  78.000       0.5159
  79.000       0.5197
  80.000       0.4690
  81.000       0.4486
  82.000       0.4515
  83.000       0.5088
  84.000       0.5504
  85.000       0.5142
  86.000       0.4876
  87.000       0.4823
  88.000       0.5119
  89.000       0.5122
  90.000       0.5121
  91.000       0.5740
  92.000       0.6651
  93.000       0.6903
  94.000       0.6750
  95.000       0.5207
  96.000       0.4689
  97.000       0.4692
  98.000       0.4748
  99.000       0.5100
 100.000       0.5920
 101.000       0.6348
 102.000       0.6936
 103.000       0.6887
 104.000       0.5967
 105.000       0.5825
 106.000       0.6742
 107.000       0.6955
 108.000       0.6466
 109.000       0.7381
 110.000       0.7806
 111.000       0.8498
 112.000       0.9435
 113.000       0.7654
 114.000       0.7386
 115.000       0.7370
 116.000       0.7335
 117.000       0.5892
 118.000       0.5208
 119.000       0.4787
 120.000       0.4739
 121.000       0.4741
 122.000       0.4672
 123.000       0.4969
 124.000       0.4974
 125.000       0.4679
 126.000       0.4945
 127.000       0.5337
 128.000       0.6101
 129.000       0.5719
 130.000       0.5627
 131.000       0.6170
 132.000       0.6297
 133.000       0.6024
 134.000       0.6733
 135.000       0.7543
 136.000       0.7259
 137.000       0.7080
 138.000       0.5895
 139.000       0.5640
 140.000       0.5095
 141.000       0.4591
 142.000       0.4223
 143.000       0.4154
 144.000       0.4581
 145.000       0.5078
 146.000       0.5760
 147.000       0.5854
 148.000       0.5017
 149.000       0.5255
 150.000       0.5966
 151.000       0.5759
 152.000       0.5420
 153.000       0.6285
 154.000       0.7413
 155.000       0.6542
 156.000       0.6446
 157.000       1.0132
 158.000       0.7215
 159.000       0.6021
 160.000       0.5348
 161.000       0.4703
 162.000       0.4273
 163.000       0.4270
 164.000       0.4387
 165.000       0.4755
 166.000       0.5751
 167.000       0.5529
 168.000       0.6214
 169.000       0.5832
 170.000       0.6911
 171.000       0.6821
 172.000       0.6235
 173.000       0.6571
 174.000       0.6166
 175.000       0.5837
 176.000       0.5397
 177.000       0.6265
 178.000       0.6417
 179.000       0.5193
 180.000       0.5423
 181.000       0.5438
 182.000       0.5649
 183.000       0.6795
 184.000       0.7920
 185.000       0.9019
 186.000       0.7472
 187.000       0.6422
 188.000       0.6733
 189.000       0.6879
 190.000       0.6192
 191.000       0.6067
 192.000       0.6788
 193.000       0.6802
 194.000       0.6312
 195.000       0.7076
 196.000       0.7800
 197.000       0.7637
 198.000       0.7725
 199.000       0.6145
 200.000       0.5898
 201.000       0.5403
 202.000       0.5370
 203.000       0.5008
 204.000       0.4578
 205.000       0.4358
 206.000       0.4458
 207.000       0.4802
 208.000       0.4704
 209.000       0.4961
 210.000       0.5569
 211.000       0.6425
 212.000       0.6248
 213.000       0.7660
 214.000       0.8144
 215.000       0.9181
 216.000       0.8526
 217.000       0.7186
 218.000       0.6214
 219.000       0.6846
 220.000       0.7231
 221.000       0.6185
 222.000       0.5574
 223.000       0.6137
 224.000       0.6059
 225.000       0.5664
 226.000       0.5989
 227.000       0.6419
 228.000       0.6054
 229.000       0.6244
 230.000       0.6863
 231.000       0.6878
 232.000       0.7014
 233.000       0.8032
 234.000       0.8352
 235.000       0.7830
 236.000       0.7909
 237.000       0.7148
 238.000       0.8333
 239.000       0.6853
 240.000       0.6027
 241.000       0.5180
 242.000       0.4552
 243.000       0.4209
 244.000       0.4424
 245.000       0.4808
 246.000       0.6198
 247.000       0.5571
 248.000       0.5013
 249.000       0.5729
 250.000       0.6392
 251.000       1.0081
 252.000       1.5403
 253.000       1.3661
 254.000       1.1767
 255.000       1.3623
 256.000       1.1435
 257.000       0.9053
 258.000       0.7473
 259.000       0.7504
 260.000       0.8006
 261.000       0.7078
 262.000       0.6773
 263.000       0.8030
 264.000       0.8438
 265.000       0.6471
 266.000       0.6562
 267.000       0.7560
 268.000       0.7098
 269.000       0.6410
 270.000       0.7149
 271.000       0.7495
 272.000       0.6770
 273.000       0.6676
 274.000       0.8142
 275.000       0.9643
 276.000       1.0181
 277.000       0.9511
 278.000       0.9430
 279.000       0.6817
 280.000       0.5553
 281.000       0.4852
 282.000       0.4352
 283.000       0.4386
 284.000       0.4530
 285.000       0.4579
 286.000       0.4974
 287.000       0.4560
 288.000       0.4367
 289.000       0.4375
 290.000       0.4506
 291.000       0.4651
 292.000       0.4793
 293.000       0.4604
 294.000       0.4555
 295.000       0.4236
 296.000       0.4229
 297.000       0.4102
 298.000       0.4044
 299.000       0.4187
 300.000       0.4042
 301.000       0.4033
 302.000       0.4047
 303.000       0.4559
 304.000       0.4695
 305.000       0.5690
 306.000       0.6425
 307.000       0.7733
 308.000       0.7761
 309.000       0.7640
 310.000       0.7985
 311.000       0.9744
 312.000       1.1124
 313.000       1.1943
 314.000       1.1464
 315.000       1.1218
 316.000       1.2079
 317.000       1.1140
 318.000       1.0069
 319.000       0.9815
 320.000       0.8581
 321.000       0.8491
 322.000       0.7330
 323.000       0.6033
 324.000       0.5140
 325.000       0.4662
 326.000       0.4236
 327.000       0.3785
 328.000       0.3874
 329.000       0.3884
 330.000       0.3804
 331.000       0.3751
 332.000       0.3734
 333.000       0.4073
 334.000       0.4233
 335.000       0.4297
 336.000       0.4019
 337.000       0.4205
 338.000       0.4767
 339.000       0.4927
 340.000       0.5397
 341.000       0.5761
 342.000       0.7523
 343.000       0.7579
 344.000       0.6722
 345.000       0.6819
 346.000       0.6061
 347.000       0.5750
 348.000       0.5520
 349.000       0.5903
 350.000       0.6876
 351.000       0.8251
 352.000       0.9988
 353.000       1.2371
 354.000       1.3044
 355.000       1.4615
 356.000       1.5963
 357.000       1.4815
 358.000       1.2067
 359.000       1.0158
 360.000       0.8356
 361.000       0.7066
 362.000       0.6716
 363.000       0.5491
 364.000       0.4907
 365.000       0.4132
 366.000       0.3937
 367.000       0.3941
 368.000       0.3868
 369.000       0.4171
 370.000       0.4789
 371.000       0.5198
 372.000       0.5567
 373.000       0.4766
 374.000       0.4100
 375.000       0.4509
 376.000       0.4383
 377.000       0.4767
 378.000       0.5789
 379.000       0.6038
 380.000       0.5942
 381.000       0.6619
 382.000       0.6492
 383.000       0.6773
 384.000       0.7971
 385.000       0.6443
 386.000       0.5826
 387.000       0.4953
 388.000       0.5005
 389.000       0.4800
 390.000       0.4808
 391.000       0.4891
 392.000       0.4378
 393.000       0.4313
 394.000       0.4911
 395.000       0.4933
 396.000       0.4786
 397.000       0.4737
 398.000       0.4622
 399.000       0.6235
 400.000       0.5032
 401.000       0.5031
 402.000       0.4797
 403.000       0.4676
 404.000       0.4359
 405.000       0.4384
 406.000       0.4570
 407.000       0.4410
 408.000       0.4840
 409.000       0.5544
 410.000       0.5282
 411.000       0.5600
 412.000       0.4747
 413.000       0.4752
 414.000       0.4652
 415.000       0.4705
 416.000       0.4675
 417.000       0.5040
 418.000       0.5157
 419.000       0.6094
 420.000       0.7196
 421.000       0.8054
 422.000       0.8242
 423.000       0.7390
 424.000       0.7218
 425.000       0.7472
 426.000       0.7289
 427.000       0.7622
 428.000       0.9089
 429.000       0.9500
 430.000       0.9000
 431.000       1.3561
 432.000       2.4927
 433.000       4.5482
 434.000       3.1233
 435.000       1.5816
 436.000       1.2857
 437.000       1.3272
 438.000       1.1398
 439.000       0.9701
 440.000       1.0537
 441.000       1.0750
 442.000       0.9394
 443.000       0.9918
 444.000       1.1014
 445.000       0.9387
 446.000       1.0389
 447.000       1.7172
 448.000       2.0719
 449.000       1.2322
 450.000       0.9574
 451.000       0.9625
 452.000       0.7425
 453.000       0.6895
 454.000       0.7509
 455.000       0.8179
 456.000       1.0044
 457.000       1.1447
 458.000       1.3048
 459.000       1.0076
 460.000       0.8522
 461.000       0.6949
 462.000       0.7598
 463.000       0.7545
 464.000       0.6762
 465.000       0.6731
 466.000       0.7184
 467.000       0.7526
 468.000       0.7733
 469.000       0.7794
 470.000       0.9079
 471.000       1.0040
 472.000       0.9470
 473.000       1.0541
 474.000       1.2335
 475.000       1.0730
 476.000       1.0462
 477.000       1.0878
 478.000       0.8533
 479.000       0.6613
 480.000       0.5377
 481.000       0.4823
 482.000       0.4901
 483.000       0.4833
 484.000       0.4855
 485.000       0.4902
 486.000       0.4927
 487.000       0.5420
 488.000       0.5219
 489.000       0.5004
 490.000       0.5790
 491.000       0.5929
 492.000       0.5402
 493.000       0.6112
 494.000       0.6662
 495.000       0.5915
 496.000       0.5692
 497.000       0.7426
 498.000       0.7845
 499.000       0.6608
 500.000       0.6501
 501.000       0.8000
 502.000       0.6588
 503.000       0.5627
 504.000       0.5301
 505.000       0.4964
 506.000       0.4592
 507.000       0.4119
 508.000       0.4061
 509.000       0.4134
 510.000       0.4238
 511.000       0.3848
 512.000       0.4209
 513.000       0.4789
 514.000       0.5062
 515.000       0.5432
 516.000       0.5265
 517.000       0.4919
 518.000       0.4988
 519.000       0.5241
 520.000       0.5231
 521.000       0.5274
 522.000       0.5635
 523.000       0.6459
 524.000       0.6827
 525.000       0.7013
 526.000       0.6110
 527.000       0.5067
 528.000       0.4171
 529.000       0.3883
 530.000       0.4313
 531.000       0.4514
 532.000       0.4737
 533.000       0.5284
 534.000       0.5410
 535.000       0.4951
 536.000       0.5001
 537.000       0.5646
 538.000       0.5969
 539.000       0.5942
 540.000       0.6418
 541.000       0.7344
 542.000       0.7964
 543.000       0.8292
 544.000       0.7191
 545.000       0.7766
 546.000       0.7559
 547.000       0.7478
 548.000       0.5865
 549.000       0.4921
 550.000       0.4201
 551.000       0.4143
 552.000       0.4059
 553.000       0.3934
 554.000       0.4053
 555.000       0.4108
 556.000       0.4274
 557.000       0.4997
 558.000       0.5651
 559.000       0.5757
 560.000       0.5375
 561.000       0.5260
 562.000       0.5896
 563.000       0.6189
 564.000       0.6003
 565.000       0.6521
 566.000       0.7362
 567.000       0.7167
 568.000       0.6643
 569.000       0.5576
 570.000       0.5366
 571.000       0.4628
 572.000       0.4043
 573.000       0.3701
 574.000       0.3749
 575.000       0.4037
 576.000       0.4424
 577.000       0.5116
 578.000       0.5048
 579.000       0.4625
 580.000       0.5272
 581.000       0.6338
 582.000       0.5704
 583.000       0.5912
 584.000       0.7908
 585.000       0.8152
 586.000       0.6845
 587.000       0.6729
 588.000       1.2243
 589.000       0.7326
 590.000       0.5486
 591.000       0.4782
 592.000       0.4210
 593.000       0.3866
 594.000       0.3859
 595.000       0.3930
 596.000       0.4536
 597.000       0.5694
 598.000       0.6216
 599.000       0.7022
 600.000       0.7127
 601.000       0.8481
 602.000       0.8473
 603.000       0.7899
 604.000       0.8665
 605.000       0.9088
 606.000       0.7858
 607.000       0.5775
 608.000       0.5510
 609.000       0.5810
 610.000       0.4238
 611.000       0.4251
 612.000       0.4955
 613.000       0.5292
 614.000       0.6413
 615.000       0.7599
 616.000       0.8699
 617.000       0.7456
 618.000       0.6850
 619.000       0.8101
 620.000       0.8705
 621.000       0.7910
 622.000       0.7416
 623.000       0.8212
 624.000       0.8215
 625.000       0.8033
 626.000       0.8572
 627.000       0.8949
 628.000       0.8808
 629.000       0.9014
 630.000       0.7236
 631.000       0.5907
 632.000       0.5365
 633.000       0.5009
 634.000       0.4681
 635.000       0.4012
 636.000       0.3744
 637.000       0.4049
 638.000       0.4448
 639.000       0.5205
 640.000       0.5706
 641.000       0.7758
 642.000       1.0585
 643.000       1.1619
 644.000       1.8732
 645.000       1.2349
 646.000       0.9770
 647.000       0.8196
 648.000       0.7698
 649.000       0.7227
 650.000       0.7022
 651.000       0.6849
 652.000       0.5994
 653.000       0.5790
 654.000       0.6515
 655.000       0.6270
 656.000       0.5701
 657.000       0.5950
 658.000       0.6373
 659.000       0.5923
 660.000       0.6414
 661.000       0.7268
 662.000       0.7285
 663.000       0.7432
 664.000       0.8875
 665.000       0.9268
 666.000       0.8667
 667.000       0.8921
 668.000       0.8487
 669.000       1.0207
 670.000       0.7254
 671.000       0.6108
 672.000       0.4977
 673.000       0.4249
 674.000       0.3903
 675.000       0.4286
 676.000       0.5035
 677.000       1.2450
 678.000       0.8196
 679.000       0.6073
 680.000       0.6352
 681.000       0.6046
 682.000       0.7300
 683.000       0.8932
 684.000       1.0761
 685.000       1.1883
 686.000       1.3620
 687.000       1.3852
 688.000       1.2769
 689.000       0.9609
 690.000       1.0192
 691.000       1.1103
 692.000       0.8879
 693.000       0.7301
 694.000       0.8682
 695.000       0.8531
 696.000       0.6965
 697.000       0.6808
 698.000       0.7838
 699.000       0.7400
 700.000       0.6704
 701.000       0.8066
 702.000       0.8458
 703.000       0.7124
 704.000       0.6984
 705.000       0.8971
 706.000       1.1219
 707.000       1.1309
 708.000       1.1404
 709.000       1.2143
 710.000       0.6879
 711.000       0.5640
 712.000       0.4804
 713.000       0.4210
 714.000       0.4173
 715.000       0.4225
 716.000       0.4523
 717.000       0.4983
 718.000       0.4406
 719.000       0.4241
 720.000       0.4782
 721.000       0.4542
 722.000       0.4893
 723.000       0.5248
 724.000       0.5123
 725.000       0.4689
 726.000       0.4465
 727.000       0.4509
 728.000       0.4559
 729.000       0.4570
 730.000       0.4520
 731.000       0.4350
 732.000       0.4534
 733.000       0.5173
 734.000       0.6743
 735.000       0.6623
 736.000       0.7300
 737.000       0.7457
 738.000       0.9430
 739.000       1.2232
 740.000       1.6792
 741.000       2.0148
 742.000       2.5341
 743.000       2.8657
 744.000       3.0179
 745.000       2.6737
 746.000       2.3423
 747.000       1.9857
 748.000       1.8876
 749.000       1.8839
 750.000       1.5254
 751.000       1.4090
 752.000       1.5208
 753.000       1.2531
 754.000       1.0592
 755.000       0.8427
 756.000       0.6802
 757.000       0.5016
 758.000       0.4459
 759.000       0.4583
 760.000       0.4578
 761.000       0.4546
 762.000       0.4372
 763.000       0.4433
 764.000       0.4871
 765.000       0.5128
 766.000       0.5272
 767.000       0.4631
 768.000       0.4873
 769.000       0.4740
 770.000       0.4791
 771.000       0.4990
 772.000       0.5025
 773.000       0.5150
 774.000       0.6086
 775.000       0.6706
 776.000       0.8105
 777.000       0.7066
 778.000       0.7245
 779.000       0.6649
 780.000       0.6280
 781.000       0.6576
 782.000       0.6898
 783.000       0.8736
 784.000       1.1589
 785.000       1.4981
 786.000       1.7985
 787.000       2.1025
 788.000       2.1069
 789.000       1.7834
 790.000       1.6059
 791.000       1.3129
 792.000       0.9898
 793.000       0.8733
 794.000       0.7859
 795.000       0.6128
 796.000       0.5140
 797.000       0.4679
 798.000       0.4586
 799.000       0.4506
 800.000       0.4651
 801.000       0.5249
 802.000       0.5468
 803.000       0.5894
 804.000       0.6230
 805.000       0.4986
 806.000       0.5335
 807.000       0.5544
 808.000       0.6550
 809.000       0.7386
 810.000       0.7953
 811.000       0.8633
 812.000       0.9538
 813.000       0.9374
 814.000       0.9844
 815.000       1.0127
 816.000       0.7627
 817.000       0.6912
 818.000       0.6184
 819.000       0.5886
 820.000       0.5628
 821.000       0.5574
 822.000       0.5437
 823.000       0.4968
 824.000       0.4690
 825.000       0.5448
 826.000       0.5617
 827.000       0.5257
 828.000       0.4824
 829.000       0.4326
 830.000       0.4268
 831.000       0.4825
 832.000       0.4933
 833.000       0.5064
 834.000       0.5100
 835.000       0.5207
 836.000       0.4889
 837.000       0.4647
 838.000       0.5343
 839.000       0.8340
 840.000       0.7725
 841.000       0.6726
 842.000       0.6587
 843.000       0.7045
 844.000       0.7445
 845.000       0.6017
 846.000       0.5361
 847.000       0.5166
 848.000       0.5232
 849.000       0.5309
 850.000       0.6105
 851.000       0.7912
 852.000       0.8969
 853.000       0.9149
 854.000       0.7817
 855.000       0.7492
 856.000       0.8656
 857.000       0.8847
 858.000       0.8642
 859.000       1.0637
 860.000       1.2281
 861.000       1.5228
 862.000       2.4189
 863.000       3.5109
