#Res        AtomicFlx
   1.000       1.6937
   2.000       1.4035
   3.000       1.2524
   4.000       0.9972
   5.000       1.1340
   6.000       1.1532
   7.000       0.9579
   8.000       0.8172
   9.000       0.8526
  10.000       0.8136
  11.000       0.7300
  12.000       0.7722
  13.000       0.8439
  14.000       0.7594
  15.000       0.7590
  16.000       1.0190
  17.000       0.9953
  18.000       0.8130
  19.000       0.7088
  20.000       0.6930
  21.000       0.6219
  22.000       0.6174
  23.000       0.6465
  24.000       0.7007
  25.000       0.8857
  26.000       1.0982
  27.000       1.3982
  28.000       0.9695
  29.000       0.8746
  30.000       0.8011
  31.000       0.8702
  32.000       0.7771
  33.000       0.6635
  34.000       0.7179
  35.000       0.7817
  36.000       0.7498
  37.000       0.7513
  38.000       0.8485
  39.000       0.9543
  40.000       1.0008
  41.000       0.9989
  42.000       1.1163
  43.000       1.2645
  44.000       0.9716
  45.000       0.7531
  46.000       0.6219
  47.000       0.5703
  48.000       0.5510
  49.000       0.4889
  50.000       0.4490
  51.000       0.4431
  52.000       0.4647
  53.000       0.4846
  54.000       0.4973
  55.000       0.5173
  56.000       0.5705
  57.000       0.5850
  58.000       0.5714
  59.000       0.5516
  60.000       0.6024
  61.000       0.5864
  62.000       0.5738
  63.000       0.6141
  64.000       0.5927
  65.000       0.5529
  66.000       0.6581
  67.000       0.7582
  68.000       0.7256
  69.000       0.6980
  70.000       0.7816
  71.000       0.6701
  72.000       0.5344
  73.000       0.5001
  74.000       0.4868
  75.000       0.4912
  76.000       0.5025
  77.000       0.5852
  78.000       0.6425
  79.000       0.6135
  80.000       0.5155
  81.000       0.4749
  82.000       0.4690
  83.000       0.5002
  84.000       0.4995
  85.000       0.4718
  86.000       0.4817
  87.000       0.4775
  88.000       0.4836
  89.000       0.4889
  90.000       0.5205
  91.000       0.5714
  92.000       0.7009
  93.000       0.7313
  94.000       0.6640
  95.000       0.5399
  96.000       0.4777
  97.000       0.4827
  98.000       0.4988
  99.000       0.5316
 100.000       0.5983
 101.000       0.6760
 102.000       0.7172
 103.000       0.7335
 104.000       0.6354
 105.000       0.6328
 106.000       0.7213
 107.000       0.6791
 108.000       0.6385
 109.000       0.7874
 110.000       0.8165
 111.000       0.7383
 112.000       0.8713
 113.000       0.6981
 114.000       0.6784
 115.000       0.6980
 116.000       0.7471
 117.000       0.6053
 118.000       0.5237
 119.000       0.4926
 120.000       0.4693
 121.000       0.4508
 122.000       0.4300
 123.000       0.4347
 124.000       0.4481
 125.000       0.4882
 126.000       0.5839
 127.000       0.6199
 128.000       0.6538
 129.000       0.5944
 130.000       0.5434
 131.000       0.5986
 132.000       0.6101
 133.000       0.5750
 134.000       0.6422
 135.000       0.7072
 136.000       0.6834
 137.000       0.6595
 138.000       0.5566
 139.000       0.5518
 140.000       0.4835
 141.000       0.4500
 142.000       0.4201
 143.000       0.4054
 144.000       0.4219
 145.000       0.4792
 146.000       0.5347
 147.000       0.5581
 148.000       0.4818
 149.000       0.5085
 150.000       0.5788
 151.000       0.5578
 152.000       0.5446
 153.000       0.6371
 154.000       0.7339
 155.000       0.6276
 156.000       0.6044
 157.000       0.9951
 158.000       0.7026
 159.000       0.5685
 160.000       0.5010
 161.000       0.4440
 162.000       0.4179
 163.000       0.4019
 164.000       0.3948
 165.000       0.4455
 166.000       0.5513
 167.000       0.6004
 168.000       0.6223
 169.000       0.5709
 170.000       0.6580
 171.000       0.6888
 172.000       0.6561
 173.000       0.7018
 174.000       0.6602
 175.000       0.5846
 176.000       0.4988
 177.000       0.5169
 178.000       0.5347
 179.000       0.4473
 180.000       0.4260
 181.000       0.4668
 182.000       0.4752
 183.000       0.5514
 184.000       0.6524
 185.000       0.7049
 186.000       0.6071
 187.000       0.5644
 188.000       0.6161
 189.000       0.6242
 190.000       0.5488
 191.000       0.5720
 192.000       0.6475
 193.000       0.6235
 194.000       0.6090
 195.000       0.7056
 196.000       0.7540
 197.000       0.7349
 198.000       0.7564
 199.000       0.6359
 200.000       0.5640
 201.000       0.5217
 202.000       0.4894
 203.000       0.4636
 204.000       0.4167
 205.000       0.3937
 206.000       0.4115
 207.000       0.4432
 208.000       0.4706
 209.000       0.5017
 210.000       0.5580
 211.000       0.6269
 212.000       0.6196
 213.000       0.7448
 214.000       0.7470
 215.000       0.8227
 216.000       0.7637
 217.000       0.6478
 218.000       0.5841
 219.000       0.6310
 220.000       0.6123
 221.000       0.5318
 222.000       0.5322
 223.000       0.5753
 224.000       0.5523
 225.000       0.5174
 226.000       0.5578
 227.000       0.5924
 228.000       0.5602
 229.000       0.6052
 230.000       0.6874
 231.000       0.6875
 232.000       0.7121
 233.000       0.8473
 234.000       0.8666
 235.000       0.7909
 236.000       0.8324
 237.000       0.7818
 238.000       0.9198
 239.000       0.6551
 240.000       0.5624
 241.000       0.5001
 242.000       0.4361
 243.000       0.4043
 244.000       0.4622
 245.000       0.5412
 246.000       0.8235
 247.000       0.6489
 248.000       0.5271
 249.000       0.6898
 250.000       1.1696
 251.000       1.0291
 252.000       1.4471
 253.000       1.4011
 254.000       1.2469
 255.000       1.2785
 256.000       1.1468
 257.000       0.9592
 258.000       0.7299
 259.000       0.7262
 260.000       0.7867
 261.000       0.6944
 262.000       0.6594
 263.000       0.7616
 264.000       0.7749
 265.000       0.6421
 266.000       0.6721
 267.000       0.7573
 268.000       0.6870
 269.000       0.6473
 270.000       0.7564
 271.000       0.7581
 272.000       0.6620
 273.000       0.6519
 274.000       0.7860
 275.000       0.9428
 276.000       1.0005
 277.000       0.9163
 278.000       0.9049
 279.000       0.6666
 280.000       0.5555
 281.000       0.4742
 282.000       0.4232
 283.000       0.4503
 284.000       0.5561
 285.000       0.5729
 286.000       0.6616
 287.000       0.5283
 288.000       0.5829
 289.000       0.6077
 290.000       0.5176
 291.000       0.5320
 292.000       0.5599
 293.000       0.5491
 294.000       0.4947
 295.000       0.4638
 296.000       0.4684
 297.000       0.4570
 298.000       0.4552
 299.000       0.4497
 300.000       0.4435
 301.000       0.4575
 302.000       0.4691
 303.000       0.5170
 304.000       0.5536
 305.000       0.6810
 306.000       0.7717
 307.000       0.9193
 308.000       0.9865
 309.000       1.0262
 310.000       1.1448
 311.000       1.5397
 312.000       1.9703
 313.000       2.1717
 314.000       1.7948
 315.000       1.5454
 316.000       1.7869
 317.000       1.6476
 318.000       1.5229
 319.000       1.4074
 320.000       1.1952
 321.000       1.1333
 322.000       0.9725
 323.000       0.7935
 324.000       0.6914
 325.000       0.5596
 326.000       0.4604
 327.000       0.4201
 328.000       0.4211
 329.000       0.4228
 330.000       0.4194
 331.000       0.4116
 332.000       0.3926
 333.000       0.4239
 334.000       0.4517
 335.000       0.4464
 336.000       0.4095
 337.000       0.4059
 338.000       0.4369
 339.000       0.4861
 340.000       0.5842
 341.000       0.6234
 342.000       0.6737
 343.000       0.7273
 344.000       0.6637
 345.000       0.7175
 346.000       0.6608
 347.000       0.6623
 348.000       0.5713
 349.000       0.7008
 350.000       1.1063
 351.000       1.7092
 352.000       1.4263
 353.000       1.5646
 354.000       1.9731
 355.000       2.3471
 356.000       2.7077
 357.000       2.6142
 358.000       1.8559
 359.000       1.2882
 360.000       0.9791
 361.000       0.8896
 362.000       0.8550
 363.000       0.6677
 364.000       0.5321
 365.000       0.4418
 366.000       0.4471
 367.000       0.4390
 368.000       0.3870
 369.000       0.3848
 370.000       0.4340
 371.000       0.5033
 372.000       0.5818
 373.000       0.5115
 374.000       0.4236
 375.000       0.4662
 376.000       0.4693
 377.000       0.5465
 378.000       0.6955
 379.000       0.7245
 380.000       0.7332
 381.000       0.7743
 382.000       0.7829
 383.000       0.8219
 384.000       0.8218
 385.000       0.6980
 386.000       0.6304
 387.000       0.5455
 388.000       0.5352
 389.000       0.5305
 390.000       0.5911
 391.000       0.5678
 392.000       0.4915
 393.000       0.4758
 394.000       0.4956
 395.000       0.5123
 396.000       0.4775
 397.000       0.4740
 398.000       0.4664
 399.000       0.5547
 400.000       0.4605
 401.000       0.4762
 402.000       0.5105
 403.000       0.4857
 404.000       0.4611
 405.000       0.5029
 406.000       0.5991
 407.000       0.4829
 408.000       0.4366
 409.000       0.5528
 410.000       0.5762
 411.000       0.5922
 412.000       0.5139
 413.000       0.4871
 414.000       0.5035
 415.000       0.5020
 416.000       0.4937
 417.000       0.4886
 418.000       0.4860
 419.000       0.5359
 420.000       0.6801
 421.000       0.7562
 422.000       0.7846
 423.000       0.6912
 424.000       0.6862
 425.000       0.7889
 426.000       0.7919
 427.000       0.7639
 428.000       0.9739
 429.000       1.0637
 430.000       1.0605
 431.000       1.4961
 432.000       2.3074
 433.000       3.4309
 434.000       1.9378
 435.000       1.4919
 436.000       1.4662
 437.000       1.3086
 438.000       1.0265
 439.000       0.9830
 440.000       1.0377
 441.000       0.9617
 442.000       0.9093
 443.000       1.1124
 444.000       1.1670
 445.000       1.0976
 446.000       1.1828
 447.000       1.7127
 448.000       1.4536
 449.000       1.1286
 450.000       0.9784
 451.000       0.8237
 452.000       0.7330
 453.000       0.7129
 454.000       0.7690
 455.000       0.7998
 456.000       1.0341
 457.000       1.1875
 458.000       1.2735
 459.000       0.9625
 460.000       0.8082
 461.000       0.7440
 462.000       0.8006
 463.000       0.7519
 464.000       0.7442
 465.000       0.7472
 466.000       0.7007
 467.000       0.7106
 468.000       0.7468
 469.000       0.7562
 470.000       0.8424
 471.000       0.9010
 472.000       0.9478
 473.000       1.1252
 474.000       1.3168
 475.000       0.9424
 476.000       0.7973
 477.000       0.8078
 478.000       0.6253
 479.000       0.5862
 480.000       0.5362
 481.000       0.4793
 482.000       0.4685
 483.000       0.4728
 484.000       0.4791
 485.000       0.4630
 486.000       0.4794
 487.000       0.5152
 488.000       0.4747
 489.000       0.4431
 490.000       0.4818
 491.000       0.5138
 492.000       0.4804
 493.000       0.5362
 494.000       0.5666
 495.000       0.5213
 496.000       0.5274
 497.000       0.7635
 498.000       0.8939
 499.000       0.7403
 500.000       0.6316
 501.000       0.7093
 502.000       0.5872
 503.000       0.5203
 504.000       0.4958
 505.000       0.4858
 506.000       0.4509
 507.000       0.4057
 508.000       0.4094
 509.000       0.4145
 510.000       0.4283
 511.000       0.4064
 512.000       0.4436
 513.000       0.5143
 514.000       0.5359
 515.000       0.5890
 516.000       0.5667
 517.000       0.5151
 518.000       0.5224
 519.000       0.5621
 520.000       0.5545
 521.000       0.5399
 522.000       0.5949
 523.000       0.6728
 524.000       0.6555
 525.000       0.6560
 526.000       0.5885
 527.000       0.5073
 528.000       0.4308
 529.000       0.3899
 530.000       0.4378
 531.000       0.4479
 532.000       0.4735
 533.000       0.5394
 534.000       0.5759
 535.000       0.5003
 536.000       0.5040
 537.000       0.5860
 538.000       0.6045
 539.000       0.5936
 540.000       0.6767
 541.000       0.7707
 542.000       0.8107
 543.000       0.8562
 544.000       0.7493
 545.000       0.7762
 546.000       0.7450
 547.000       0.7454
 548.000       0.5667
 549.000       0.4834
 550.000       0.4284
 551.000       0.4084
 552.000       0.4030
 553.000       0.3860
 554.000       0.3953
 555.000       0.3932
 556.000       0.3962
 557.000       0.4457
 558.000       0.4755
 559.000       0.5205
 560.000       0.5206
 561.000       0.5001
 562.000       0.5710
 563.000       0.6275
 564.000       0.6084
 565.000       0.6520
 566.000       0.7403
 567.000       0.7376
 568.000       0.7153
 569.000       0.5710
 570.000       0.5504
 571.000       0.4583
 572.000       0.3896
 573.000       0.3698
 574.000       0.3778
 575.000       0.4115
 576.000       0.4529
 577.000       0.4904
 578.000       0.4638
 579.000       0.4486
 580.000       0.5161
 581.000       0.5500
 582.000       0.5232
 583.000       0.5618
 584.000       0.6955
 585.000       0.7311
 586.000       0.6344
 587.000       0.6382
 588.000       0.9150
 589.000       0.6743
 590.000       0.5717
 591.000       0.5050
 592.000       0.4346
 593.000       0.4060
 594.000       0.3961
 595.000       0.3955
 596.000       0.4515
 597.000       0.5480
 598.000       0.5844
 599.000       0.6613
 600.000       0.6578
 601.000       0.7526
 602.000       0.7346
 603.000       0.6845
 604.000       0.7903
 605.000       0.9112
 606.000       0.8906
 607.000       0.6077
 608.000       0.5837
 609.000       0.6617
 610.000       0.4461
 611.000       0.4226
 612.000       0.5026
 613.000       0.5353
 614.000       0.6292
 615.000       0.7489
 616.000       0.8639
 617.000       0.6936
 618.000       0.6112
 619.000       0.6871
 620.000       0.6816
 621.000       0.5753
 622.000       0.6047
 623.000       0.6820
 624.000       0.6404
 625.000       0.6219
 626.000       0.7384
 627.000       0.7952
 628.000       0.7598
 629.000       0.8091
 630.000       0.6981
 631.000       0.7240
 632.000       0.5840
 633.000       0.5103
 634.000       0.4896
 635.000       0.4300
 636.000       0.3925
 637.000       0.4188
 638.000       0.4487
 639.000       0.4832
 640.000       0.5392
 641.000       0.6888
 642.000       0.8703
 643.000       0.8819
 644.000       1.2337
 645.000       0.8590
 646.000       0.7163
 647.000       0.7179
 648.000       0.6569
 649.000       0.5888
 650.000       0.6415
 651.000       0.6775
 652.000       0.5812
 653.000       0.5724
 654.000       0.6367
 655.000       0.5987
 656.000       0.5591
 657.000       0.6074
 658.000       0.6449
 659.000       0.6055
 660.000       0.6431
 661.000       0.7348
 662.000       0.7496
 663.000       0.7707
 664.000       0.9206
 665.000       0.9420
 666.000       0.8654
 667.000       0.9076
 668.000       0.8513
 669.000       0.9863
 670.000       0.7259
 671.000       0.6582
 672.000       0.5409
 673.000       0.4495
 674.000       0.4002
 675.000       0.4203
 676.000       0.5018
 677.000       1.2472
 678.000       0.8183
 679.000       0.6767
 680.000       0.6130
 681.000       0.6100
 682.000       0.7664
 683.000       1.0420
 684.000       1.2341
 685.000       0.9830
 686.000       1.0573
 687.000       0.8679
 688.000       0.7078
 689.000       0.6706
 690.000       0.7400
 691.000       0.8447
 692.000       0.8209
 693.000       0.7125
 694.000       0.7661
 695.000       0.7642
 696.000       0.6789
 697.000       0.6440
 698.000       0.6863
 699.000       0.6659
 700.000       0.6246
 701.000       0.6916
 702.000       0.7227
 703.000       0.6656
 704.000       0.6559
 705.000       0.7766
 706.000       0.9154
 707.000       0.9999
 708.000       0.9512
 709.000       0.9529
 710.000       0.6764
 711.000       0.5800
 712.000       0.4555
 713.000       0.4093
 714.000       0.4046
 715.000       0.4442
 716.000       0.4624
 717.000       0.5128
 718.000       0.4611
 719.000       0.4521
 720.000       0.4464
 721.000       0.4349
 722.000       0.4579
 723.000       0.4839
 724.000       0.4744
 725.000       0.4553
 726.000       0.4506
 727.000       0.4577
 728.000       0.4740
 729.000       0.5019
 730.000       0.4715
 731.000       0.4417
 732.000       0.4435
 733.000       0.4323
 734.000       0.4982
 735.000       0.5089
 736.000       0.5781
 737.000       0.6185
 738.000       0.6948
 739.000       0.8833
 740.000       1.0924
 741.000       1.1444
 742.000       1.3022
 743.000       1.3803
 744.000       1.4594
 745.000       1.3242
 746.000       1.1515
 747.000       1.0561
 748.000       1.0906
 749.000       1.0356
 750.000       0.9280
 751.000       0.9260
 752.000       0.9609
 753.000       0.7911
 754.000       0.6830
 755.000       0.5845
 756.000       0.4902
 757.000       0.4451
 758.000       0.4104
 759.000       0.4447
 760.000       0.4724
 761.000       0.4756
 762.000       0.4706
 763.000       0.4647
 764.000       0.5297
 765.000       0.5148
 766.000       0.5768
 767.000       0.5038
 768.000       0.4763
 769.000       0.4678
 770.000       0.5317
 771.000       0.5288
 772.000       0.5143
 773.000       0.5223
 774.000       0.6126
 775.000       0.6919
 776.000       0.8760
 777.000       0.8051
 778.000       0.8265
 779.000       0.6648
 780.000       0.6747
 781.000       0.8330
 782.000       0.9946
 783.000       1.6330
 784.000       1.6571
 785.000       1.3620
 786.000       1.6547
 787.000       2.3045
 788.000       1.9419
 789.000       1.4092
 790.000       1.1678
 791.000       0.9237
 792.000       0.7693
 793.000       0.7157
 794.000       0.6589
 795.000       0.5531
 796.000       0.4669
 797.000       0.4507
 798.000       0.4461
 799.000       0.4423
 800.000       0.4540
 801.000       0.5147
 802.000       0.5001
 803.000       0.5825
 804.000       0.5852
 805.000       0.4700
 806.000       0.5158
 807.000       0.5083
 808.000       0.5803
 809.000       0.6614
 810.000       0.7435
 811.000       0.7442
 812.000       0.7796
 813.000       0.7453
 814.000       0.7948
 815.000       0.8188
 816.000       0.6911
 817.000       0.6856
 818.000       0.6050
 819.000       0.5979
 820.000       0.5591
 821.000       0.5811
 822.000       0.5780
 823.000       0.5361
 824.000       0.5024
 825.000       0.5471
 826.000       0.5330
 827.000       0.5010
 828.000       0.4505
 829.000       0.4173
 830.000       0.4212
 831.000       0.4629
 832.000       0.4840
 833.000       0.5376
 834.000       0.5232
 835.000       0.5555
 836.000       0.5443
 837.000       0.5639
 838.000       0.7056
 839.000       1.0105
 840.000       0.9361
 841.000       0.8731
 842.000       0.8211
 843.000       0.7841
 844.000       0.7281
 845.000       0.6094
 846.000       0.5306
 847.000       0.5188
 848.000       0.5631
 849.000       0.5620
 850.000       0.6117
 851.000       0.7202
 852.000       0.7883
 853.000       0.7692
 854.000       0.6574
 855.000       0.6518
 856.000       0.7157
 857.000       0.6838
 858.000       0.6846
 859.000       0.8856
 860.000       0.9220
 861.000       0.9819
 862.000       1.3680
 863.000       1.3950
