#Res        AtomicFlx
   1.000       1.6406
   2.000       1.2918
   3.000       1.0709
   4.000       0.9037
   5.000       0.9956
   6.000       0.9591
   7.000       0.8253
   8.000       0.7678
   9.000       0.8186
  10.000       0.7811
  11.000       0.7173
  12.000       0.7749
  13.000       0.8561
  14.000       0.7854
  15.000       0.8072
  16.000       0.9904
  17.000       1.0365
  18.000       0.8863
  19.000       0.7752
  20.000       0.7440
  21.000       0.6443
  22.000       0.6178
  23.000       0.6296
  24.000       0.6668
  25.000       0.8191
  26.000       1.0205
  27.000       1.1453
  28.000       0.8603
  29.000       0.7248
  30.000       0.6256
  31.000       0.6079
  32.000       0.6015
  33.000       0.5637
  34.000       0.5559
  35.000       0.5835
  36.000       0.5968
  37.000       0.5873
  38.000       0.6087
  39.000       0.6978
  40.000       0.7189
  41.000       0.6759
  42.000       0.7116
  43.000       0.8136
  44.000       0.7350
  45.000       0.6690
  46.000       0.5811
  47.000       0.5175
  48.000       0.5107
  49.000       0.4556
  50.000       0.4283
  51.000       0.4254
  52.000       0.4417
  53.000       0.4762
  54.000       0.5256
  55.000       0.5692
  56.000       0.6180
  57.000       0.5923
  58.000       0.5754
  59.000       0.5781
  60.000       0.5905
  61.000       0.5526
  62.000       0.5441
  63.000       0.5583
  64.000       0.5371
  65.000       0.5205
  66.000       0.5997
  67.000       0.6636
  68.000       0.6468
  69.000       0.6111
  70.000       0.7846
  71.000       0.6214
  72.000       0.5331
  73.000       0.5331
  74.000       0.5023
  75.000       0.4608
  76.000       0.4771
  77.000       0.5119
  78.000       0.4983
  79.000       0.5622
  80.000       0.4943
  81.000       0.4822
  82.000       0.4896
  83.000       0.5397
  84.000       0.5592
  85.000       0.5265
  86.000       0.5128
  87.000       0.5124
  88.000       0.5379
  89.000       0.5352
  90.000       0.5482
  91.000       0.6079
  92.000       0.7684
  93.000       0.7862
  94.000       0.6696
  95.000       0.5212
  96.000       0.4582
  97.000       0.4379
  98.000       0.4461
  99.000       0.5085
 100.000       0.7317
 101.000       0.5960
 102.000       0.7043
 103.000       0.7352
 104.000       0.6288
 105.000       0.6417
 106.000       0.7346
 107.000       0.6977
 108.000       0.6529
 109.000       0.7924
 110.000       0.8503
 111.000       0.8021
 112.000       0.9337
 113.000       0.7545
 114.000       0.7498
 115.000       0.7365
 116.000       0.7268
 117.000       0.5857
 118.000       0.5038
 119.000       0.4526
 120.000       0.4886
 121.000       0.4841
 122.000       0.4703
 123.000       0.5007
 124.000       0.4831
 125.000       0.4846
 126.000       0.5657
 127.000       0.5850
 128.000       0.5828
 129.000       0.5501
 130.000       0.5124
 131.000       0.5685
 132.000       0.5975
 133.000       0.5764
 134.000       0.6521
 135.000       0.7262
 136.000       0.7260
 137.000       0.7406
 138.000       0.6124
 139.000       0.6202
 140.000       0.5668
 141.000       0.5079
 142.000       0.4797
 143.000       0.4937
 144.000       0.5392
 145.000       0.5990
 146.000       0.6603
 147.000       0.6540
 148.000       0.5903
 149.000       0.6828
 150.000       0.7542
 151.000       0.7105
 152.000       0.6606
 153.000       0.7809
 154.000       0.9395
 155.000       0.7831
 156.000       0.8559
 157.000       1.6106
 158.000       0.9062
 159.000       0.6966
 160.000       0.6165
 161.000       0.5647
 162.000       0.5118
 163.000       0.5278
 164.000       0.5282
 165.000       0.6742
 166.000       0.7276
 167.000       0.7316
 168.000       0.7517
 169.000       0.6957
 170.000       0.8054
 171.000       0.8313
 172.000       0.7786
 173.000       0.8541
 174.000       0.7956
 175.000       0.7063
 176.000       0.5978
 177.000       0.6151
 178.000       0.6480
 179.000       0.5457
 180.000       0.5423
 181.000       0.5815
 182.000       0.6496
 183.000       0.8276
 184.000       0.8669
 185.000       0.9073
 186.000       0.9376
 187.000       0.8076
 188.000       0.8168
 189.000       0.8749
 190.000       0.7293
 191.000       0.6886
 192.000       0.7989
 193.000       0.7711
 194.000       0.6969
 195.000       0.8097
 196.000       0.8937
 197.000       0.8395
 198.000       0.8319
 199.000       0.7224
 200.000       0.7160
 201.000       0.6693
 202.000       0.6374
 203.000       0.5842
 204.000       0.5376
 205.000       0.5022
 206.000       0.5462
 207.000       0.6322
 208.000       0.6160
 209.000       0.6446
 210.000       0.6790
 211.000       0.7652
 212.000       0.7078
 213.000       0.7655
 214.000       0.8049
 215.000       0.8921
 216.000       0.8227
 217.000       0.7232
 218.000       0.6578
 219.000       0.7221
 220.000       0.7448
 221.000       0.6432
 222.000       0.6114
 223.000       0.7115
 224.000       0.7001
 225.000       0.6394
 226.000       0.6709
 227.000       0.7074
 228.000       0.6793
 229.000       0.7094
 230.000       0.7849
 231.000       0.7842
 232.000       0.7940
 233.000       0.9035
 234.000       0.9559
 235.000       0.9141
 236.000       0.9423
 237.000       0.8603
 238.000       0.9921
 239.000       0.7825
 240.000       0.6650
 241.000       0.5913
 242.000       0.4991
 243.000       0.4577
 244.000       0.4830
 245.000       0.5869
 246.000       0.7841
 247.000       0.7636
 248.000       0.5792
 249.000       0.6501
 250.000       0.7279
 251.000       1.0231
 252.000       1.5799
 253.000       1.6187
 254.000       1.2751
 255.000       1.2847
 256.000       1.0868
 257.000       0.9823
 258.000       0.8077
 259.000       0.7912
 260.000       0.8993
 261.000       0.9493
 262.000       0.9043
 263.000       0.9248
 264.000       0.7807
 265.000       0.6621
 266.000       0.6866
 267.000       0.7488
 268.000       0.7001
 269.000       0.6657
 270.000       0.7728
 271.000       0.8184
 272.000       0.7322
 273.000       0.7014
 274.000       0.8197
 275.000       0.9317
 276.000       1.0803
 277.000       1.0036
 278.000       0.9688
 279.000       0.7163
 280.000       0.6024
 281.000       0.4976
 282.000       0.4430
 283.000       0.4644
 284.000       0.5673
 285.000       0.6092
 286.000       0.5756
 287.000       0.5029
 288.000       0.4710
 289.000       0.4766
 290.000       0.4838
 291.000       0.4917
 292.000       0.4853
 293.000       0.4814
 294.000       0.4725
 295.000       0.4392
 296.000       0.4235
 297.000       0.4115
 298.000       0.4186
 299.000       0.4129
 300.000       0.3985
 301.000       0.4399
 302.000       0.4767
 303.000       0.5155
 304.000       0.5072
 305.000       0.6197
 306.000       0.6825
 307.000       0.8010
 308.000       0.7958
 309.000       0.7877
 310.000       0.8301
 311.000       1.0157
 312.000       1.2831
 313.000       1.4657
 314.000       1.2826
 315.000       1.2072
 316.000       1.3444
 317.000       1.2328
 318.000       1.1231
 319.000       1.0861
 320.000       0.9534
 321.000       0.9200
 322.000       0.7779
 323.000       0.6196
 324.000       0.5327
 325.000       0.4778
 326.000       0.4273
 327.000       0.3875
 328.000       0.3945
 329.000       0.4094
 330.000       0.3988
 331.000       0.3951
 332.000       0.3839
 333.000       0.4018
 334.000       0.4218
 335.000       0.4373
 336.000       0.4144
 337.000       0.4332
 338.000       0.5175
 339.000       0.5359
 340.000       0.6086
 341.000       0.6752
 342.000       0.8101
 343.000       0.8255
 344.000       0.6891
 345.000       0.6642
 346.000       0.6360
 347.000       0.6016
 348.000       0.5657
 349.000       0.6084
 350.000       0.6464
 351.000       0.6471
 352.000       0.7914
 353.000       0.9555
 354.000       1.3630
 355.000       1.3903
 356.000       1.7891
 357.000       1.6749
 358.000       1.2759
 359.000       1.0544
 360.000       0.8574
 361.000       0.6905
 362.000       0.6242
 363.000       0.5106
 364.000       0.4656
 365.000       0.4019
 366.000       0.3852
 367.000       0.3852
 368.000       0.3780
 369.000       0.3827
 370.000       0.4325
 371.000       0.4630
 372.000       0.4967
 373.000       0.4467
 374.000       0.4091
 375.000       0.4425
 376.000       0.4277
 377.000       0.4753
 378.000       0.5477
 379.000       0.5753
 380.000       0.5830
 381.000       0.6556
 382.000       0.6666
 383.000       0.7102
 384.000       0.7637
 385.000       0.6174
 386.000       0.6139
 387.000       0.5697
 388.000       0.5503
 389.000       0.4940
 390.000       0.4953
 391.000       0.4994
 392.000       0.4341
 393.000       0.4285
 394.000       0.4953
 395.000       0.5078
 396.000       0.4771
 397.000       0.4705
 398.000       0.4557
 399.000       0.5704
 400.000       0.4782
 401.000       0.5438
 402.000       0.6205
 403.000       0.5830
 404.000       0.4727
 405.000       0.4720
 406.000       0.5216
 407.000       0.4457
 408.000       0.4078
 409.000       0.4801
 410.000       0.5038
 411.000       0.5620
 412.000       0.5354
 413.000       0.5118
 414.000       0.5242
 415.000       0.4915
 416.000       0.4830
 417.000       0.4923
 418.000       0.4904
 419.000       0.5309
 420.000       0.6542
 421.000       0.6956
 422.000       0.7106
 423.000       0.6556
 424.000       0.6447
 425.000       0.7103
 426.000       0.7183
 427.000       0.7228
 428.000       0.9143
 429.000       0.9788
 430.000       0.9327
 431.000       1.6130
 432.000       2.9297
 433.000       4.5148
 434.000       2.7471
 435.000       1.2570
 436.000       1.2434
 437.000       1.1817
 438.000       0.9705
 439.000       0.9470
 440.000       1.0327
 441.000       0.9960
 442.000       0.9644
 443.000       1.1115
 444.000       1.2036
 445.000       1.2315
 446.000       1.2564
 447.000       1.4507
 448.000       1.6962
 449.000       1.5463
 450.000       1.1589
 451.000       1.1766
 452.000       0.8448
 453.000       0.7476
 454.000       0.7683
 455.000       0.8526
 456.000       1.3356
 457.000       1.7538
 458.000       1.5090
 459.000       1.1180
 460.000       0.9003
 461.000       0.7892
 462.000       0.8928
 463.000       0.8921
 464.000       0.8285
 465.000       0.8261
 466.000       0.8856
 467.000       0.9107
 468.000       0.8614
 469.000       0.9099
 470.000       1.0459
 471.000       1.0721
 472.000       1.1759
 473.000       1.4385
 474.000       1.4794
 475.000       0.9607
 476.000       0.8215
 477.000       0.7173
 478.000       0.6526
 479.000       0.5811
 480.000       0.5316
 481.000       0.5167
 482.000       0.5344
 483.000       0.5748
 484.000       0.5964
 485.000       0.5557
 486.000       0.5424
 487.000       0.5475
 488.000       0.5057
 489.000       0.4796
 490.000       0.5097
 491.000       0.5341
 492.000       0.5168
 493.000       0.5751
 494.000       0.6507
 495.000       0.6417
 496.000       0.6304
 497.000       0.7782
 498.000       0.8935
 499.000       0.7938
 500.000       0.7174
 501.000       0.8108
 502.000       0.7040
 503.000       0.6012
 504.000       0.5369
 505.000       0.4871
 506.000       0.4380
 507.000       0.3794
 508.000       0.3792
 509.000       0.3769
 510.000       0.3853
 511.000       0.3850
 512.000       0.4109
 513.000       0.4751
 514.000       0.6144
 515.000       0.6720
 516.000       0.6323
 517.000       0.5837
 518.000       0.6073
 519.000       0.6626
 520.000       0.6362
 521.000       0.5963
 522.000       0.6997
 523.000       0.8216
 524.000       0.7814
 525.000       0.7575
 526.000       0.6188
 527.000       0.4873
 528.000       0.4142
 529.000       0.3727
 530.000       0.4216
 531.000       0.4272
 532.000       0.4569
 533.000       0.5185
 534.000       0.5449
 535.000       0.4702
 536.000       0.5117
 537.000       0.6056
 538.000       0.6099
 539.000       0.6083
 540.000       0.7738
 541.000       0.9367
 542.000       0.8570
 543.000       0.8535
 544.000       0.7293
 545.000       0.7617
 546.000       0.7372
 547.000       0.7646
 548.000       0.5788
 549.000       0.4985
 550.000       0.4718
 551.000       0.4250
 552.000       0.4306
 553.000       0.4229
 554.000       0.4364
 555.000       0.4247
 556.000       0.3962
 557.000       0.4256
 558.000       0.4498
 559.000       0.4679
 560.000       0.4647
 561.000       0.4630
 562.000       0.5284
 563.000       0.5722
 564.000       0.5550
 565.000       0.6224
 566.000       0.7081
 567.000       0.6911
 568.000       0.6833
 569.000       0.5495
 570.000       0.5390
 571.000       0.4698
 572.000       0.4096
 573.000       0.3859
 574.000       0.3935
 575.000       0.4167
 576.000       0.4257
 577.000       0.4706
 578.000       0.4837
 579.000       0.4499
 580.000       0.4779
 581.000       0.5162
 582.000       0.4950
 583.000       0.5181
 584.000       0.6230
 585.000       0.6810
 586.000       0.5854
 587.000       0.6195
 588.000       1.1293
 589.000       0.7468
 590.000       0.5697
 591.000       0.4907
 592.000       0.4517
 593.000       0.4307
 594.000       0.4106
 595.000       0.4028
 596.000       0.4759
 597.000       0.5901
 598.000       0.6069
 599.000       0.6797
 600.000       0.6731
 601.000       0.8011
 602.000       0.8405
 603.000       0.7958
 604.000       0.8367
 605.000       0.8427
 606.000       0.7356
 607.000       0.5645
 608.000       0.5188
 609.000       0.5294
 610.000       0.4396
 611.000       0.4269
 612.000       0.4768
 613.000       0.5169
 614.000       0.6448
 615.000       0.8255
 616.000       1.0325
 617.000       0.7926
 618.000       0.6895
 619.000       0.6944
 620.000       0.6700
 621.000       0.5780
 622.000       0.5819
 623.000       0.6575
 624.000       0.6262
 625.000       0.5966
 626.000       0.7055
 627.000       0.7732
 628.000       0.7392
 629.000       0.7709
 630.000       0.6434
 631.000       0.6120
 632.000       0.5559
 633.000       0.5204
 634.000       0.5023
 635.000       0.4509
 636.000       0.4100
 637.000       0.4367
 638.000       0.4661
 639.000       0.5640
 640.000       0.6277
 641.000       0.6782
 642.000       0.7639
 643.000       0.8157
 644.000       1.1069
 645.000       0.9218
 646.000       0.8695
 647.000       0.8635
 648.000       0.7798
 649.000       0.7252
 650.000       0.7428
 651.000       0.7240
 652.000       0.6253
 653.000       0.6194
 654.000       0.6787
 655.000       0.6398
 656.000       0.5932
 657.000       0.6504
 658.000       0.6786
 659.000       0.6179
 660.000       0.6347
 661.000       0.7382
 662.000       0.7199
 663.000       0.7098
 664.000       0.8397
 665.000       0.8640
 666.000       0.7853
 667.000       0.8270
 668.000       0.7580
 669.000       0.8637
 670.000       0.6987
 671.000       0.6586
 672.000       0.5702
 673.000       0.4998
 674.000       0.4227
 675.000       0.4458
 676.000       0.4587
 677.000       0.5104
 678.000       0.5332
 679.000       0.4996
 680.000       0.5434
 681.000       0.5925
 682.000       0.5623
 683.000       0.7183
 684.000       0.8912
 685.000       0.9699
 686.000       1.5266
 687.000       1.1558
 688.000       1.0857
 689.000       0.9478
 690.000       0.9851
 691.000       1.0721
 692.000       0.9007
 693.000       0.8052
 694.000       0.8930
 695.000       0.8773
 696.000       0.7897
 697.000       0.7626
 698.000       0.8220
 699.000       0.8021
 700.000       0.7677
 701.000       0.8443
 702.000       0.8900
 703.000       0.8371
 704.000       0.8124
 705.000       0.9639
 706.000       1.1044
 707.000       1.2107
 708.000       1.1176
 709.000       1.1018
 710.000       0.8018
 711.000       0.6463
 712.000       0.5442
 713.000       0.4521
 714.000       0.4077
 715.000       0.4039
 716.000       0.4649
 717.000       0.5020
 718.000       0.4510
 719.000       0.4248
 720.000       0.4361
 721.000       0.4361
 722.000       0.4545
 723.000       0.4757
 724.000       0.4993
 725.000       0.4859
 726.000       0.4857
 727.000       0.4947
 728.000       0.4934
 729.000       0.5019
 730.000       0.5161
 731.000       0.4950
 732.000       0.4741
 733.000       0.4681
 734.000       0.5336
 735.000       0.5828
 736.000       0.6870
 737.000       0.7798
 738.000       0.8890
 739.000       1.0298
 740.000       1.1373
 741.000       1.3389
 742.000       1.6807
 743.000       1.9839
 744.000       2.1616
 745.000       1.9917
 746.000       1.5712
 747.000       1.3828
 748.000       1.5304
 749.000       1.4395
 750.000       1.1351
 751.000       1.1800
 752.000       1.3308
 753.000       1.1506
 754.000       1.0834
 755.000       0.8669
 756.000       0.6095
 757.000       0.4940
 758.000       0.4523
 759.000       0.4770
 760.000       0.4819
 761.000       0.4703
 762.000       0.4694
 763.000       0.5353
 764.000       0.6619
 765.000       0.5367
 766.000       0.5279
 767.000       0.4805
 768.000       0.5031
 769.000       0.4878
 770.000       0.5249
 771.000       0.5731
 772.000       0.5621
 773.000       0.5784
 774.000       0.6842
 775.000       0.7054
 776.000       0.7833
 777.000       0.7400
 778.000       0.7193
 779.000       0.7068
 780.000       0.7181
 781.000       0.7614
 782.000       0.7971
 783.000       0.9748
 784.000       1.2407
 785.000       1.4562
 786.000       1.7618
 787.000       2.2715
 788.000       1.8503
 789.000       1.3844
 790.000       1.2438
 791.000       1.1585
 792.000       1.0124
 793.000       0.9789
 794.000       0.7968
 795.000       0.6696
 796.000       0.5654
 797.000       0.5255
 798.000       0.4732
 799.000       0.4765
 800.000       0.5344
 801.000       0.6593
 802.000       0.6661
 803.000       0.7027
 804.000       0.6059
 805.000       0.5291
 806.000       0.5949
 807.000       0.5779
 808.000       0.6754
 809.000       0.8403
 810.000       0.9061
 811.000       0.9788
 812.000       1.0544
 813.000       0.9967
 814.000       0.9866
 815.000       1.0492
 816.000       0.8906
 817.000       0.8151
 818.000       0.6834
 819.000       0.6791
 820.000       0.6572
 821.000       0.6154
 822.000       0.5730
 823.000       0.5318
 824.000       0.4857
 825.000       0.5102
 826.000       0.4961
 827.000       0.5132
 828.000       0.5889
 829.000       0.4656
 830.000       0.4309
 831.000       0.4919
 832.000       0.5261
 833.000       0.5664
 834.000       0.4936
 835.000       0.6006
 836.000       0.5974
 837.000       0.5713
 838.000       0.8426
 839.000       1.0706
 840.000       1.0528
 841.000       1.0255
 842.000       0.9709
 843.000       0.7303
 844.000       0.7194
 845.000       0.6671
 846.000       0.6397
 847.000       0.6578
 848.000       0.6604
 849.000       0.6747
 850.000       0.6822
 851.000       0.7528
 852.000       0.8640
 853.000       0.8520
 854.000       0.7292
 855.000       0.7253
 856.000       0.8033
 857.000       0.7708
 858.000       0.7701
 859.000       0.9713
 860.000       1.0082
 861.000       1.0214
 862.000       1.2939
 863.000       1.3098
