#Res        AtomicFlx
   1.000       3.0195
   2.000       1.7143
   3.000       1.2976
   4.000       1.0268
   5.000       1.1499
   6.000       1.1443
   7.000       0.9458
   8.000       0.8537
   9.000       0.8973
  10.000       0.8243
  11.000       0.7728
  12.000       0.8608
  13.000       0.9082
  14.000       0.8952
  15.000       0.9547
  16.000       1.1768
  17.000       1.2012
  18.000       0.9771
  19.000       0.7939
  20.000       0.7391
  21.000       0.6576
  22.000       0.6416
  23.000       0.6824
  24.000       0.7154
  25.000       0.8874
  26.000       1.1076
  27.000       1.2156
  28.000       0.8929
  29.000       0.7553
  30.000       0.6524
  31.000       0.7161
  32.000       0.7275
  33.000       0.6097
  34.000       0.5513
  35.000       0.6129
  36.000       0.6876
  37.000       0.6450
  38.000       0.6156
  39.000       0.8245
  40.000       0.9162
  41.000       0.8288
  42.000       0.7820
  43.000       0.9807
  44.000       0.8071
  45.000       0.6829
  46.000       0.6065
  47.000       0.5520
  48.000       0.5605
  49.000       0.4878
  50.000       0.4541
  51.000       0.4604
  52.000       0.4529
  53.000       0.4781
  54.000       0.4784
  55.000       0.4941
  56.000       0.5260
  57.000       0.5179
  58.000       0.5045
  59.000       0.5058
  60.000       0.5249
  61.000       0.5097
  62.000       0.5312
  63.000       0.5703
  64.000       0.5525
  65.000       0.5363
  66.000       0.6276
  67.000       0.6967
  68.000       0.6512
  69.000       0.5970
  70.000       0.7020
  71.000       0.6004
  72.000       0.5574
  73.000       0.5116
  74.000       0.4568
  75.000       0.4725
  76.000       0.4254
  77.000       0.4395
  78.000       0.4721
  79.000       0.4929
  80.000       0.4514
  81.000       0.4965
  82.000       0.5356
  83.000       0.5291
  84.000       0.5421
  85.000       0.5343
  86.000       0.5150
  87.000       0.4983
  88.000       0.5243
  89.000       0.5160
  90.000       0.5019
  91.000       0.5685
  92.000       0.6762
  93.000       0.6923
  94.000       0.6887
  95.000       0.5517
  96.000       0.4599
  97.000       0.4268
  98.000       0.4087
  99.000       0.4563
 100.000       0.5277
 101.000       0.5590
 102.000       0.6139
 103.000       0.6279
 104.000       0.5493
 105.000       0.5393
 106.000       0.6248
 107.000       0.6001
 108.000       0.5603
 109.000       0.6689
 110.000       0.7624
 111.000       0.7219
 112.000       0.7897
 113.000       0.6557
 114.000       0.6693
 115.000       0.6685
 116.000       0.6996
 117.000       0.5681
 118.000       0.4719
 119.000       0.4376
 120.000       0.4426
 121.000       0.4219
 122.000       0.4121
 123.000       0.4601
 124.000       0.4594
 125.000       0.4521
 126.000       0.4697
 127.000       0.4901
 128.000       0.5492
 129.000       0.5309
 130.000       0.5091
 131.000       0.5649
 132.000       0.5983
 133.000       0.6068
 134.000       0.6663
 135.000       0.7241
 136.000       0.7059
 137.000       0.6743
 138.000       0.5668
 139.000       0.5390
 140.000       0.4759
 141.000       0.4461
 142.000       0.4279
 143.000       0.4419
 144.000       0.4815
 145.000       0.5357
 146.000       0.5918
 147.000       0.6151
 148.000       0.5938
 149.000       0.7324
 150.000       0.7435
 151.000       0.6006
 152.000       0.6284
 153.000       0.8586
 154.000       0.8871
 155.000       0.7040
 156.000       0.6621
 157.000       1.1434
 158.000       0.7281
 159.000       0.6005
 160.000       0.5380
 161.000       0.4822
 162.000       0.4433
 163.000       0.4355
 164.000       0.4442
 165.000       0.5228
 166.000       0.6654
 167.000       0.7520
 168.000       0.9169
 169.000       0.9608
 170.000       0.9201
 171.000       0.8756
 172.000       0.8405
 173.000       0.8884
 174.000       0.9032
 175.000       0.9212
 176.000       0.7506
 177.000       0.7877
 178.000       0.7914
 179.000       0.5219
 180.000       0.5206
 181.000       0.5734
 182.000       0.6293
 183.000       0.6549
 184.000       0.7202
 185.000       0.8105
 186.000       0.7153
 187.000       0.6407
 188.000       0.6939
 189.000       0.6861
 190.000       0.6126
 191.000       0.6210
 192.000       0.7125
 193.000       0.6935
 194.000       0.6862
 195.000       0.7714
 196.000       0.8280
 197.000       0.8211
 198.000       0.8522
 199.000       0.7243
 200.000       0.6409
 201.000       0.5953
 202.000       0.5293
 203.000       0.4937
 204.000       0.4564
 205.000       0.4471
 206.000       0.4762
 207.000       0.5451
 208.000       0.6090
 209.000       0.6904
 210.000       0.6637
 211.000       0.6917
 212.000       0.7098
 213.000       0.8344
 214.000       0.8215
 215.000       0.8051
 216.000       0.8097
 217.000       0.7468
 218.000       0.6570
 219.000       0.6684
 220.000       0.6914
 221.000       0.6357
 222.000       0.5747
 223.000       0.6080
 224.000       0.6171
 225.000       0.5979
 226.000       0.6274
 227.000       0.6686
 228.000       0.6476
 229.000       0.6895
 230.000       0.7518
 231.000       0.7381
 232.000       0.7566
 233.000       0.8802
 234.000       0.9004
 235.000       0.8552
 236.000       0.9034
 237.000       0.8197
 238.000       0.9521
 239.000       0.6902
 240.000       0.6010
 241.000       0.5293
 242.000       0.4705
 243.000       0.4539
 244.000       0.4806
 245.000       0.5448
 246.000       0.5863
 247.000       0.5832
 248.000       0.5163
 249.000       0.5530
 250.000       0.6277
 251.000       0.6339
 252.000       0.7602
 253.000       0.9050
 254.000       0.9366
 255.000       1.2074
 256.000       1.1667
 257.000       0.9631
 258.000       0.7277
 259.000       0.6742
 260.000       0.7177
 261.000       0.7933
 262.000       0.7033
 263.000       0.7459
 264.000       0.6778
 265.000       0.5828
 266.000       0.5863
 267.000       0.6453
 268.000       0.6172
 269.000       0.5876
 270.000       0.6806
 271.000       0.7228
 272.000       0.6509
 273.000       0.6304
 274.000       0.7395
 275.000       0.8654
 276.000       0.9771
 277.000       0.9608
 278.000       1.0356
 279.000       0.6739
 280.000       0.5662
 281.000       0.4775
 282.000       0.4529
 283.000       0.4686
 284.000       0.4444
 285.000       0.4589
 286.000       0.5297
 287.000       0.4525
 288.000       0.4318
 289.000       0.4605
 290.000       0.4633
 291.000       0.4592
 292.000       0.4808
 293.000       0.4892
 294.000       0.4686
 295.000       0.4314
 296.000       0.4445
 297.000       0.4301
 298.000       0.4265
 299.000       0.4156
 300.000       0.3961
 301.000       0.3993
 302.000       0.4084
 303.000       0.4450
 304.000       0.4742
 305.000       0.5967
 306.000       0.6559
 307.000       0.7896
 308.000       0.8055
 309.000       0.8200
 310.000       0.8588
 311.000       1.0239
 312.000       1.3040
 313.000       1.3971
 314.000       1.2458
 315.000       1.2093
 316.000       1.2848
 317.000       1.2050
 318.000       1.0977
 319.000       1.0665
 320.000       0.9465
 321.000       0.9339
 322.000       0.7908
 323.000       0.6354
 324.000       0.5320
 325.000       0.4623
 326.000       0.4161
 327.000       0.3724
 328.000       0.3840
 329.000       0.3950
 330.000       0.4021
 331.000       0.4207
 332.000       0.4208
 333.000       0.4377
 334.000       0.4657
 335.000       0.4742
 336.000       0.4559
 337.000       0.4660
 338.000       0.5226
 339.000       0.5441
 340.000       0.5489
 341.000       0.5707
 342.000       0.6572
 343.000       0.7596
 344.000       0.8040
 345.000       0.8889
 346.000       0.6997
 347.000       0.7177
 348.000       0.5843
 349.000       0.6314
 350.000       0.6883
 351.000       0.7166
 352.000       0.8373
 353.000       1.0887
 354.000       1.5186
 355.000       1.4599
 356.000       1.6040
 357.000       1.4096
 358.000       1.0995
 359.000       0.9950
 360.000       0.8062
 361.000       0.6815
 362.000       0.6339
 363.000       0.5477
 364.000       0.4896
 365.000       0.4209
 366.000       0.3877
 367.000       0.3891
 368.000       0.3738
 369.000       0.3916
 370.000       0.4406
 371.000       0.4806
 372.000       0.5140
 373.000       0.4584
 374.000       0.4236
 375.000       0.4823
 376.000       0.4727
 377.000       0.5020
 378.000       0.6012
 379.000       0.6198
 380.000       0.6180
 381.000       0.6614
 382.000       0.6228
 383.000       0.6452
 384.000       0.7004
 385.000       0.5963
 386.000       0.5780
 387.000       0.4986
 388.000       0.4737
 389.000       0.4519
 390.000       0.4831
 391.000       0.4898
 392.000       0.4491
 393.000       0.4372
 394.000       0.4690
 395.000       0.4779
 396.000       0.4764
 397.000       0.4959
 398.000       0.4527
 399.000       0.5835
 400.000       0.5223
 401.000       0.6704
 402.000       0.8875
 403.000       0.7462
 404.000       0.5873
 405.000       0.5833
 406.000       0.6458
 407.000       0.4924
 408.000       0.4519
 409.000       0.5149
 410.000       0.5610
 411.000       0.7011
 412.000       0.7371
 413.000       0.6196
 414.000       0.5589
 415.000       0.5321
 416.000       0.4967
 417.000       0.5037
 418.000       0.5021
 419.000       0.5692
 420.000       0.6886
 421.000       0.7360
 422.000       0.7494
 423.000       0.6969
 424.000       0.6844
 425.000       0.7479
 426.000       0.7417
 427.000       0.7125
 428.000       0.9114
 429.000       1.0171
 430.000       1.1057
 431.000       1.5484
 432.000       2.8412
 433.000       4.5585
 434.000       3.4247
 435.000       2.0085
 436.000       1.7787
 437.000       1.6154
 438.000       1.3068
 439.000       1.2359
 440.000       1.3331
 441.000       1.2713
 442.000       1.1978
 443.000       1.4182
 444.000       1.5153
 445.000       1.5153
 446.000       1.7034
 447.000       2.2260
 448.000       2.0270
 449.000       2.0744
 450.000       1.7850
 451.000       1.4693
 452.000       0.9517
 453.000       0.8027
 454.000       0.8199
 455.000       0.8618
 456.000       1.1122
 457.000       1.4007
 458.000       1.6018
 459.000       1.1180
 460.000       0.9198
 461.000       0.7870
 462.000       0.8428
 463.000       0.8059
 464.000       0.7075
 465.000       0.7208
 466.000       0.7678
 467.000       0.7980
 468.000       0.8003
 469.000       0.8267
 470.000       0.9808
 471.000       1.0173
 472.000       0.8825
 473.000       0.9549
 474.000       1.1072
 475.000       0.9148
 476.000       0.8144
 477.000       0.8244
 478.000       0.6392
 479.000       0.5735
 480.000       0.5328
 481.000       0.5063
 482.000       0.5079
 483.000       0.5382
 484.000       0.5454
 485.000       0.5390
 486.000       0.5546
 487.000       0.5798
 488.000       0.5355
 489.000       0.5328
 490.000       0.5913
 491.000       0.5949
 492.000       0.5299
 493.000       0.5722
 494.000       0.6154
 495.000       0.5631
 496.000       0.5426
 497.000       0.7175
 498.000       0.8154
 499.000       0.6868
 500.000       0.6239
 501.000       0.7041
 502.000       0.5957
 503.000       0.5276
 504.000       0.5087
 505.000       0.5092
 506.000       0.4375
 507.000       0.3805
 508.000       0.3977
 509.000       0.3954
 510.000       0.4071
 511.000       0.3983
 512.000       0.4256
 513.000       0.4982
 514.000       0.5989
 515.000       0.6603
 516.000       0.6627
 517.000       0.6005
 518.000       0.5876
 519.000       0.6484
 520.000       0.6509
 521.000       0.6338
 522.000       0.6743
 523.000       0.7482
 524.000       0.7153
 525.000       0.7196
 526.000       0.6053
 527.000       0.4998
 528.000       0.4295
 529.000       0.3756
 530.000       0.4321
 531.000       0.4365
 532.000       0.4636
 533.000       0.5307
 534.000       0.5359
 535.000       0.4758
 536.000       0.5010
 537.000       0.5823
 538.000       0.6060
 539.000       0.6238
 540.000       0.7103
 541.000       0.8053
 542.000       0.9186
 543.000       0.9938
 544.000       0.8507
 545.000       0.8442
 546.000       0.7946
 547.000       0.8026
 548.000       0.5923
 549.000       0.4985
 550.000       0.4096
 551.000       0.4204
 552.000       0.4215
 553.000       0.3989
 554.000       0.3987
 555.000       0.3969
 556.000       0.4021
 557.000       0.4325
 558.000       0.4844
 559.000       0.5148
 560.000       0.4899
 561.000       0.4952
 562.000       0.5693
 563.000       0.6049
 564.000       0.6111
 565.000       0.6657
 566.000       0.7200
 567.000       0.7082
 568.000       0.6639
 569.000       0.5416
 570.000       0.5344
 571.000       0.4473
 572.000       0.3994
 573.000       0.3734
 574.000       0.3925
 575.000       0.4275
 576.000       0.4816
 577.000       0.5043
 578.000       0.4666
 579.000       0.4293
 580.000       0.4871
 581.000       0.5611
 582.000       0.5151
 583.000       0.5395
 584.000       0.6734
 585.000       0.7181
 586.000       0.6245
 587.000       0.6121
 588.000       0.8982
 589.000       0.6838
 590.000       0.5644
 591.000       0.4967
 592.000       0.4789
 593.000       0.4414
 594.000       0.4118
 595.000       0.4189
 596.000       0.4969
 597.000       0.6090
 598.000       0.6014
 599.000       0.6104
 600.000       0.5735
 601.000       0.6602
 602.000       0.6248
 603.000       0.5868
 604.000       0.6295
 605.000       0.6474
 606.000       0.6051
 607.000       0.4958
 608.000       0.4937
 609.000       0.5115
 610.000       0.4304
 611.000       0.4425
 612.000       0.5274
 613.000       0.5972
 614.000       0.7146
 615.000       0.8003
 616.000       0.8202
 617.000       0.6633
 618.000       0.6357
 619.000       0.7033
 620.000       0.6853
 621.000       0.6150
 622.000       0.6265
 623.000       0.6834
 624.000       0.6787
 625.000       0.6939
 626.000       0.7808
 627.000       0.8316
 628.000       0.8097
 629.000       0.8249
 630.000       0.6456
 631.000       0.5910
 632.000       0.5870
 633.000       0.5442
 634.000       0.5153
 635.000       0.4487
 636.000       0.4029
 637.000       0.4258
 638.000       0.4535
 639.000       0.5094
 640.000       0.5648
 641.000       0.6317
 642.000       0.7611
 643.000       0.7607
 644.000       1.0912
 645.000       0.8442
 646.000       0.7855
 647.000       0.7766
 648.000       0.7213
 649.000       0.7233
 650.000       0.7070
 651.000       0.6970
 652.000       0.6570
 653.000       0.6284
 654.000       0.7035
 655.000       0.7316
 656.000       0.6472
 657.000       0.7188
 658.000       0.7940
 659.000       0.7304
 660.000       0.8059
 661.000       0.9874
 662.000       0.9590
 663.000       1.0163
 664.000       1.3776
 665.000       1.4203
 666.000       1.2400
 667.000       1.4577
 668.000       1.3264
 669.000       1.3572
 670.000       0.8426
 671.000       0.7125
 672.000       0.5791
 673.000       0.4491
 674.000       0.3980
 675.000       0.4371
 676.000       0.4745
 677.000       0.8625
 678.000       0.7851
 679.000       0.5817
 680.000       0.5624
 681.000       0.6425
 682.000       0.6020
 683.000       0.7286
 684.000       0.8711
 685.000       0.9066
 686.000       1.1998
 687.000       0.9673
 688.000       0.8084
 689.000       0.6935
 690.000       0.7516
 691.000       0.8128
 692.000       0.7434
 693.000       0.6939
 694.000       0.7528
 695.000       0.7213
 696.000       0.6529
 697.000       0.6309
 698.000       0.6801
 699.000       0.6695
 700.000       0.6342
 701.000       0.7215
 702.000       0.7519
 703.000       0.7018
 704.000       0.7021
 705.000       0.8439
 706.000       1.0498
 707.000       1.1361
 708.000       1.0619
 709.000       1.1125
 710.000       0.8278
 711.000       0.6989
 712.000       0.4961
 713.000       0.4186
 714.000       0.4141
 715.000       0.4049
 716.000       0.4324
 717.000       0.5127
 718.000       0.4482
 719.000       0.4196
 720.000       0.4820
 721.000       0.5040
 722.000       0.5305
 723.000       0.5384
 724.000       0.5248
 725.000       0.5202
 726.000       0.5025
 727.000       0.4945
 728.000       0.4901
 729.000       0.4746
 730.000       0.4531
 731.000       0.4301
 732.000       0.4378
 733.000       0.4531
 734.000       0.4833
 735.000       0.5141
 736.000       0.6067
 737.000       0.6591
 738.000       0.7321
 739.000       0.8822
 740.000       1.0722
 741.000       1.1451
 742.000       1.3869
 743.000       1.6280
 744.000       1.6957
 745.000       1.4703
 746.000       1.2091
 747.000       1.0547
 748.000       1.1008
 749.000       1.0540
 750.000       0.8872
 751.000       0.9401
 752.000       1.0900
 753.000       0.9242
 754.000       0.8461
 755.000       0.6592
 756.000       0.5320
 757.000       0.4582
 758.000       0.4124
 759.000       0.4472
 760.000       0.4611
 761.000       0.4573
 762.000       0.4641
 763.000       0.4975
 764.000       0.5677
 765.000       0.5253
 766.000       0.5033
 767.000       0.4771
 768.000       0.4844
 769.000       0.5026
 770.000       0.5232
 771.000       0.5068
 772.000       0.4953
 773.000       0.5539
 774.000       0.6258
 775.000       0.7097
 776.000       0.8990
 777.000       0.8075
 778.000       0.7944
 779.000       0.6466
 780.000       0.6206
 781.000       0.6564
 782.000       0.6648
 783.000       0.7203
 784.000       0.9173
 785.000       1.0802
 786.000       1.3136
 787.000       1.6973
 788.000       1.5893
 789.000       1.2072
 790.000       0.9995
 791.000       0.8565
 792.000       0.7337
 793.000       0.7154
 794.000       0.6141
 795.000       0.6092
 796.000       0.5111
 797.000       0.4934
 798.000       0.4873
 799.000       0.4597
 800.000       0.4486
 801.000       0.4934
 802.000       0.5200
 803.000       0.5601
 804.000       0.5297
 805.000       0.4758
 806.000       0.5349
 807.000       0.5471
 808.000       0.6315
 809.000       0.7415
 810.000       0.7215
 811.000       0.6868
 812.000       0.7070
 813.000       0.7063
 814.000       0.7483
 815.000       0.7520
 816.000       0.6493
 817.000       0.6240
 818.000       0.5754
 819.000       0.5719
 820.000       0.5412
 821.000       0.5242
 822.000       0.5259
 823.000       0.5262
 824.000       0.5260
 825.000       0.6032
 826.000       0.5963
 827.000       0.6181
 828.000       0.7304
 829.000       0.5211
 830.000       0.4403
 831.000       0.5000
 832.000       0.5699
 833.000       0.7148
 834.000       0.6686
 835.000       0.8879
 836.000       0.8540
 837.000       0.6846
 838.000       0.7090
 839.000       1.0161
 840.000       1.1335
 841.000       0.8813
 842.000       0.7577
 843.000       0.6841
 844.000       0.6511
 845.000       0.6032
 846.000       0.5822
 847.000       0.5962
 848.000       0.6135
 849.000       0.5955
 850.000       0.6523
 851.000       0.8191
 852.000       0.9082
 853.000       0.8680
 854.000       0.7398
 855.000       0.7593
 856.000       0.8247
 857.000       0.7893
 858.000       0.7786
 859.000       0.9771
 860.000       1.0126
 861.000       1.0662
 862.000       1.5223
 863.000       1.9565
