#Res        AtomicFlx
   1.000       1.4680
   2.000       1.3011
   3.000       1.1901
   4.000       1.0148
   5.000       1.1791
   6.000       1.2185
   7.000       1.0234
   8.000       0.9100
   9.000       0.9453
  10.000       0.8712
  11.000       0.8088
  12.000       0.8793
  13.000       0.9079
  14.000       0.8390
  15.000       0.8990
  16.000       1.0994
  17.000       1.3128
  18.000       1.0698
  19.000       0.8804
  20.000       0.8283
  21.000       0.7472
  22.000       0.7260
  23.000       0.7368
  24.000       0.7703
  25.000       0.8968
  26.000       1.0762
  27.000       1.1907
  28.000       0.9138
  29.000       0.7659
  30.000       0.6548
  31.000       0.6556
  32.000       0.6460
  33.000       0.6077
  34.000       0.5788
  35.000       0.5907
  36.000       0.6124
  37.000       0.5893
  38.000       0.5840
  39.000       0.6764
  40.000       0.7055
  41.000       0.6561
  42.000       0.6748
  43.000       0.7821
  44.000       0.6987
  45.000       0.6404
  46.000       0.5569
  47.000       0.4980
  48.000       0.5204
  49.000       0.4797
  50.000       0.4462
  51.000       0.4452
  52.000       0.4637
  53.000       0.4832
  54.000       0.4864
  55.000       0.5282
  56.000       0.5845
  57.000       0.5580
  58.000       0.5305
  59.000       0.5479
  60.000       0.5663
  61.000       0.5442
  62.000       0.5449
  63.000       0.6026
  64.000       0.5870
  65.000       0.5507
  66.000       0.6501
  67.000       0.7340
  68.000       0.6731
  69.000       0.6151
  70.000       0.7237
  71.000       0.6038
  72.000       0.5436
  73.000       0.4973
  74.000       0.4336
  75.000       0.4306
  76.000       0.4328
  77.000       0.4585
  78.000       0.4769
  79.000       0.4816
  80.000       0.4624
  81.000       0.4904
  82.000       0.5378
  83.000       0.6241
  84.000       0.5975
  85.000       0.5623
  86.000       0.5690
  87.000       0.5469
  88.000       0.5528
  89.000       0.5558
  90.000       0.5632
  91.000       0.5800
  92.000       0.6602
  93.000       0.6788
  94.000       0.6282
  95.000       0.5251
  96.000       0.4471
  97.000       0.4278
  98.000       0.4473
  99.000       0.5445
 100.000       0.6844
 101.000       0.5896
 102.000       0.6577
 103.000       0.6530
 104.000       0.5503
 105.000       0.5842
 106.000       0.6490
 107.000       0.6322
 108.000       0.6671
 109.000       0.7813
 110.000       0.7954
 111.000       0.8403
 112.000       0.9472
 113.000       0.7440
 114.000       0.7425
 115.000       0.8175
 116.000       0.8218
 117.000       0.5903
 118.000       0.5021
 119.000       0.4738
 120.000       0.4779
 121.000       0.4364
 122.000       0.4376
 123.000       0.4517
 124.000       0.4381
 125.000       0.4524
 126.000       0.4794
 127.000       0.5318
 128.000       0.5650
 129.000       0.5585
 130.000       0.5693
 131.000       0.6181
 132.000       0.6505
 133.000       0.6361
 134.000       0.7697
 135.000       0.8793
 136.000       0.7820
 137.000       0.7411
 138.000       0.6702
 139.000       0.7467
 140.000       0.6038
 141.000       0.5596
 142.000       0.4761
 143.000       0.4325
 144.000       0.4299
 145.000       0.4991
 146.000       0.5709
 147.000       0.6003
 148.000       0.5478
 149.000       0.6036
 150.000       0.6661
 151.000       0.6133
 152.000       0.6206
 153.000       0.7480
 154.000       0.8954
 155.000       0.8434
 156.000       0.8381
 157.000       0.8307
 158.000       0.8192
 159.000       0.7237
 160.000       0.6474
 161.000       0.5483
 162.000       0.4776
 163.000       0.4360
 164.000       0.4324
 165.000       0.4883
 166.000       0.5709
 167.000       0.6039
 168.000       0.7015
 169.000       0.7016
 170.000       0.8066
 171.000       0.8642
 172.000       0.8127
 173.000       0.9045
 174.000       0.8496
 175.000       0.6979
 176.000       0.5420
 177.000       0.5287
 178.000       0.5151
 179.000       0.4270
 180.000       0.4505
 181.000       0.5195
 182.000       0.5576
 183.000       0.6623
 184.000       0.7522
 185.000       0.8181
 186.000       0.7802
 187.000       0.7053
 188.000       0.7784
 189.000       0.7593
 190.000       0.6389
 191.000       0.6211
 192.000       0.7112
 193.000       0.6666
 194.000       0.6254
 195.000       0.7436
 196.000       0.8096
 197.000       0.7780
 198.000       0.8024
 199.000       0.7052
 200.000       0.6559
 201.000       0.5916
 202.000       0.5409
 203.000       0.5090
 204.000       0.4525
 205.000       0.4353
 206.000       0.4686
 207.000       0.5533
 208.000       0.6265
 209.000       0.6521
 210.000       0.6629
 211.000       0.7529
 212.000       0.7383
 213.000       0.9584
 214.000       0.9045
 215.000       0.9250
 216.000       0.9344
 217.000       0.8258
 218.000       0.7052
 219.000       0.7529
 220.000       0.7486
 221.000       0.6576
 222.000       0.6200
 223.000       0.6672
 224.000       0.6448
 225.000       0.5995
 226.000       0.6237
 227.000       0.6662
 228.000       0.6435
 229.000       0.6844
 230.000       0.7457
 231.000       0.7520
 232.000       0.7584
 233.000       0.8698
 234.000       0.9152
 235.000       0.8660
 236.000       0.9050
 237.000       0.7979
 238.000       0.9150
 239.000       0.7160
 240.000       0.6559
 241.000       0.5495
 242.000       0.4725
 243.000       0.4325
 244.000       0.4506
 245.000       0.5311
 246.000       0.6531
 247.000       0.7501
 248.000       0.6555
 249.000       0.7227
 250.000       1.0715
 251.000       1.0100
 252.000       1.5418
 253.000       1.9033
 254.000       1.5123
 255.000       1.5034
 256.000       1.2324
 257.000       0.9417
 258.000       0.7571
 259.000       0.7881
 260.000       0.8151
 261.000       0.7367
 262.000       0.7138
 263.000       0.8157
 264.000       0.8131
 265.000       0.6667
 266.000       0.6420
 267.000       0.7056
 268.000       0.6753
 269.000       0.6325
 270.000       0.7035
 271.000       0.7596
 272.000       0.7174
 273.000       0.6687
 274.000       0.7746
 275.000       0.9203
 276.000       1.0291
 277.000       0.9958
 278.000       1.0214
 279.000       0.7414
 280.000       0.6313
 281.000       0.4916
 282.000       0.4336
 283.000       0.4304
 284.000       0.4478
 285.000       0.4843
 286.000       0.5941
 287.000       0.4841
 288.000       0.4683
 289.000       0.4625
 290.000       0.4638
 291.000       0.4895
 292.000       0.5217
 293.000       0.5195
 294.000       0.4978
 295.000       0.4368
 296.000       0.4244
 297.000       0.4228
 298.000       0.4095
 299.000       0.4053
 300.000       0.3949
 301.000       0.4278
 302.000       0.4404
 303.000       0.5011
 304.000       0.5322
 305.000       0.6267
 306.000       0.6653
 307.000       0.7853
 308.000       0.7961
 309.000       0.7677
 310.000       0.8253
 311.000       0.9589
 312.000       1.1427
 313.000       1.2464
 314.000       1.1637
 315.000       1.0796
 316.000       1.1580
 317.000       1.0740
 318.000       0.9606
 319.000       0.9364
 320.000       0.8448
 321.000       0.8555
 322.000       0.7546
 323.000       0.6175
 324.000       0.5277
 325.000       0.4853
 326.000       0.4361
 327.000       0.3910
 328.000       0.3998
 329.000       0.4043
 330.000       0.4051
 331.000       0.3979
 332.000       0.3851
 333.000       0.4232
 334.000       0.4519
 335.000       0.4428
 336.000       0.4163
 337.000       0.4253
 338.000       0.4617
 339.000       0.4840
 340.000       0.4908
 341.000       0.4909
 342.000       0.5321
 343.000       0.6382
 344.000       0.7469
 345.000       0.8444
 346.000       0.7038
 347.000       0.7538
 348.000       0.5610
 349.000       0.5595
 350.000       0.5942
 351.000       0.5885
 352.000       0.7178
 353.000       0.8860
 354.000       1.1883
 355.000       1.3171
 356.000       1.6527
 357.000       1.4380
 358.000       1.1028
 359.000       0.9714
 360.000       0.7906
 361.000       0.6424
 362.000       0.5971
 363.000       0.5286
 364.000       0.4890
 365.000       0.4200
 366.000       0.3936
 367.000       0.3935
 368.000       0.3866
 369.000       0.3971
 370.000       0.4424
 371.000       0.4858
 372.000       0.5145
 373.000       0.4586
 374.000       0.4157
 375.000       0.4576
 376.000       0.4332
 377.000       0.4798
 378.000       0.5674
 379.000       0.5831
 380.000       0.5769
 381.000       0.6219
 382.000       0.6170
 383.000       0.6458
 384.000       0.7617
 385.000       0.6283
 386.000       0.5737
 387.000       0.5022
 388.000       0.4842
 389.000       0.4577
 390.000       0.4716
 391.000       0.4738
 392.000       0.4177
 393.000       0.4190
 394.000       0.4949
 395.000       0.5240
 396.000       0.5001
 397.000       0.4907
 398.000       0.4687
 399.000       0.5562
 400.000       0.4823
 401.000       0.6848
 402.000       0.7804
 403.000       0.6948
 404.000       0.5150
 405.000       0.4984
 406.000       0.5650
 407.000       0.4702
 408.000       0.4239
 409.000       0.4811
 410.000       0.5284
 411.000       0.6833
 412.000       0.6532
 413.000       0.5674
 414.000       0.5601
 415.000       0.5303
 416.000       0.5099
 417.000       0.5532
 418.000       0.5468
 419.000       0.6026
 420.000       0.7390
 421.000       0.7956
 422.000       0.7931
 423.000       0.7278
 424.000       0.7424
 425.000       0.8274
 426.000       0.8257
 427.000       0.8303
 428.000       1.0898
 429.000       1.2137
 430.000       1.2939
 431.000       1.7448
 432.000       2.8342
 433.000       4.7392
 434.000       3.5176
 435.000       2.1170
 436.000       1.8366
 437.000       1.5849
 438.000       1.3384
 439.000       1.3000
 440.000       1.2542
 441.000       1.1201
 442.000       1.1351
 443.000       1.3585
 444.000       1.3136
 445.000       1.1748
 446.000       1.2689
 447.000       1.7079
 448.000       1.6051
 449.000       1.2934
 450.000       0.9840
 451.000       0.9502
 452.000       0.8623
 453.000       0.8426
 454.000       0.8847
 455.000       0.9244
 456.000       1.1929
 457.000       1.4440
 458.000       1.4530
 459.000       1.1205
 460.000       0.9384
 461.000       0.7576
 462.000       0.8164
 463.000       0.8604
 464.000       0.7952
 465.000       0.7269
 466.000       0.6720
 467.000       0.7241
 468.000       0.7113
 469.000       0.6771
 470.000       0.7938
 471.000       0.8744
 472.000       0.8009
 473.000       0.8356
 474.000       0.9671
 475.000       0.7994
 476.000       0.6961
 477.000       0.6804
 478.000       0.6007
 479.000       0.5588
 480.000       0.5137
 481.000       0.4820
 482.000       0.5084
 483.000       0.5389
 484.000       0.5632
 485.000       0.5535
 486.000       0.5658
 487.000       0.6198
 488.000       0.5845
 489.000       0.5468
 490.000       0.5893
 491.000       0.6096
 492.000       0.5749
 493.000       0.6157
 494.000       0.6325
 495.000       0.5966
 496.000       0.5950
 497.000       0.7560
 498.000       0.8443
 499.000       0.6952
 500.000       0.6338
 501.000       0.7119
 502.000       0.5933
 503.000       0.5567
 504.000       0.5183
 505.000       0.5004
 506.000       0.4514
 507.000       0.3887
 508.000       0.4006
 509.000       0.3889
 510.000       0.3906
 511.000       0.3778
 512.000       0.4126
 513.000       0.4834
 514.000       0.5643
 515.000       0.6187
 516.000       0.6104
 517.000       0.5634
 518.000       0.5702
 519.000       0.6181
 520.000       0.6125
 521.000       0.6091
 522.000       0.6668
 523.000       0.7315
 524.000       0.7472
 525.000       0.7235
 526.000       0.5853
 527.000       0.4913
 528.000       0.4208
 529.000       0.3763
 530.000       0.4089
 531.000       0.4213
 532.000       0.4562
 533.000       0.5013
 534.000       0.5202
 535.000       0.4535
 536.000       0.4780
 537.000       0.5495
 538.000       0.5689
 539.000       0.6327
 540.000       0.7371
 541.000       0.7941
 542.000       0.8674
 543.000       0.9484
 544.000       0.7812
 545.000       0.8215
 546.000       0.8467
 547.000       0.8461
 548.000       0.6118
 549.000       0.4765
 550.000       0.4075
 551.000       0.4100
 552.000       0.4027
 553.000       0.3933
 554.000       0.3984
 555.000       0.4030
 556.000       0.4129
 557.000       0.4494
 558.000       0.4800
 559.000       0.4968
 560.000       0.5044
 561.000       0.5056
 562.000       0.5921
 563.000       0.6727
 564.000       0.6396
 565.000       0.6941
 566.000       0.8194
 567.000       0.7690
 568.000       0.6623
 569.000       0.5554
 570.000       0.5820
 571.000       0.4714
 572.000       0.3982
 573.000       0.3712
 574.000       0.3792
 575.000       0.4063
 576.000       0.4431
 577.000       0.5027
 578.000       0.5089
 579.000       0.4614
 580.000       0.5193
 581.000       0.6049
 582.000       0.5585
 583.000       0.5624
 584.000       0.7125
 585.000       0.7497
 586.000       0.6470
 587.000       0.6716
 588.000       1.2424
 589.000       0.8001
 590.000       0.5906
 591.000       0.5030
 592.000       0.4492
 593.000       0.4155
 594.000       0.3971
 595.000       0.3952
 596.000       0.4523
 597.000       0.5431
 598.000       0.5503
 599.000       0.6220
 600.000       0.6433
 601.000       0.7385
 602.000       0.7554
 603.000       0.7287
 604.000       0.8429
 605.000       0.8423
 606.000       0.7292
 607.000       0.5516
 608.000       0.5222
 609.000       0.5451
 610.000       0.4334
 611.000       0.4174
 612.000       0.4745
 613.000       0.4933
 614.000       0.5962
 615.000       0.7492
 616.000       0.9334
 617.000       0.7870
 618.000       0.7363
 619.000       0.8121
 620.000       0.8728
 621.000       0.7732
 622.000       0.6952
 623.000       0.7512
 624.000       0.7555
 625.000       0.7282
 626.000       0.7858
 627.000       0.8326
 628.000       0.8277
 629.000       0.8488
 630.000       0.7056
 631.000       0.5908
 632.000       0.5406
 633.000       0.5118
 634.000       0.4982
 635.000       0.4285
 636.000       0.3988
 637.000       0.4162
 638.000       0.4445
 639.000       0.5231
 640.000       0.5932
 641.000       0.7014
 642.000       0.9673
 643.000       0.9231
 644.000       1.3121
 645.000       1.0121
 646.000       0.9229
 647.000       0.8014
 648.000       0.7008
 649.000       0.6924
 650.000       0.7268
 651.000       0.6868
 652.000       0.5837
 653.000       0.5771
 654.000       0.6492
 655.000       0.6176
 656.000       0.5589
 657.000       0.5999
 658.000       0.6483
 659.000       0.6052
 660.000       0.6240
 661.000       0.7254
 662.000       0.7315
 663.000       0.7473
 664.000       0.8743
 665.000       0.9013
 666.000       0.8664
 667.000       0.8958
 668.000       0.8236
 669.000       0.9544
 670.000       0.7204
 671.000       0.6413
 672.000       0.5327
 673.000       0.4535
 674.000       0.4076
 675.000       0.4382
 676.000       0.4886
 677.000       1.1827
 678.000       0.7924
 679.000       0.6424
 680.000       0.6751
 681.000       0.6921
 682.000       0.8210
 683.000       1.0748
 684.000       1.1867
 685.000       1.2710
 686.000       1.7030
 687.000       1.5447
 688.000       1.3371
 689.000       0.9430
 690.000       0.9699
 691.000       1.0822
 692.000       0.9311
 693.000       0.7113
 694.000       0.7656
 695.000       0.7953
 696.000       0.7168
 697.000       0.6494
 698.000       0.6982
 699.000       0.6972
 700.000       0.6619
 701.000       0.7282
 702.000       0.7545
 703.000       0.6762
 704.000       0.6604
 705.000       0.8105
 706.000       1.0017
 707.000       1.0499
 708.000       0.9642
 709.000       0.9366
 710.000       0.7068
 711.000       0.5765
 712.000       0.4680
 713.000       0.4278
 714.000       0.4099
 715.000       0.4081
 716.000       0.4396
 717.000       0.4961
 718.000       0.4456
 719.000       0.4328
 720.000       0.5008
 721.000       0.4872
 722.000       0.5481
 723.000       0.5816
 724.000       0.5641
 725.000       0.5288
 726.000       0.4966
 727.000       0.4835
 728.000       0.4705
 729.000       0.4632
 730.000       0.4512
 731.000       0.4345
 732.000       0.4446
 733.000       0.4494
 734.000       0.4805
 735.000       0.4945
 736.000       0.5958
 737.000       0.6949
 738.000       0.8416
 739.000       0.9616
 740.000       1.2955
 741.000       1.6517
 742.000       2.2476
 743.000       2.7588
 744.000       3.1116
 745.000       2.8396
 746.000       2.3567
 747.000       2.0691
 748.000       1.8755
 749.000       1.6867
 750.000       1.3144
 751.000       1.2142
 752.000       1.2349
 753.000       1.0147
 754.000       0.8712
 755.000       0.6573
 756.000       0.5038
 757.000       0.4475
 758.000       0.3920
 759.000       0.4205
 760.000       0.4452
 761.000       0.4494
 762.000       0.4423
 763.000       0.4298
 764.000       0.5014
 765.000       0.4999
 766.000       0.5075
 767.000       0.4579
 768.000       0.4551
 769.000       0.4632
 770.000       0.4948
 771.000       0.5354
 772.000       0.5482
 773.000       0.5887
 774.000       0.6898
 775.000       0.7109
 776.000       0.8186
 777.000       0.7192
 778.000       0.9259
 779.000       0.8366
 780.000       0.8575
 781.000       0.9092
 782.000       0.7241
 783.000       0.9489
 784.000       1.1818
 785.000       1.2493
 786.000       1.5462
 787.000       1.9957
 788.000       1.7420
 789.000       1.3873
 790.000       1.2509
 791.000       1.0726
 792.000       0.9957
 793.000       0.9587
 794.000       0.7720
 795.000       0.5767
 796.000       0.4765
 797.000       0.4500
 798.000       0.4437
 799.000       0.4301
 800.000       0.4333
 801.000       0.4831
 802.000       0.5048
 803.000       0.5480
 804.000       0.5166
 805.000       0.4423
 806.000       0.4914
 807.000       0.4892
 808.000       0.5779
 809.000       0.7501
 810.000       0.8953
 811.000       0.9865
 812.000       1.0226
 813.000       0.9904
 814.000       1.0027
 815.000       0.9079
 816.000       0.6793
 817.000       0.6320
 818.000       0.5674
 819.000       0.5550
 820.000       0.5112
 821.000       0.5152
 822.000       0.5310
 823.000       0.5037
 824.000       0.4935
 825.000       0.6006
 826.000       0.5958
 827.000       0.5274
 828.000       0.5368
 829.000       0.4391
 830.000       0.4288
 831.000       0.4616
 832.000       0.4954
 833.000       0.5803
 834.000       0.5299
 835.000       0.6715
 836.000       0.6709
 837.000       0.6159
 838.000       0.6511
 839.000       1.0893
 840.000       1.3957
 841.000       1.6799
 842.000       1.0988
 843.000       0.7335
 844.000       0.6460
 845.000       0.6280
 846.000       0.5976
 847.000       0.6024
 848.000       0.6591
 849.000       0.6529
 850.000       0.6980
 851.000       0.7989
 852.000       0.8982
 853.000       0.9012
 854.000       0.7586
 855.000       0.7663
 856.000       0.8745
 857.000       0.8304
 858.000       0.8142
 859.000       0.9978
 860.000       1.0442
 861.000       1.0073
 862.000       2.0227
 863.000       2.5852
