#Res        AtomicFlx
   1.000       3.4000
   2.000       2.5096
   3.000       1.9575
   4.000       1.5535
   5.000       1.3861
   6.000       1.2187
   7.000       1.0395
   8.000       0.9709
   9.000       0.9514
  10.000       0.8943
  11.000       0.8737
  12.000       0.9516
  13.000       0.9770
  14.000       0.9457
  15.000       0.9653
  16.000       1.2139
  17.000       1.4191
  18.000       1.2718
  19.000       1.0504
  20.000       0.9471
  21.000       0.7424
  22.000       0.6971
  23.000       0.7157
  24.000       0.7372
  25.000       0.9342
  26.000       1.1410
  27.000       1.2388
  28.000       0.9383
  29.000       0.7784
  30.000       0.6585
  31.000       0.7204
  32.000       0.7086
  33.000       0.6092
  34.000       0.5889
  35.000       0.6314
  36.000       0.6560
  37.000       0.6184
  38.000       0.6132
  39.000       0.7730
  40.000       0.8149
  41.000       0.7449
  42.000       0.7590
  43.000       0.8845
  44.000       0.7849
  45.000       0.6916
  46.000       0.5845
  47.000       0.5131
  48.000       0.5267
  49.000       0.4743
  50.000       0.4425
  51.000       0.4490
  52.000       0.4674
  53.000       0.5120
  54.000       0.5182
  55.000       0.5093
  56.000       0.5372
  57.000       0.5399
  58.000       0.5201
  59.000       0.5352
  60.000       0.5640
  61.000       0.5457
  62.000       0.5416
  63.000       0.5746
  64.000       0.5671
  65.000       0.5309
  66.000       0.6317
  67.000       0.7053
  68.000       0.6478
  69.000       0.6184
  70.000       0.7117
  71.000       0.6037
  72.000       0.5243
  73.000       0.4885
  74.000       0.4406
  75.000       0.4314
  76.000       0.4293
  77.000       0.4435
  78.000       0.4595
  79.000       0.4725
  80.000       0.4655
  81.000       0.4885
  82.000       0.5408
  83.000       0.7328
  84.000       0.9125
  85.000       0.6214
  86.000       0.6130
  87.000       0.5907
  88.000       0.6341
  89.000       0.6204
  90.000       0.5905
  91.000       0.6199
  92.000       0.7376
  93.000       0.7185
  94.000       0.6924
  95.000       0.5371
  96.000       0.4332
  97.000       0.4186
  98.000       0.4120
  99.000       0.4942
 100.000       0.5645
 101.000       0.5969
 102.000       0.6468
 103.000       0.6684
 104.000       0.5773
 105.000       0.5952
 106.000       0.6687
 107.000       0.6750
 108.000       0.7190
 109.000       0.8096
 110.000       0.8344
 111.000       0.8814
 112.000       0.9934
 113.000       0.7853
 114.000       0.8563
 115.000       0.9380
 116.000       0.9373
 117.000       0.6553
 118.000       0.5181
 119.000       0.4362
 120.000       0.4387
 121.000       0.4284
 122.000       0.4554
 123.000       0.5055
 124.000       0.5127
 125.000       0.5031
 126.000       0.5343
 127.000       0.5959
 128.000       0.6516
 129.000       0.5862
 130.000       0.5582
 131.000       0.6323
 132.000       0.6676
 133.000       0.6776
 134.000       0.7359
 135.000       0.7915
 136.000       0.7804
 137.000       0.7374
 138.000       0.6165
 139.000       0.5862
 140.000       0.4829
 141.000       0.4741
 142.000       0.4433
 143.000       0.4271
 144.000       0.4606
 145.000       0.5323
 146.000       0.5831
 147.000       0.6157
 148.000       0.5495
 149.000       0.5791
 150.000       0.6499
 151.000       0.5920
 152.000       0.5806
 153.000       0.7363
 154.000       0.9762
 155.000       0.7073
 156.000       0.6969
 157.000       1.1806
 158.000       0.7948
 159.000       0.6416
 160.000       0.5588
 161.000       0.4899
 162.000       0.4484
 163.000       0.4467
 164.000       0.4601
 165.000       0.5153
 166.000       0.6471
 167.000       0.7663
 168.000       0.8410
 169.000       0.8971
 170.000       1.0729
 171.000       1.2290
 172.000       1.0915
 173.000       1.1071
 174.000       0.9328
 175.000       0.7158
 176.000       0.6054
 177.000       0.5938
 178.000       0.5873
 179.000       0.4889
 180.000       0.4899
 181.000       0.5621
 182.000       0.6147
 183.000       0.6430
 184.000       0.6568
 185.000       0.6847
 186.000       0.6560
 187.000       0.6181
 188.000       0.7163
 189.000       0.6892
 190.000       0.5942
 191.000       0.6134
 192.000       0.6897
 193.000       0.6621
 194.000       0.6329
 195.000       0.7221
 196.000       0.7752
 197.000       0.7524
 198.000       0.7641
 199.000       0.6635
 200.000       0.6275
 201.000       0.5974
 202.000       0.5360
 203.000       0.5003
 204.000       0.4758
 205.000       0.4565
 206.000       0.5144
 207.000       0.6140
 208.000       0.6278
 209.000       0.7670
 210.000       0.7555
 211.000       0.8568
 212.000       0.9178
 213.000       0.8660
 214.000       0.8232
 215.000       0.8467
 216.000       0.8479
 217.000       0.7696
 218.000       0.7071
 219.000       0.7708
 220.000       0.7611
 221.000       0.6815
 222.000       0.6464
 223.000       0.7003
 224.000       0.6695
 225.000       0.6160
 226.000       0.6501
 227.000       0.6689
 228.000       0.6367
 229.000       0.6771
 230.000       0.7333
 231.000       0.7339
 232.000       0.7433
 233.000       0.8450
 234.000       0.8810
 235.000       0.8361
 236.000       0.8784
 237.000       0.7803
 238.000       0.8929
 239.000       0.6959
 240.000       0.6478
 241.000       0.5438
 242.000       0.4800
 243.000       0.4605
 244.000       0.4957
 245.000       0.5433
 246.000       0.6112
 247.000       0.5748
 248.000       0.5728
 249.000       0.6909
 250.000       0.9710
 251.000       0.9511
 252.000       1.0055
 253.000       1.1015
 254.000       1.0013
 255.000       1.1329
 256.000       0.9100
 257.000       0.7833
 258.000       0.6577
 259.000       0.7246
 260.000       0.7662
 261.000       0.7095
 262.000       0.6661
 263.000       0.7723
 264.000       0.8236
 265.000       0.7578
 266.000       0.6810
 267.000       0.7648
 268.000       0.7408
 269.000       0.6585
 270.000       0.7540
 271.000       0.8196
 272.000       0.7409
 273.000       0.6886
 274.000       0.8069
 275.000       0.9403
 276.000       1.0297
 277.000       0.9622
 278.000       0.9571
 279.000       0.6926
 280.000       0.5862
 281.000       0.4898
 282.000       0.4336
 283.000       0.4357
 284.000       0.4460
 285.000       0.4768
 286.000       0.6106
 287.000       0.5621
 288.000       0.5479
 289.000       0.5151
 290.000       0.5037
 291.000       0.5256
 292.000       0.5667
 293.000       0.5565
 294.000       0.5270
 295.000       0.4490
 296.000       0.4259
 297.000       0.4132
 298.000       0.3968
 299.000       0.3893
 300.000       0.3891
 301.000       0.4305
 302.000       0.5121
 303.000       0.5964
 304.000       0.6205
 305.000       0.7470
 306.000       0.8133
 307.000       0.9313
 308.000       0.9257
 309.000       0.9109
 310.000       0.9753
 311.000       1.2615
 312.000       1.8639
 313.000       2.4388
 314.000       1.9295
 315.000       1.5912
 316.000       2.0756
 317.000       1.7633
 318.000       1.6270
 319.000       1.3097
 320.000       1.1463
 321.000       1.0919
 322.000       0.9511
 323.000       0.7659
 324.000       0.6401
 325.000       0.5494
 326.000       0.4708
 327.000       0.4051
 328.000       0.3986
 329.000       0.3974
 330.000       0.3999
 331.000       0.4094
 332.000       0.3997
 333.000       0.4168
 334.000       0.4462
 335.000       0.4480
 336.000       0.4384
 337.000       0.4660
 338.000       0.5581
 339.000       0.5843
 340.000       0.5860
 341.000       0.6368
 342.000       0.8237
 343.000       0.9814
 344.000       1.0350
 345.000       1.1090
 346.000       0.8340
 347.000       0.8140
 348.000       0.6127
 349.000       0.5893
 350.000       0.6779
 351.000       0.7213
 352.000       0.8480
 353.000       1.0306
 354.000       1.3928
 355.000       1.5090
 356.000       1.7528
 357.000       1.4684
 358.000       1.1122
 359.000       1.0016
 360.000       0.8878
 361.000       0.7786
 362.000       0.7446
 363.000       0.6222
 364.000       0.5235
 365.000       0.4458
 366.000       0.4143
 367.000       0.3996
 368.000       0.3856
 369.000       0.3909
 370.000       0.4251
 371.000       0.4600
 372.000       0.4966
 373.000       0.4535
 374.000       0.4345
 375.000       0.4812
 376.000       0.4815
 377.000       0.5499
 378.000       0.6518
 379.000       0.7055
 380.000       0.7149
 381.000       0.8072
 382.000       0.7686
 383.000       0.7958
 384.000       0.8539
 385.000       0.6489
 386.000       0.5986
 387.000       0.5512
 388.000       0.5591
 389.000       0.4686
 390.000       0.4710
 391.000       0.4617
 392.000       0.4412
 393.000       0.4400
 394.000       0.4991
 395.000       0.5440
 396.000       0.5104
 397.000       0.5564
 398.000       0.4788
 399.000       0.4868
 400.000       0.5088
 401.000       0.5780
 402.000       0.6209
 403.000       0.5621
 404.000       0.4942
 405.000       0.4839
 406.000       0.5116
 407.000       0.4420
 408.000       0.4084
 409.000       0.4531
 410.000       0.4860
 411.000       0.6021
 412.000       0.6444
 413.000       0.5957
 414.000       0.5792
 415.000       0.5428
 416.000       0.5148
 417.000       0.5346
 418.000       0.5279
 419.000       0.5799
 420.000       0.7126
 421.000       0.7735
 422.000       0.7611
 423.000       0.6648
 424.000       0.6695
 425.000       0.7152
 426.000       0.6821
 427.000       0.6895
 428.000       0.8562
 429.000       0.9170
 430.000       0.9731
 431.000       1.4616
 432.000       1.5677
 433.000       2.6139
 434.000       1.8652
 435.000       1.3741
 436.000       1.2966
 437.000       1.2427
 438.000       1.0157
 439.000       0.9682
 440.000       1.0735
 441.000       1.0149
 442.000       0.9140
 443.000       1.0708
 444.000       1.1525
 445.000       1.1007
 446.000       1.3316
 447.000       1.5506
 448.000       1.3513
 449.000       0.9972
 450.000       0.8557
 451.000       0.8796
 452.000       0.8693
 453.000       0.8365
 454.000       0.8681
 455.000       0.9565
 456.000       1.5924
 457.000       1.9614
 458.000       2.0351
 459.000       1.3652
 460.000       1.0741
 461.000       0.9071
 462.000       0.9227
 463.000       0.8837
 464.000       0.8212
 465.000       0.8143
 466.000       0.7262
 467.000       0.7631
 468.000       0.7598
 469.000       0.7836
 470.000       0.9314
 471.000       1.0107
 472.000       1.1003
 473.000       1.2778
 474.000       1.4149
 475.000       1.0148
 476.000       0.9596
 477.000       0.8711
 478.000       0.6656
 479.000       0.5810
 480.000       0.5232
 481.000       0.4885
 482.000       0.5006
 483.000       0.5320
 484.000       0.5439
 485.000       0.5453
 486.000       0.5671
 487.000       0.6028
 488.000       0.5533
 489.000       0.5239
 490.000       0.5443
 491.000       0.5644
 492.000       0.5172
 493.000       0.5267
 494.000       0.5604
 495.000       0.5401
 496.000       0.5285
 497.000       0.6495
 498.000       0.7132
 499.000       0.6560
 500.000       0.6245
 501.000       0.7985
 502.000       0.6585
 503.000       0.5638
 504.000       0.5232
 505.000       0.5149
 506.000       0.4687
 507.000       0.4245
 508.000       0.4207
 509.000       0.3984
 510.000       0.3979
 511.000       0.3975
 512.000       0.4252
 513.000       0.4694
 514.000       0.5370
 515.000       0.5552
 516.000       0.5513
 517.000       0.5532
 518.000       0.5570
 519.000       0.5727
 520.000       0.5633
 521.000       0.5561
 522.000       0.5962
 523.000       0.6331
 524.000       0.6460
 525.000       0.6992
 526.000       0.6297
 527.000       0.5256
 528.000       0.4288
 529.000       0.3853
 530.000       0.4034
 531.000       0.4149
 532.000       0.4462
 533.000       0.5055
 534.000       0.5213
 535.000       0.4617
 536.000       0.4901
 537.000       0.5591
 538.000       0.5531
 539.000       0.5474
 540.000       0.6289
 541.000       0.7012
 542.000       0.6992
 543.000       0.7388
 544.000       0.6433
 545.000       0.6933
 546.000       0.7172
 547.000       0.7484
 548.000       0.5685
 549.000       0.4851
 550.000       0.4137
 551.000       0.4213
 552.000       0.4223
 553.000       0.4097
 554.000       0.4378
 555.000       0.4395
 556.000       0.4123
 557.000       0.4477
 558.000       0.4913
 559.000       0.5097
 560.000       0.5107
 561.000       0.5088
 562.000       0.5796
 563.000       0.6296
 564.000       0.6244
 565.000       0.6703
 566.000       0.7643
 567.000       0.7569
 568.000       0.7030
 569.000       0.5819
 570.000       0.5733
 571.000       0.4715
 572.000       0.4186
 573.000       0.3916
 574.000       0.4133
 575.000       0.4748
 576.000       0.5208
 577.000       0.5701
 578.000       0.5397
 579.000       0.4872
 580.000       0.5328
 581.000       0.6099
 582.000       0.5688
 583.000       0.5653
 584.000       0.7047
 585.000       0.7828
 586.000       0.6425
 587.000       0.6532
 588.000       1.1779
 589.000       0.7326
 590.000       0.5673
 591.000       0.4943
 592.000       0.4641
 593.000       0.4365
 594.000       0.4378
 595.000       0.4412
 596.000       0.5026
 597.000       0.6282
 598.000       0.6187
 599.000       0.6713
 600.000       0.6533
 601.000       0.7658
 602.000       0.7869
 603.000       0.7244
 604.000       0.7479
 605.000       0.7747
 606.000       0.6890
 607.000       0.5377
 608.000       0.5373
 609.000       0.5445
 610.000       0.4519
 611.000       0.4633
 612.000       0.5414
 613.000       0.5586
 614.000       0.6927
 615.000       0.8717
 616.000       1.0989
 617.000       0.8896
 618.000       0.7130
 619.000       0.7459
 620.000       0.7428
 621.000       0.6503
 622.000       0.6542
 623.000       0.7126
 624.000       0.6948
 625.000       0.6599
 626.000       0.7375
 627.000       0.7889
 628.000       0.7558
 629.000       0.7766
 630.000       0.6615
 631.000       0.6111
 632.000       0.5769
 633.000       0.5297
 634.000       0.5119
 635.000       0.4654
 636.000       0.4394
 637.000       0.4518
 638.000       0.4825
 639.000       0.5517
 640.000       0.5738
 641.000       0.6132
 642.000       0.7679
 643.000       0.7622
 644.000       0.8416
 645.000       0.7718
 646.000       0.8529
 647.000       0.8749
 648.000       0.7986
 649.000       0.7675
 650.000       0.7291
 651.000       0.7076
 652.000       0.6500
 653.000       0.6438
 654.000       0.7033
 655.000       0.6777
 656.000       0.6453
 657.000       0.6851
 658.000       0.7207
 659.000       0.6880
 660.000       0.7476
 661.000       0.8201
 662.000       0.8504
 663.000       0.8536
 664.000       0.9569
 665.000       0.9927
 666.000       0.9122
 667.000       0.9033
 668.000       0.8322
 669.000       1.0741
 670.000       0.7116
 671.000       0.6422
 672.000       0.5699
 673.000       0.4788
 674.000       0.4299
 675.000       0.4640
 676.000       0.4686
 677.000       0.6606
 678.000       0.9598
 679.000       0.7469
 680.000       0.7783
 681.000       0.8892
 682.000       0.8424
 683.000       0.9447
 684.000       1.0729
 685.000       1.0113
 686.000       1.1290
 687.000       0.9488
 688.000       0.8368
 689.000       0.7676
 690.000       0.7726
 691.000       0.7936
 692.000       0.7258
 693.000       0.6758
 694.000       0.7252
 695.000       0.7093
 696.000       0.6553
 697.000       0.6430
 698.000       0.7280
 699.000       0.7180
 700.000       0.7100
 701.000       0.8337
 702.000       0.8340
 703.000       0.7406
 704.000       0.7353
 705.000       0.8977
 706.000       1.1204
 707.000       1.2067
 708.000       1.0509
 709.000       0.9837
 710.000       0.7139
 711.000       0.5934
 712.000       0.4905
 713.000       0.4522
 714.000       0.4204
 715.000       0.4290
 716.000       0.4768
 717.000       0.5329
 718.000       0.4453
 719.000       0.4297
 720.000       0.5521
 721.000       0.5370
 722.000       0.6371
 723.000       0.7543
 724.000       0.5939
 725.000       0.5535
 726.000       0.5393
 727.000       0.4758
 728.000       0.4591
 729.000       0.4360
 730.000       0.4307
 731.000       0.4262
 732.000       0.4560
 733.000       0.4922
 734.000       0.5736
 735.000       0.6141
 736.000       0.7239
 737.000       0.8345
 738.000       0.9840
 739.000       0.8928
 740.000       1.0011
 741.000       1.1197
 742.000       1.4413
 743.000       1.5957
 744.000       1.7075
 745.000       1.5016
 746.000       1.2350
 747.000       1.0337
 748.000       1.1114
 749.000       1.1047
 750.000       0.9507
 751.000       0.9730
 752.000       1.0808
 753.000       0.9537
 754.000       0.8542
 755.000       0.7070
 756.000       0.6390
 757.000       0.5658
 758.000       0.4393
 759.000       0.4268
 760.000       0.4134
 761.000       0.4293
 762.000       0.4302
 763.000       0.4462
 764.000       0.4864
 765.000       0.5087
 766.000       0.5028
 767.000       0.4685
 768.000       0.4758
 769.000       0.4835
 770.000       0.5218
 771.000       0.5218
 772.000       0.5008
 773.000       0.5632
 774.000       0.6968
 775.000       0.7698
 776.000       0.9673
 777.000       0.8849
 778.000       0.8196
 779.000       0.7163
 780.000       0.7750
 781.000       0.9255
 782.000       0.7425
 783.000       0.8851
 784.000       1.2645
 785.000       1.3325
 786.000       1.5854
 787.000       2.0196
 788.000       1.6197
 789.000       1.2196
 790.000       1.0980
 791.000       0.9848
 792.000       0.8856
 793.000       0.8468
 794.000       0.7464
 795.000       0.6675
 796.000       0.5472
 797.000       0.4779
 798.000       0.4639
 799.000       0.4536
 800.000       0.4805
 801.000       0.5745
 802.000       0.5941
 803.000       0.5990
 804.000       0.5386
 805.000       0.4668
 806.000       0.5258
 807.000       0.5840
 808.000       0.6516
 809.000       0.7804
 810.000       0.7977
 811.000       0.7919
 812.000       0.8319
 813.000       0.8012
 814.000       0.8144
 815.000       0.7756
 816.000       0.6624
 817.000       0.6341
 818.000       0.5792
 819.000       0.5441
 820.000       0.5018
 821.000       0.4914
 822.000       0.4968
 823.000       0.5053
 824.000       0.5279
 825.000       0.8289
 826.000       0.9238
 827.000       0.7321
 828.000       0.7710
 829.000       0.5389
 830.000       0.4492
 831.000       0.5064
 832.000       0.5423
 833.000       0.5847
 834.000       0.5497
 835.000       0.7700
 836.000       0.7273
 837.000       0.6140
 838.000       0.6626
 839.000       1.3454
 840.000       1.8317
 841.000       1.2428
 842.000       0.8599
 843.000       0.7670
 844.000       0.7092
 845.000       0.6321
 846.000       0.5682
 847.000       0.5365
 848.000       0.5628
 849.000       0.5882
 850.000       0.6650
 851.000       0.8359
 852.000       0.8527
 853.000       0.8187
 854.000       0.7289
 855.000       0.6835
 856.000       0.7415
 857.000       0.7547
 858.000       0.7329
 859.000       0.9007
 860.000       1.0116
 861.000       1.2157
 862.000       1.6812
 863.000       1.8365
