#Res        AtomicFlx
   1.000       1.6521
   2.000       1.3632
   3.000       1.2113
   4.000       1.0157
   5.000       1.1997
   6.000       1.2334
   7.000       0.9812
   8.000       0.9035
   9.000       0.9484
  10.000       0.8817
  11.000       0.8430
  12.000       0.9404
  13.000       0.9949
  14.000       0.9408
  15.000       1.0051
  16.000       1.2223
  17.000       1.3855
  18.000       1.2427
  19.000       1.0007
  20.000       0.9380
  21.000       0.8119
  22.000       0.7957
  23.000       0.7472
  24.000       0.7888
  25.000       0.9409
  26.000       1.1299
  27.000       1.2673
  28.000       1.0027
  29.000       0.8613
  30.000       0.7890
  31.000       0.8483
  32.000       0.7807
  33.000       0.7361
  34.000       0.7838
  35.000       0.7760
  36.000       0.7758
  37.000       0.8062
  38.000       0.8088
  39.000       0.8827
  40.000       0.9715
  41.000       0.9682
  42.000       0.9230
  43.000       1.0591
  44.000       0.8762
  45.000       0.7469
  46.000       0.6752
  47.000       0.6086
  48.000       0.6260
  49.000       0.5921
  50.000       0.6073
  51.000       0.6342
  52.000       0.6469
  53.000       0.5882
  54.000       0.5487
  55.000       0.5171
  56.000       0.5792
  57.000       0.6033
  58.000       0.5925
  59.000       0.6234
  60.000       0.6936
  61.000       0.6497
  62.000       0.6294
  63.000       0.6952
  64.000       0.6713
  65.000       0.6334
  66.000       0.7148
  67.000       0.7951
  68.000       0.7412
  69.000       0.7187
  70.000       0.8238
  71.000       0.6861
  72.000       0.5940
  73.000       0.5531
  74.000       0.5261
  75.000       0.5021
  76.000       0.4664
  77.000       0.4569
  78.000       0.4511
  79.000       0.4838
  80.000       0.4701
  81.000       0.4803
  82.000       0.5044
  83.000       0.5882
  84.000       0.5830
  85.000       0.5269
  86.000       0.5057
  87.000       0.5043
  88.000       0.5341
  89.000       0.5145
  90.000       0.5234
  91.000       0.6047
  92.000       0.7319
  93.000       0.7599
  94.000       0.7203
  95.000       0.6002
  96.000       0.5041
  97.000       0.4740
  98.000       0.4482
  99.000       0.4818
 100.000       0.5539
 101.000       0.6035
 102.000       0.6970
 103.000       0.6789
 104.000       0.5723
 105.000       0.6277
 106.000       0.7002
 107.000       0.6596
 108.000       0.7164
 109.000       0.8510
 110.000       0.8781
 111.000       0.9563
 112.000       1.1225
 113.000       0.8839
 114.000       0.8716
 115.000       0.9299
 116.000       0.9387
 117.000       0.7014
 118.000       0.5739
 119.000       0.5129
 120.000       0.5172
 121.000       0.5158
 122.000       0.5328
 123.000       0.5816
 124.000       0.7542
 125.000       0.6105
 126.000       0.5955
 127.000       0.6440
 128.000       0.7399
 129.000       0.6878
 130.000       0.6654
 131.000       0.7350
 132.000       0.7644
 133.000       0.7492
 134.000       0.8043
 135.000       0.8612
 136.000       0.8471
 137.000       0.7931
 138.000       0.6872
 139.000       0.6608
 140.000       0.5943
 141.000       0.5418
 142.000       0.5220
 143.000       0.5333
 144.000       0.5703
 145.000       0.6919
 146.000       0.7446
 147.000       0.6138
 148.000       0.5830
 149.000       0.6639
 150.000       0.7194
 151.000       0.6620
 152.000       0.6463
 153.000       0.7609
 154.000       0.8138
 155.000       0.7478
 156.000       0.7296
 157.000       0.9012
 158.000       0.7856
 159.000       0.7127
 160.000       0.6558
 161.000       0.5906
 162.000       0.5327
 163.000       0.5194
 164.000       0.5354
 165.000       0.5818
 166.000       0.6671
 167.000       0.7791
 168.000       0.8942
 169.000       0.8649
 170.000       1.0784
 171.000       1.1395
 172.000       0.9543
 173.000       0.9604
 174.000       0.9353
 175.000       0.8433
 176.000       0.6431
 177.000       0.6574
 178.000       0.6536
 179.000       0.5443
 180.000       0.5537
 181.000       0.5869
 182.000       0.7523
 183.000       0.6999
 184.000       0.6717
 185.000       0.7055
 186.000       0.6807
 187.000       0.6613
 188.000       0.7846
 189.000       0.7722
 190.000       0.6371
 191.000       0.6611
 192.000       0.7575
 193.000       0.7261
 194.000       0.7009
 195.000       0.8081
 196.000       0.8854
 197.000       0.8813
 198.000       0.8994
 199.000       0.7622
 200.000       0.7402
 201.000       0.6991
 202.000       0.6286
 203.000       0.5864
 204.000       0.5325
 205.000       0.5060
 206.000       0.5191
 207.000       0.5868
 208.000       0.6089
 209.000       0.6240
 210.000       0.6692
 211.000       0.7367
 212.000       0.7417
 213.000       0.7783
 214.000       0.8832
 215.000       0.8656
 216.000       0.8774
 217.000       0.7945
 218.000       0.6799
 219.000       0.7728
 220.000       0.8006
 221.000       0.7037
 222.000       0.6669
 223.000       0.6826
 224.000       0.6561
 225.000       0.6237
 226.000       0.6526
 227.000       0.6728
 228.000       0.6433
 229.000       0.6988
 230.000       0.7665
 231.000       0.7768
 232.000       0.8239
 233.000       0.9167
 234.000       0.9286
 235.000       0.9238
 236.000       0.9574
 237.000       0.8926
 238.000       1.0386
 239.000       0.7917
 240.000       0.6862
 241.000       0.6068
 242.000       0.5403
 243.000       0.5092
 244.000       0.5428
 245.000       0.6450
 246.000       0.8163
 247.000       0.7887
 248.000       0.5412
 249.000       0.6046
 250.000       0.8136
 251.000       1.1438
 252.000       1.2891
 253.000       1.2593
 254.000       1.1301
 255.000       1.4053
 256.000       1.1320
 257.000       0.9445
 258.000       0.8083
 259.000       0.8536
 260.000       0.8951
 261.000       0.8195
 262.000       0.7526
 263.000       0.8396
 264.000       0.9082
 265.000       0.8553
 266.000       0.8291
 267.000       0.8785
 268.000       0.8315
 269.000       0.7828
 270.000       0.8861
 271.000       0.9404
 272.000       0.8168
 273.000       0.7722
 274.000       0.9102
 275.000       1.0420
 276.000       1.1436
 277.000       1.0712
 278.000       1.0079
 279.000       0.7649
 280.000       0.6467
 281.000       0.5708
 282.000       0.5172
 283.000       0.5236
 284.000       0.5602
 285.000       0.6312
 286.000       0.8530
 287.000       0.6026
 288.000       0.5632
 289.000       0.6092
 290.000       0.5142
 291.000       0.5979
 292.000       0.8768
 293.000       0.7035
 294.000       0.7267
 295.000       0.7166
 296.000       0.6566
 297.000       0.6280
 298.000       0.5173
 299.000       0.4721
 300.000       0.4390
 301.000       0.4343
 302.000       0.4286
 303.000       0.4578
 304.000       0.4984
 305.000       0.6678
 306.000       0.7567
 307.000       0.8813
 308.000       0.8627
 309.000       0.8473
 310.000       0.9275
 311.000       1.0469
 312.000       1.2333
 313.000       1.3406
 314.000       1.2870
 315.000       1.2863
 316.000       1.3885
 317.000       1.2791
 318.000       1.1670
 319.000       1.1321
 320.000       0.9759
 321.000       0.9654
 322.000       0.9006
 323.000       0.7919
 324.000       0.6201
 325.000       0.4968
 326.000       0.4610
 327.000       0.4081
 328.000       0.4334
 329.000       0.4351
 330.000       0.4313
 331.000       0.4350
 332.000       0.4244
 333.000       0.4507
 334.000       0.4871
 335.000       0.4947
 336.000       0.4685
 337.000       0.4827
 338.000       0.5573
 339.000       0.5625
 340.000       0.6258
 341.000       0.7196
 342.000       0.9186
 343.000       0.9503
 344.000       0.8392
 345.000       0.9217
 346.000       0.7524
 347.000       0.8257
 348.000       0.7340
 349.000       0.7333
 350.000       0.7493
 351.000       0.8584
 352.000       0.9634
 353.000       1.1866
 354.000       1.6081
 355.000       1.5775
 356.000       1.7004
 357.000       1.5295
 358.000       1.1645
 359.000       0.9830
 360.000       0.8601
 361.000       0.7438
 362.000       0.7253
 363.000       0.5895
 364.000       0.5289
 365.000       0.4821
 366.000       0.4342
 367.000       0.4203
 368.000       0.3951
 369.000       0.3985
 370.000       0.4412
 371.000       0.4952
 372.000       0.5230
 373.000       0.4808
 374.000       0.4363
 375.000       0.4921
 376.000       0.5141
 377.000       0.5705
 378.000       0.6444
 379.000       0.6852
 380.000       0.6966
 381.000       0.7414
 382.000       0.7226
 383.000       0.7234
 384.000       0.7905
 385.000       0.6648
 386.000       0.6152
 387.000       0.5294
 388.000       0.5424
 389.000       0.5340
 390.000       0.5526
 391.000       0.6033
 392.000       0.6182
 393.000       0.6426
 394.000       0.7137
 395.000       0.6712
 396.000       0.6307
 397.000       0.6386
 398.000       0.5233
 399.000       0.5070
 400.000       0.5349
 401.000       0.5298
 402.000       0.5541
 403.000       0.5461
 404.000       0.4822
 405.000       0.5137
 406.000       0.5712
 407.000       0.4864
 408.000       0.4403
 409.000       0.4970
 410.000       0.5328
 411.000       0.6249
 412.000       0.6185
 413.000       0.6035
 414.000       0.6301
 415.000       0.6417
 416.000       0.6524
 417.000       0.6451
 418.000       0.6007
 419.000       0.6098
 420.000       0.6967
 421.000       0.7153
 422.000       0.7395
 423.000       0.6727
 424.000       0.6503
 425.000       0.7338
 426.000       0.7444
 427.000       0.7453
 428.000       0.9186
 429.000       1.0081
 430.000       1.0730
 431.000       1.3937
 432.000       2.1422
 433.000       4.4941
 434.000       2.7028
 435.000       1.4750
 436.000       1.4389
 437.000       1.3314
 438.000       1.0359
 439.000       0.9839
 440.000       1.0208
 441.000       0.9698
 442.000       0.9103
 443.000       1.1375
 444.000       1.1668
 445.000       1.0100
 446.000       1.2230
 447.000       1.8694
 448.000       1.5719
 449.000       1.1149
 450.000       0.9167
 451.000       0.8869
 452.000       0.8548
 453.000       0.8722
 454.000       0.9450
 455.000       1.0159
 456.000       1.4115
 457.000       1.7135
 458.000       1.8374
 459.000       1.4616
 460.000       1.3228
 461.000       1.3132
 462.000       1.2658
 463.000       1.0640
 464.000       0.9375
 465.000       0.9086
 466.000       0.8961
 467.000       0.8998
 468.000       0.8884
 469.000       0.9065
 470.000       1.0136
 471.000       1.0616
 472.000       1.3112
 473.000       1.4881
 474.000       1.6739
 475.000       1.3819
 476.000       1.1471
 477.000       1.1776
 478.000       0.7901
 479.000       0.7617
 480.000       0.6666
 481.000       0.6046
 482.000       0.6310
 483.000       0.6578
 484.000       0.6703
 485.000       0.6568
 486.000       0.6529
 487.000       0.6800
 488.000       0.6367
 489.000       0.5825
 490.000       0.6261
 491.000       0.6402
 492.000       0.6040
 493.000       0.6451
 494.000       0.6294
 495.000       0.6094
 496.000       0.6118
 497.000       0.7832
 498.000       1.0480
 499.000       1.0916
 500.000       0.9333
 501.000       1.0330
 502.000       0.7983
 503.000       0.6279
 504.000       0.5615
 505.000       0.5519
 506.000       0.5160
 507.000       0.4538
 508.000       0.4478
 509.000       0.4632
 510.000       0.4504
 511.000       0.4521
 512.000       0.4819
 513.000       0.5203
 514.000       0.6221
 515.000       0.6450
 516.000       0.6338
 517.000       0.6234
 518.000       0.6164
 519.000       0.6424
 520.000       0.6462
 521.000       0.6515
 522.000       0.7123
 523.000       0.8513
 524.000       0.8152
 525.000       0.7248
 526.000       0.5865
 527.000       0.5526
 528.000       0.4898
 529.000       0.4183
 530.000       0.4511
 531.000       0.4464
 532.000       0.4779
 533.000       0.5389
 534.000       0.5708
 535.000       0.5106
 536.000       0.5271
 537.000       0.6124
 538.000       0.6130
 539.000       0.6001
 540.000       0.7334
 541.000       0.8192
 542.000       0.7902
 543.000       0.8448
 544.000       0.7116
 545.000       0.7090
 546.000       0.6880
 547.000       0.7423
 548.000       0.6291
 549.000       0.5362
 550.000       0.4808
 551.000       0.4304
 552.000       0.4060
 553.000       0.3825
 554.000       0.3865
 555.000       0.3983
 556.000       0.4161
 557.000       0.4543
 558.000       0.5163
 559.000       0.5801
 560.000       0.5506
 561.000       0.5422
 562.000       0.6429
 563.000       0.6919
 564.000       0.6848
 565.000       0.7428
 566.000       0.8080
 567.000       0.7919
 568.000       0.7657
 569.000       0.6263
 570.000       0.6193
 571.000       0.5222
 572.000       0.4236
 573.000       0.3767
 574.000       0.3869
 575.000       0.4039
 576.000       0.4284
 577.000       0.4499
 578.000       0.4408
 579.000       0.4196
 580.000       0.5161
 581.000       0.5838
 582.000       0.5166
 583.000       0.5334
 584.000       0.6570
 585.000       0.7532
 586.000       0.6548
 587.000       0.6194
 588.000       0.7138
 589.000       0.7024
 590.000       0.6109
 591.000       0.5574
 592.000       0.5001
 593.000       0.4705
 594.000       0.4375
 595.000       0.4239
 596.000       0.4954
 597.000       0.6154
 598.000       0.6228
 599.000       0.7065
 600.000       0.6742
 601.000       0.8265
 602.000       0.8557
 603.000       0.7445
 604.000       0.7316
 605.000       0.7053
 606.000       0.6677
 607.000       0.5482
 608.000       0.5268
 609.000       0.5280
 610.000       0.4445
 611.000       0.4398
 612.000       0.5161
 613.000       0.5488
 614.000       0.6310
 615.000       0.7521
 616.000       0.8504
 617.000       0.7180
 618.000       0.6403
 619.000       0.7074
 620.000       0.6831
 621.000       0.5782
 622.000       0.6055
 623.000       0.6753
 624.000       0.6436
 625.000       0.6492
 626.000       0.7615
 627.000       0.8113
 628.000       0.7877
 629.000       0.8178
 630.000       0.6822
 631.000       0.6411
 632.000       0.5982
 633.000       0.5549
 634.000       0.5585
 635.000       0.4715
 636.000       0.4183
 637.000       0.4407
 638.000       0.4868
 639.000       0.5960
 640.000       0.6010
 641.000       0.6300
 642.000       0.8298
 643.000       0.9109
 644.000       1.3712
 645.000       1.0414
 646.000       0.9415
 647.000       0.8893
 648.000       0.7958
 649.000       0.7023
 650.000       0.7630
 651.000       0.7582
 652.000       0.6492
 653.000       0.6473
 654.000       0.7097
 655.000       0.6584
 656.000       0.6183
 657.000       0.6896
 658.000       0.7253
 659.000       0.6687
 660.000       0.7250
 661.000       0.8158
 662.000       0.8683
 663.000       0.8952
 664.000       1.0355
 665.000       1.0347
 666.000       0.9506
 667.000       1.0328
 668.000       0.9927
 669.000       1.1213
 670.000       0.8354
 671.000       0.7579
 672.000       0.6196
 673.000       0.5254
 674.000       0.4370
 675.000       0.4691
 676.000       0.4835
 677.000       0.6489
 678.000       0.7081
 679.000       0.5807
 680.000       0.6201
 681.000       0.7094
 682.000       0.8538
 683.000       1.0817
 684.000       1.3848
 685.000       1.5479
 686.000       2.1672
 687.000       1.7648
 688.000       1.4545
 689.000       1.2699
 690.000       1.2966
 691.000       1.2930
 692.000       1.0363
 693.000       0.9237
 694.000       1.0217
 695.000       0.9366
 696.000       0.8355
 697.000       0.8431
 698.000       0.9252
 699.000       0.8553
 700.000       0.7879
 701.000       0.8964
 702.000       0.9325
 703.000       0.8341
 704.000       0.8069
 705.000       0.9416
 706.000       1.0939
 707.000       1.1835
 708.000       1.1349
 709.000       1.0890
 710.000       0.8233
 711.000       0.7004
 712.000       0.5862
 713.000       0.4772
 714.000       0.4355
 715.000       0.4498
 716.000       0.5116
 717.000       0.5558
 718.000       0.5333
 719.000       0.5398
 720.000       0.7782
 721.000       0.7675
 722.000       0.8177
 723.000       0.7629
 724.000       0.6644
 725.000       0.6560
 726.000       0.5927
 727.000       0.5361
 728.000       0.5536
 729.000       0.5706
 730.000       0.5693
 731.000       0.5404
 732.000       0.5121
 733.000       0.5862
 734.000       0.6632
 735.000       0.6321
 736.000       0.6656
 737.000       0.8183
 738.000       1.0927
 739.000       1.3083
 740.000       1.3835
 741.000       1.6566
 742.000       2.1880
 743.000       2.4019
 744.000       2.6809
 745.000       2.3476
 746.000       1.8134
 747.000       1.3876
 748.000       1.6456
 749.000       1.6292
 750.000       1.2398
 751.000       1.2042
 752.000       1.3929
 753.000       1.1648
 754.000       0.9539
 755.000       0.7246
 756.000       0.6510
 757.000       0.5407
 758.000       0.4970
 759.000       0.5506
 760.000       0.5633
 761.000       0.5402
 762.000       0.5299
 763.000       0.5650
 764.000       0.6573
 765.000       0.5838
 766.000       0.5800
 767.000       0.5493
 768.000       0.5519
 769.000       0.6054
 770.000       0.6756
 771.000       0.6556
 772.000       0.6545
 773.000       0.7290
 774.000       0.8889
 775.000       0.8772
 776.000       0.8306
 777.000       0.8891
 778.000       1.3005
 779.000       1.1974
 780.000       1.1090
 781.000       1.3644
 782.000       1.1895
 783.000       1.4555
 784.000       1.7479
 785.000       2.1069
 786.000       1.9700
 787.000       2.0093
 788.000       1.9137
 789.000       1.6349
 790.000       1.4647
 791.000       1.1989
 792.000       0.9984
 793.000       0.8838
 794.000       0.7390
 795.000       0.6976
 796.000       0.5833
 797.000       0.5574
 798.000       0.5461
 799.000       0.5360
 800.000       0.5383
 801.000       0.6552
 802.000       0.6790
 803.000       0.6429
 804.000       0.6163
 805.000       0.5403
 806.000       0.5624
 807.000       0.5695
 808.000       0.6922
 809.000       0.7610
 810.000       0.8064
 811.000       0.8528
 812.000       0.9419
 813.000       1.0204
 814.000       1.1816
 815.000       1.1578
 816.000       0.8660
 817.000       0.7737
 818.000       0.6993
 819.000       0.6663
 820.000       0.6292
 821.000       0.6147
 822.000       0.6688
 823.000       0.6060
 824.000       0.5555
 825.000       0.6117
 826.000       0.6433
 827.000       0.7390
 828.000       0.9995
 829.000       0.6512
 830.000       0.4848
 831.000       0.5502
 832.000       0.5215
 833.000       0.5486
 834.000       0.5546
 835.000       0.7613
 836.000       0.6553
 837.000       0.5869
 838.000       0.6309
 839.000       0.9440
 840.000       1.0064
 841.000       1.2294
 842.000       0.9368
 843.000       0.7590
 844.000       0.7389
 845.000       0.7242
 846.000       0.6720
 847.000       0.6675
 848.000       0.7069
 849.000       0.7180
 850.000       0.7224
 851.000       0.8503
 852.000       0.9539
 853.000       0.9455
 854.000       0.8333
 855.000       0.8175
 856.000       0.8671
 857.000       0.8178
 858.000       0.7886
 859.000       0.9474
 860.000       0.9951
 861.000       1.0250
 862.000       1.4783
 863.000       2.4613
