#Res        AtomicFlx
   1.000       3.2863
   2.000       2.2923
   3.000       1.6889
   4.000       1.2620
   5.000       1.3289
   6.000       1.3027
   7.000       1.0521
   8.000       0.9488
   9.000       1.0094
  10.000       0.9993
  11.000       0.9878
  12.000       1.0577
  13.000       1.0157
  14.000       0.9061
  15.000       0.9222
  16.000       1.1051
  17.000       1.0877
  18.000       0.9520
  19.000       0.8166
  20.000       0.7595
  21.000       0.6606
  22.000       0.6567
  23.000       0.7201
  24.000       0.7643
  25.000       0.9624
  26.000       1.1607
  27.000       1.4344
  28.000       0.9447
  29.000       0.7589
  30.000       0.6571
  31.000       0.6807
  32.000       0.6632
  33.000       0.6001
  34.000       0.6045
  35.000       0.6375
  36.000       0.6286
  37.000       0.6115
  38.000       0.6273
  39.000       0.7430
  40.000       0.7779
  41.000       0.7082
  42.000       0.7211
  43.000       0.8338
  44.000       0.7573
  45.000       0.6809
  46.000       0.5764
  47.000       0.5132
  48.000       0.5062
  49.000       0.4524
  50.000       0.4199
  51.000       0.4192
  52.000       0.4408
  53.000       0.4560
  54.000       0.4615
  55.000       0.4771
  56.000       0.4988
  57.000       0.4813
  58.000       0.4853
  59.000       0.5137
  60.000       0.5249
  61.000       0.5123
  62.000       0.5525
  63.000       0.5863
  64.000       0.5339
  65.000       0.5194
  66.000       0.6268
  67.000       0.6881
  68.000       0.6356
  69.000       0.6042
  70.000       0.7375
  71.000       0.6388
  72.000       0.5387
  73.000       0.4871
  74.000       0.4359
  75.000       0.4257
  76.000       0.4055
  77.000       0.4097
  78.000       0.3998
  79.000       0.4068
  80.000       0.3999
  81.000       0.4070
  82.000       0.4359
  83.000       0.4919
  84.000       0.5141
  85.000       0.4806
  86.000       0.4888
  87.000       0.4957
  88.000       0.5172
  89.000       0.5125
  90.000       0.5133
  91.000       0.5798
  92.000       0.7176
  93.000       0.7342
  94.000       0.7183
  95.000       0.5620
  96.000       0.4534
  97.000       0.4184
  98.000       0.3993
  99.000       0.4678
 100.000       0.5452
 101.000       0.5462
 102.000       0.5845
 103.000       0.6410
 104.000       0.5396
 105.000       0.5442
 106.000       0.6322
 107.000       0.5857
 108.000       0.5854
 109.000       0.7448
 110.000       0.7752
 111.000       0.7761
 112.000       0.9029
 113.000       0.6625
 114.000       0.6532
 115.000       0.6859
 116.000       0.7160
 117.000       0.5533
 118.000       0.4785
 119.000       0.4420
 120.000       0.4378
 121.000       0.4358
 122.000       0.4516
 123.000       0.4507
 124.000       0.4360
 125.000       0.4493
 126.000       0.4979
 127.000       0.5385
 128.000       0.5715
 129.000       0.5434
 130.000       0.5360
 131.000       0.5819
 132.000       0.6192
 133.000       0.6388
 134.000       0.6972
 135.000       0.7278
 136.000       0.7224
 137.000       0.6936
 138.000       0.5618
 139.000       0.5205
 140.000       0.4622
 141.000       0.4321
 142.000       0.4101
 143.000       0.3932
 144.000       0.3983
 145.000       0.4769
 146.000       0.5634
 147.000       0.5717
 148.000       0.5104
 149.000       0.5227
 150.000       0.5671
 151.000       0.5172
 152.000       0.5208
 153.000       0.6276
 154.000       0.6946
 155.000       0.6247
 156.000       0.6522
 157.000       1.2556
 158.000       0.7758
 159.000       0.5842
 160.000       0.5027
 161.000       0.4567
 162.000       0.4162
 163.000       0.4044
 164.000       0.4128
 165.000       0.5094
 166.000       0.6428
 167.000       0.6515
 168.000       0.7339
 169.000       0.6487
 170.000       0.7980
 171.000       0.7903
 172.000       0.7243
 173.000       0.7334
 174.000       0.6929
 175.000       0.6128
 176.000       0.5219
 177.000       0.5618
 178.000       0.5658
 179.000       0.4445
 180.000       0.4366
 181.000       0.4810
 182.000       0.5333
 183.000       0.5940
 184.000       0.6530
 185.000       0.6899
 186.000       0.6152
 187.000       0.5861
 188.000       0.6559
 189.000       0.6474
 190.000       0.5602
 191.000       0.5797
 192.000       0.6645
 193.000       0.6220
 194.000       0.6051
 195.000       0.7042
 196.000       0.7398
 197.000       0.7137
 198.000       0.7545
 199.000       0.6451
 200.000       0.5928
 201.000       0.5722
 202.000       0.5135
 203.000       0.4864
 204.000       0.4408
 205.000       0.4165
 206.000       0.4537
 207.000       0.5060
 208.000       0.5322
 209.000       0.5554
 210.000       0.5972
 211.000       0.6846
 212.000       0.7294
 213.000       0.7155
 214.000       0.7407
 215.000       0.8068
 216.000       0.8300
 217.000       0.7229
 218.000       0.6418
 219.000       0.7241
 220.000       0.7525
 221.000       0.6431
 222.000       0.6092
 223.000       0.6589
 224.000       0.6409
 225.000       0.6051
 226.000       0.6486
 227.000       0.6761
 228.000       0.6279
 229.000       0.6730
 230.000       0.7628
 231.000       0.7516
 232.000       0.7690
 233.000       0.9260
 234.000       0.9477
 235.000       0.8615
 236.000       0.8938
 237.000       0.8297
 238.000       0.9311
 239.000       0.6961
 240.000       0.6144
 241.000       0.5308
 242.000       0.4714
 243.000       0.4293
 244.000       0.4887
 245.000       0.5677
 246.000       0.8403
 247.000       0.7247
 248.000       0.5609
 249.000       0.5645
 250.000       0.5844
 251.000       0.6109
 252.000       0.7031
 253.000       0.8314
 254.000       0.8424
 255.000       1.0563
 256.000       0.8298
 257.000       0.7036
 258.000       0.5927
 259.000       0.6434
 260.000       0.6727
 261.000       0.6633
 262.000       0.6511
 263.000       0.7442
 264.000       0.8106
 265.000       0.7246
 266.000       0.7588
 267.000       0.8184
 268.000       0.7601
 269.000       0.7245
 270.000       0.8216
 271.000       0.8586
 272.000       0.7593
 273.000       0.7344
 274.000       0.8609
 275.000       0.9785
 276.000       1.1044
 277.000       1.0136
 278.000       0.9677
 279.000       0.7218
 280.000       0.6025
 281.000       0.4939
 282.000       0.4395
 283.000       0.4317
 284.000       0.4461
 285.000       0.4537
 286.000       0.5204
 287.000       0.4101
 288.000       0.4296
 289.000       0.4216
 290.000       0.4044
 291.000       0.4368
 292.000       0.4935
 293.000       0.4590
 294.000       0.4814
 295.000       0.4567
 296.000       0.4277
 297.000       0.4087
 298.000       0.4002
 299.000       0.3988
 300.000       0.4018
 301.000       0.4306
 302.000       0.4544
 303.000       0.5012
 304.000       0.5154
 305.000       0.7091
 306.000       0.8589
 307.000       1.0081
 308.000       1.0294
 309.000       1.0078
 310.000       1.0015
 311.000       1.1703
 312.000       1.5116
 313.000       1.7955
 314.000       1.4673
 315.000       1.4122
 316.000       1.7292
 317.000       1.4698
 318.000       1.3279
 319.000       1.2229
 320.000       1.0447
 321.000       1.0173
 322.000       0.9573
 323.000       0.7524
 324.000       0.5649
 325.000       0.4959
 326.000       0.4656
 327.000       0.3991
 328.000       0.3943
 329.000       0.3883
 330.000       0.3879
 331.000       0.3853
 332.000       0.3716
 333.000       0.4345
 334.000       0.4692
 335.000       0.4226
 336.000       0.3870
 337.000       0.3903
 338.000       0.4147
 339.000       0.4497
 340.000       0.4617
 341.000       0.4592
 342.000       0.4883
 343.000       0.5821
 344.000       0.6093
 345.000       0.7298
 346.000       0.7286
 347.000       0.7183
 348.000       0.6013
 349.000       0.5651
 350.000       0.6845
 351.000       0.7637
 352.000       0.8273
 353.000       1.0524
 354.000       1.4720
 355.000       1.5590
 356.000       1.7416
 357.000       1.5334
 358.000       1.2114
 359.000       1.0772
 360.000       0.8803
 361.000       0.7360
 362.000       0.6734
 363.000       0.5678
 364.000       0.5001
 365.000       0.4193
 366.000       0.4182
 367.000       0.3937
 368.000       0.3762
 369.000       0.3802
 370.000       0.4286
 371.000       0.4831
 372.000       0.5388
 373.000       0.4769
 374.000       0.4071
 375.000       0.4522
 376.000       0.4436
 377.000       0.5126
 378.000       0.5959
 379.000       0.6360
 380.000       0.6567
 381.000       0.7464
 382.000       0.6854
 383.000       0.7188
 384.000       0.7599
 385.000       0.6195
 386.000       0.6232
 387.000       0.5370
 388.000       0.5052
 389.000       0.4682
 390.000       0.4587
 391.000       0.4594
 392.000       0.4308
 393.000       0.4428
 394.000       0.4914
 395.000       0.4787
 396.000       0.4984
 397.000       0.4880
 398.000       0.4360
 399.000       0.4290
 400.000       0.4145
 401.000       0.4998
 402.000       0.5652
 403.000       0.4874
 404.000       0.4391
 405.000       0.4375
 406.000       0.5122
 407.000       0.4449
 408.000       0.4127
 409.000       0.4837
 410.000       0.5405
 411.000       0.6261
 412.000       0.6242
 413.000       0.5267
 414.000       0.5090
 415.000       0.5052
 416.000       0.4866
 417.000       0.4789
 418.000       0.5023
 419.000       0.6057
 420.000       0.7596
 421.000       0.8831
 422.000       0.9392
 423.000       0.8842
 424.000       0.8918
 425.000       0.9717
 426.000       0.9107
 427.000       0.9177
 428.000       1.2541
 429.000       1.2620
 430.000       1.1531
 431.000       2.2175
 432.000       3.0261
 433.000       3.5050
 434.000       2.8042
 435.000       1.9209
 436.000       1.8069
 437.000       1.7313
 438.000       1.4159
 439.000       1.3014
 440.000       1.4104
 441.000       1.2945
 442.000       1.1897
 443.000       1.3917
 444.000       1.4639
 445.000       1.3539
 446.000       1.5898
 447.000       2.2291
 448.000       1.7620
 449.000       1.3069
 450.000       1.0205
 451.000       1.1317
 452.000       0.8830
 453.000       0.8452
 454.000       0.9413
 455.000       1.0951
 456.000       1.6775
 457.000       1.5067
 458.000       1.5859
 459.000       1.2715
 460.000       1.0833
 461.000       0.8714
 462.000       1.0281
 463.000       0.9842
 464.000       0.7893
 465.000       0.7725
 466.000       0.7375
 467.000       0.6898
 468.000       0.6817
 469.000       0.7138
 470.000       0.8185
 471.000       0.8696
 472.000       0.8380
 473.000       1.0205
 474.000       1.2542
 475.000       0.9966
 476.000       0.7926
 477.000       0.6522
 478.000       0.5998
 479.000       0.5748
 480.000       0.5379
 481.000       0.4746
 482.000       0.4446
 483.000       0.4599
 484.000       0.4979
 485.000       0.5103
 486.000       0.4914
 487.000       0.5154
 488.000       0.4994
 489.000       0.4808
 490.000       0.4996
 491.000       0.5126
 492.000       0.5172
 493.000       0.6095
 494.000       0.6219
 495.000       0.5582
 496.000       0.5919
 497.000       0.8294
 498.000       0.8929
 499.000       0.6965
 500.000       0.6059
 501.000       0.7130
 502.000       0.6152
 503.000       0.5494
 504.000       0.5008
 505.000       0.4854
 506.000       0.4443
 507.000       0.4210
 508.000       0.4143
 509.000       0.4039
 510.000       0.4064
 511.000       0.4007
 512.000       0.4506
 513.000       0.4964
 514.000       0.5010
 515.000       0.5501
 516.000       0.5348
 517.000       0.4783
 518.000       0.4840
 519.000       0.5345
 520.000       0.5400
 521.000       0.5148
 522.000       0.5753
 523.000       0.6704
 524.000       0.6704
 525.000       0.7169
 526.000       0.6030
 527.000       0.5529
 528.000       0.4606
 529.000       0.4025
 530.000       0.4222
 531.000       0.4194
 532.000       0.4529
 533.000       0.5382
 534.000       0.5831
 535.000       0.4922
 536.000       0.5247
 537.000       0.6266
 538.000       0.6063
 539.000       0.5915
 540.000       0.7283
 541.000       0.8287
 542.000       0.8475
 543.000       0.9336
 544.000       0.7990
 545.000       0.7524
 546.000       0.7135
 547.000       0.7338
 548.000       0.6139
 549.000       0.5133
 550.000       0.4362
 551.000       0.4210
 552.000       0.4081
 553.000       0.3843
 554.000       0.3981
 555.000       0.4008
 556.000       0.4074
 557.000       0.4410
 558.000       0.4816
 559.000       0.5073
 560.000       0.4943
 561.000       0.4959
 562.000       0.5619
 563.000       0.6029
 564.000       0.5997
 565.000       0.6491
 566.000       0.7208
 567.000       0.7110
 568.000       0.6514
 569.000       0.5371
 570.000       0.5323
 571.000       0.4572
 572.000       0.4071
 573.000       0.3628
 574.000       0.3804
 575.000       0.4196
 576.000       0.4652
 577.000       0.5022
 578.000       0.4992
 579.000       0.4599
 580.000       0.5387
 581.000       0.6457
 582.000       0.5878
 583.000       0.5692
 584.000       0.7491
 585.000       0.7790
 586.000       0.6411
 587.000       0.5935
 588.000       0.7644
 589.000       0.6716
 590.000       0.5718
 591.000       0.5001
 592.000       0.4381
 593.000       0.4049
 594.000       0.3979
 595.000       0.3934
 596.000       0.4527
 597.000       0.5555
 598.000       0.5785
 599.000       0.6737
 600.000       0.6071
 601.000       0.7389
 602.000       0.8149
 603.000       0.7790
 604.000       0.9268
 605.000       0.7493
 606.000       0.6264
 607.000       0.5107
 608.000       0.5365
 609.000       0.5948
 610.000       0.4604
 611.000       0.4432
 612.000       0.5117
 613.000       0.5435
 614.000       0.6388
 615.000       0.7579
 616.000       0.8595
 617.000       0.6849
 618.000       0.6212
 619.000       0.6914
 620.000       0.6751
 621.000       0.5897
 622.000       0.6083
 623.000       0.6778
 624.000       0.6418
 625.000       0.6321
 626.000       0.7213
 627.000       0.7650
 628.000       0.7464
 629.000       0.7790
 630.000       0.6770
 631.000       0.6155
 632.000       0.5387
 633.000       0.5125
 634.000       0.4804
 635.000       0.4349
 636.000       0.4038
 637.000       0.4203
 638.000       0.4483
 639.000       0.4886
 640.000       0.5824
 641.000       0.7077
 642.000       0.7997
 643.000       0.8258
 644.000       1.0385
 645.000       0.8503
 646.000       0.7296
 647.000       0.7559
 648.000       0.6783
 649.000       0.6249
 650.000       0.6965
 651.000       0.6970
 652.000       0.5996
 653.000       0.5789
 654.000       0.6466
 655.000       0.6261
 656.000       0.5928
 657.000       0.6352
 658.000       0.6780
 659.000       0.6448
 660.000       0.7459
 661.000       0.8474
 662.000       0.8502
 663.000       0.8725
 664.000       1.0375
 665.000       1.0158
 666.000       0.8963
 667.000       0.9320
 668.000       0.8905
 669.000       1.1658
 670.000       0.6832
 671.000       0.5951
 672.000       0.5525
 673.000       0.4602
 674.000       0.4274
 675.000       0.4277
 676.000       0.4840
 677.000       1.1360
 678.000       0.7620
 679.000       0.6691
 680.000       0.6322
 681.000       0.5855
 682.000       0.7569
 683.000       1.2220
 684.000       1.2629
 685.000       1.2414
 686.000       1.6603
 687.000       1.3629
 688.000       1.0734
 689.000       0.7672
 690.000       0.8269
 691.000       0.8649
 692.000       0.7426
 693.000       0.6407
 694.000       0.7120
 695.000       0.7224
 696.000       0.6428
 697.000       0.6174
 698.000       0.6941
 699.000       0.7115
 700.000       0.6630
 701.000       0.7108
 702.000       0.7548
 703.000       0.6767
 704.000       0.6586
 705.000       0.7884
 706.000       0.9153
 707.000       1.0098
 708.000       0.9527
 709.000       0.9337
 710.000       0.6987
 711.000       0.5777
 712.000       0.4789
 713.000       0.4204
 714.000       0.4097
 715.000       0.4310
 716.000       0.4647
 717.000       0.5315
 718.000       0.4691
 719.000       0.4646
 720.000       0.5017
 721.000       0.4547
 722.000       0.4439
 723.000       0.4703
 724.000       0.4961
 725.000       0.4668
 726.000       0.4433
 727.000       0.4625
 728.000       0.4648
 729.000       0.4522
 730.000       0.4473
 731.000       0.4414
 732.000       0.4663
 733.000       0.4737
 734.000       0.4955
 735.000       0.4924
 736.000       0.5648
 737.000       0.6078
 738.000       0.6540
 739.000       0.7875
 740.000       0.9997
 741.000       1.1320
 742.000       1.4648
 743.000       1.8282
 744.000       2.0998
 745.000       1.9330
 746.000       1.5136
 747.000       1.3159
 748.000       1.3790
 749.000       1.2778
 750.000       0.9844
 751.000       0.9704
 752.000       1.0351
 753.000       0.8753
 754.000       0.7311
 755.000       0.5774
 756.000       0.4986
 757.000       0.4636
 758.000       0.4246
 759.000       0.4399
 760.000       0.4379
 761.000       0.4288
 762.000       0.4285
 763.000       0.4144
 764.000       0.4626
 765.000       0.4775
 766.000       0.5100
 767.000       0.4588
 768.000       0.4508
 769.000       0.4578
 770.000       0.4903
 771.000       0.5130
 772.000       0.5213
 773.000       0.6018
 774.000       0.6748
 775.000       0.6496
 776.000       0.7119
 777.000       0.6296
 778.000       0.7813
 779.000       0.7373
 780.000       0.6662
 781.000       0.7187
 782.000       0.9095
 783.000       1.0605
 784.000       1.4034
 785.000       1.6760
 786.000       2.1690
 787.000       2.6606
 788.000       2.6722
 789.000       2.2600
 790.000       1.8683
 791.000       1.2479
 792.000       0.7650
 793.000       0.7396
 794.000       0.6358
 795.000       0.5691
 796.000       0.4647
 797.000       0.4781
 798.000       0.4591
 799.000       0.4481
 800.000       0.4250
 801.000       0.4669
 802.000       0.4792
 803.000       0.5204
 804.000       0.4592
 805.000       0.4106
 806.000       0.4779
 807.000       0.4997
 808.000       0.6169
 809.000       0.6983
 810.000       0.7547
 811.000       0.7489
 812.000       0.7904
 813.000       0.7247
 814.000       0.6946
 815.000       0.7387
 816.000       0.6578
 817.000       0.6464
 818.000       0.5627
 819.000       0.5539
 820.000       0.5205
 821.000       0.5332
 822.000       0.5269
 823.000       0.4859
 824.000       0.4693
 825.000       0.5393
 826.000       0.5029
 827.000       0.5098
 828.000       0.4855
 829.000       0.4340
 830.000       0.4151
 831.000       0.4555
 832.000       0.4822
 833.000       0.5107
 834.000       0.5042
 835.000       0.6665
 836.000       0.5981
 837.000       0.5032
 838.000       0.5934
 839.000       1.4605
 840.000       1.7726
 841.000       1.7376
 842.000       1.1887
 843.000       0.9103
 844.000       0.7497
 845.000       0.6226
 846.000       0.5382
 847.000       0.5062
 848.000       0.5828
 849.000       0.6081
 850.000       0.7617
 851.000       0.9961
 852.000       0.9914
 853.000       0.8854
 854.000       0.7770
 855.000       0.7798
 856.000       0.8322
 857.000       0.7759
 858.000       0.7742
 859.000       1.0245
 860.000       1.0992
 861.000       1.1888
 862.000       1.5939
 863.000       2.7178
