#Res        AtomicFlx
   1.000       2.7317
   2.000       1.9507
   3.000       1.4754
   4.000       1.2121
   5.000       1.2418
   6.000       1.1560
   7.000       0.9819
   8.000       0.9770
   9.000       1.0263
  10.000       0.9137
  11.000       0.8536
  12.000       0.9609
  13.000       0.9987
  14.000       0.8990
  15.000       0.9346
  16.000       1.1059
  17.000       1.2174
  18.000       1.0689
  19.000       0.9205
  20.000       0.8770
  21.000       0.7588
  22.000       0.7361
  23.000       0.8434
  24.000       0.8560
  25.000       1.0513
  26.000       1.3032
  27.000       1.5836
  28.000       1.1035
  29.000       0.9261
  30.000       0.7676
  31.000       0.8152
  32.000       0.8303
  33.000       0.7136
  34.000       0.6405
  35.000       0.6655
  36.000       0.6947
  37.000       0.6562
  38.000       0.6289
  39.000       0.7975
  40.000       0.8556
  41.000       0.7800
  42.000       0.8036
  43.000       0.9623
  44.000       0.8772
  45.000       0.7689
  46.000       0.6443
  47.000       0.5602
  48.000       0.5506
  49.000       0.4705
  50.000       0.4428
  51.000       0.4548
  52.000       0.4687
  53.000       0.4962
  54.000       0.5411
  55.000       0.5975
  56.000       0.6580
  57.000       0.6196
  58.000       0.6158
  59.000       0.6082
  60.000       0.6214
  61.000       0.5749
  62.000       0.5688
  63.000       0.5978
  64.000       0.5479
  65.000       0.5221
  66.000       0.6105
  67.000       0.6810
  68.000       0.6385
  69.000       0.6166
  70.000       0.7320
  71.000       0.6037
  72.000       0.5414
  73.000       0.5215
  74.000       0.4733
  75.000       0.4695
  76.000       0.4529
  77.000       0.4662
  78.000       0.4558
  79.000       0.4879
  80.000       0.4740
  81.000       0.4799
  82.000       0.5331
  83.000       0.6392
  84.000       0.6789
  85.000       0.5908
  86.000       0.5743
  87.000       0.5468
  88.000       0.5540
  89.000       0.5566
  90.000       0.5623
  91.000       0.6035
  92.000       0.7009
  93.000       0.7124
  94.000       0.7025
  95.000       0.5889
  96.000       0.5122
  97.000       0.4858
  98.000       0.4664
  99.000       0.4894
 100.000       0.5300
 101.000       0.5508
 102.000       0.5991
 103.000       0.6419
 104.000       0.5610
 105.000       0.5897
 106.000       0.6744
 107.000       0.6212
 108.000       0.6629
 109.000       0.8200
 110.000       0.8115
 111.000       0.8476
 112.000       0.9769
 113.000       0.7406
 114.000       0.7635
 115.000       0.8098
 116.000       0.8316
 117.000       0.6468
 118.000       0.5451
 119.000       0.4909
 120.000       0.4887
 121.000       0.4743
 122.000       0.4807
 123.000       0.4975
 124.000       0.5352
 125.000       0.5259
 126.000       0.5770
 127.000       0.6669
 128.000       0.6385
 129.000       0.5633
 130.000       0.6134
 131.000       0.6636
 132.000       0.6842
 133.000       0.6979
 134.000       0.7508
 135.000       0.8058
 136.000       0.7849
 137.000       0.7489
 138.000       0.6112
 139.000       0.5815
 140.000       0.5193
 141.000       0.4880
 142.000       0.4425
 143.000       0.4252
 144.000       0.4548
 145.000       0.4783
 146.000       0.5380
 147.000       0.5729
 148.000       0.5441
 149.000       0.6257
 150.000       0.6546
 151.000       0.5730
 152.000       0.5774
 153.000       0.7366
 154.000       0.8269
 155.000       0.7438
 156.000       0.6769
 157.000       1.1312
 158.000       0.7718
 159.000       0.6162
 160.000       0.5283
 161.000       0.4701
 162.000       0.4396
 163.000       0.4190
 164.000       0.4270
 165.000       0.4761
 166.000       0.6036
 167.000       0.6314
 168.000       0.6652
 169.000       0.5802
 170.000       0.6801
 171.000       0.7194
 172.000       0.6652
 173.000       0.6692
 174.000       0.6069
 175.000       0.5397
 176.000       0.4707
 177.000       0.5127
 178.000       0.5511
 179.000       0.4363
 180.000       0.4254
 181.000       0.4991
 182.000       0.5166
 183.000       0.5400
 184.000       0.5729
 185.000       0.6010
 186.000       0.5713
 187.000       0.5452
 188.000       0.6055
 189.000       0.6089
 190.000       0.5242
 191.000       0.5539
 192.000       0.6468
 193.000       0.6345
 194.000       0.6094
 195.000       0.7205
 196.000       0.7968
 197.000       0.7732
 198.000       0.7905
 199.000       0.6697
 200.000       0.6194
 201.000       0.5543
 202.000       0.5209
 203.000       0.5000
 204.000       0.4539
 205.000       0.4379
 206.000       0.4961
 207.000       0.5500
 208.000       0.5879
 209.000       0.5514
 210.000       0.6044
 211.000       0.8379
 212.000       1.0050
 213.000       0.9971
 214.000       0.8451
 215.000       0.8837
 216.000       0.8449
 217.000       0.7312
 218.000       0.6618
 219.000       0.7246
 220.000       0.7175
 221.000       0.6285
 222.000       0.6164
 223.000       0.6586
 224.000       0.6000
 225.000       0.5808
 226.000       0.6235
 227.000       0.6334
 228.000       0.5958
 229.000       0.6493
 230.000       0.7198
 231.000       0.7120
 232.000       0.7137
 233.000       0.8686
 234.000       0.9083
 235.000       0.8165
 236.000       0.8530
 237.000       0.7766
 238.000       0.8862
 239.000       0.7060
 240.000       0.6425
 241.000       0.5542
 242.000       0.4856
 243.000       0.4537
 244.000       0.4965
 245.000       0.5792
 246.000       0.8556
 247.000       0.9759
 248.000       0.7746
 249.000       0.7958
 250.000       1.1662
 251.000       0.9835
 252.000       1.0228
 253.000       1.2045
 254.000       1.2131
 255.000       1.4606
 256.000       1.2064
 257.000       0.9902
 258.000       0.7310
 259.000       0.7527
 260.000       0.7813
 261.000       0.7277
 262.000       0.6602
 263.000       0.7707
 264.000       0.8362
 265.000       0.7044
 266.000       0.7036
 267.000       0.7794
 268.000       0.7348
 269.000       0.6984
 270.000       0.7994
 271.000       0.8351
 272.000       0.7387
 273.000       0.6987
 274.000       0.8217
 275.000       0.9811
 276.000       1.0963
 277.000       1.0534
 278.000       1.0360
 279.000       0.7293
 280.000       0.6187
 281.000       0.5008
 282.000       0.4548
 283.000       0.4442
 284.000       0.4668
 285.000       0.4759
 286.000       0.5871
 287.000       0.4730
 288.000       0.5300
 289.000       0.6487
 290.000       0.5728
 291.000       0.4973
 292.000       0.5396
 293.000       0.5146
 294.000       0.5128
 295.000       0.4607
 296.000       0.4452
 297.000       0.4246
 298.000       0.4050
 299.000       0.4069
 300.000       0.3951
 301.000       0.4039
 302.000       0.4235
 303.000       0.4706
 304.000       0.5331
 305.000       0.6732
 306.000       0.7322
 307.000       0.8558
 308.000       0.9273
 309.000       0.8767
 310.000       0.8836
 311.000       1.0153
 312.000       1.4466
 313.000       1.6158
 314.000       1.4545
 315.000       1.2244
 316.000       1.3406
 317.000       1.2917
 318.000       1.1424
 319.000       1.0546
 320.000       0.9542
 321.000       1.0028
 322.000       0.9224
 323.000       0.7347
 324.000       0.5742
 325.000       0.4641
 326.000       0.4224
 327.000       0.3706
 328.000       0.3747
 329.000       0.3869
 330.000       0.3830
 331.000       0.3858
 332.000       0.3907
 333.000       0.4104
 334.000       0.4211
 335.000       0.4320
 336.000       0.4286
 337.000       0.4470
 338.000       0.4989
 339.000       0.4968
 340.000       0.4981
 341.000       0.5421
 342.000       0.5959
 343.000       0.6428
 344.000       0.6137
 345.000       0.6109
 346.000       0.5829
 347.000       0.5863
 348.000       0.5965
 349.000       0.6721
 350.000       0.7418
 351.000       0.7096
 352.000       0.8271
 353.000       1.1783
 354.000       1.3950
 355.000       1.6600
 356.000       2.1033
 357.000       1.9497
 358.000       1.4102
 359.000       1.1729
 360.000       0.9680
 361.000       0.7622
 362.000       0.6878
 363.000       0.5629
 364.000       0.4771
 365.000       0.4058
 366.000       0.3873
 367.000       0.3832
 368.000       0.3661
 369.000       0.3852
 370.000       0.4298
 371.000       0.4795
 372.000       0.5200
 373.000       0.4548
 374.000       0.3975
 375.000       0.4480
 376.000       0.4442
 377.000       0.4974
 378.000       0.5598
 379.000       0.6236
 380.000       0.6632
 381.000       0.8034
 382.000       0.8088
 383.000       0.8478
 384.000       0.8680
 385.000       0.6507
 386.000       0.6159
 387.000       0.5429
 388.000       0.5202
 389.000       0.4785
 390.000       0.4729
 391.000       0.4720
 392.000       0.4616
 393.000       0.4651
 394.000       0.6110
 395.000       0.7435
 396.000       0.5770
 397.000       0.6931
 398.000       0.4834
 399.000       0.5512
 400.000       0.5342
 401.000       0.6316
 402.000       0.7452
 403.000       0.6633
 404.000       0.5047
 405.000       0.5035
 406.000       0.5213
 407.000       0.4581
 408.000       0.4352
 409.000       0.4886
 410.000       0.5408
 411.000       0.6247
 412.000       0.5576
 413.000       0.5365
 414.000       0.5590
 415.000       0.5389
 416.000       0.5143
 417.000       0.5397
 418.000       0.5602
 419.000       0.6078
 420.000       0.7015
 421.000       0.7562
 422.000       0.7287
 423.000       0.6563
 424.000       0.6526
 425.000       0.6858
 426.000       0.6712
 427.000       0.7027
 428.000       0.8696
 429.000       0.9204
 430.000       0.9367
 431.000       1.3232
 432.000       2.1839
 433.000       3.5445
 434.000       1.8637
 435.000       1.3878
 436.000       1.4368
 437.000       1.4650
 438.000       1.2591
 439.000       1.2045
 440.000       1.3401
 441.000       1.3341
 442.000       1.2279
 443.000       1.3061
 444.000       1.4255
 445.000       1.3916
 446.000       1.4101
 447.000       1.2821
 448.000       1.2478
 449.000       0.9989
 450.000       0.8887
 451.000       0.8701
 452.000       0.7635
 453.000       0.7219
 454.000       0.7730
 455.000       0.8018
 456.000       1.0064
 457.000       1.1825
 458.000       1.3625
 459.000       1.0433
 460.000       0.8747
 461.000       0.7456
 462.000       0.7353
 463.000       0.7390
 464.000       0.6654
 465.000       0.6278
 466.000       0.6548
 467.000       0.6715
 468.000       0.6584
 469.000       0.6968
 470.000       0.8437
 471.000       0.8883
 472.000       0.9160
 473.000       0.9480
 474.000       1.1066
 475.000       0.8516
 476.000       0.7096
 477.000       0.6657
 478.000       0.5851
 479.000       0.6042
 480.000       0.5187
 481.000       0.4590
 482.000       0.4704
 483.000       0.4685
 484.000       0.4873
 485.000       0.5005
 486.000       0.5244
 487.000       0.5611
 488.000       0.5392
 489.000       0.5423
 490.000       0.5679
 491.000       0.5700
 492.000       0.5597
 493.000       0.6020
 494.000       0.6040
 495.000       0.5569
 496.000       0.5548
 497.000       0.7522
 498.000       0.8440
 499.000       0.6831
 500.000       0.5853
 501.000       0.6663
 502.000       0.5793
 503.000       0.5070
 504.000       0.4630
 505.000       0.4462
 506.000       0.4173
 507.000       0.3728
 508.000       0.3779
 509.000       0.3896
 510.000       0.3930
 511.000       0.3860
 512.000       0.4394
 513.000       0.4903
 514.000       0.5232
 515.000       0.5605
 516.000       0.5535
 517.000       0.5133
 518.000       0.5455
 519.000       0.6117
 520.000       0.5866
 521.000       0.5946
 522.000       0.6949
 523.000       0.7575
 524.000       0.7697
 525.000       0.7909
 526.000       0.6185
 527.000       0.5552
 528.000       0.4530
 529.000       0.3797
 530.000       0.4170
 531.000       0.4224
 532.000       0.4613
 533.000       0.5279
 534.000       0.5452
 535.000       0.4881
 536.000       0.5170
 537.000       0.6128
 538.000       0.6215
 539.000       0.6069
 540.000       0.6931
 541.000       0.7614
 542.000       0.7786
 543.000       0.8567
 544.000       0.7331
 545.000       0.7341
 546.000       0.6914
 547.000       0.7435
 548.000       0.6200
 549.000       0.4873
 550.000       0.4127
 551.000       0.4059
 552.000       0.4065
 553.000       0.3872
 554.000       0.3883
 555.000       0.3871
 556.000       0.3831
 557.000       0.4143
 558.000       0.4527
 559.000       0.4719
 560.000       0.4700
 561.000       0.4660
 562.000       0.5279
 563.000       0.5737
 564.000       0.5707
 565.000       0.6204
 566.000       0.7029
 567.000       0.6848
 568.000       0.6683
 569.000       0.5477
 570.000       0.5293
 571.000       0.4648
 572.000       0.4091
 573.000       0.3681
 574.000       0.3704
 575.000       0.3982
 576.000       0.4244
 577.000       0.4731
 578.000       0.4664
 579.000       0.4307
 580.000       0.4799
 581.000       0.5303
 582.000       0.5074
 583.000       0.5178
 584.000       0.6290
 585.000       0.6926
 586.000       0.6051
 587.000       0.6323
 588.000       1.1249
 589.000       0.7657
 590.000       0.5833
 591.000       0.4958
 592.000       0.4384
 593.000       0.4008
 594.000       0.3798
 595.000       0.3710
 596.000       0.4181
 597.000       0.4995
 598.000       0.5178
 599.000       0.5903
 600.000       0.5471
 601.000       0.6317
 602.000       0.6296
 603.000       0.5851
 604.000       0.6203
 605.000       0.5984
 606.000       0.5669
 607.000       0.4860
 608.000       0.4891
 609.000       0.5037
 610.000       0.4070
 611.000       0.4027
 612.000       0.4366
 613.000       0.4832
 614.000       0.6367
 615.000       0.7471
 616.000       0.9823
 617.000       0.7938
 618.000       0.6807
 619.000       0.7019
 620.000       0.7278
 621.000       0.6286
 622.000       0.5894
 623.000       0.6339
 624.000       0.6048
 625.000       0.5823
 626.000       0.6664
 627.000       0.7176
 628.000       0.6951
 629.000       0.7108
 630.000       0.6005
 631.000       0.5759
 632.000       0.5364
 633.000       0.4883
 634.000       0.4733
 635.000       0.4174
 636.000       0.3785
 637.000       0.3814
 638.000       0.4081
 639.000       0.4394
 640.000       0.4804
 641.000       0.5131
 642.000       0.6220
 643.000       0.6673
 644.000       0.6757
 645.000       0.6465
 646.000       0.6232
 647.000       0.6593
 648.000       0.6175
 649.000       0.5378
 650.000       0.5850
 651.000       0.6414
 652.000       0.5659
 653.000       0.5431
 654.000       0.5986
 655.000       0.5730
 656.000       0.5519
 657.000       0.5906
 658.000       0.6179
 659.000       0.5864
 660.000       0.6473
 661.000       0.7359
 662.000       0.7523
 663.000       0.7694
 664.000       0.9274
 665.000       0.9520
 666.000       0.8333
 667.000       0.8661
 668.000       0.7952
 669.000       0.9067
 670.000       0.6736
 671.000       0.5804
 672.000       0.5127
 673.000       0.4354
 674.000       0.3799
 675.000       0.4045
 676.000       0.4461
 677.000       0.5902
 678.000       0.4975
 679.000       0.4615
 680.000       0.4937
 681.000       0.5937
 682.000       0.6406
 683.000       0.8412
 684.000       1.0251
 685.000       1.1219
 686.000       1.5312
 687.000       1.5630
 688.000       1.2062
 689.000       0.9073
 690.000       0.8312
 691.000       0.8084
 692.000       0.6834
 693.000       0.6520
 694.000       0.7206
 695.000       0.7141
 696.000       0.6397
 697.000       0.6127
 698.000       0.6950
 699.000       0.6888
 700.000       0.6289
 701.000       0.7185
 702.000       0.7581
 703.000       0.6908
 704.000       0.6571
 705.000       0.7700
 706.000       0.9201
 707.000       1.0211
 708.000       0.9350
 709.000       0.9231
 710.000       0.6866
 711.000       0.5666
 712.000       0.4661
 713.000       0.4124
 714.000       0.3900
 715.000       0.3950
 716.000       0.4334
 717.000       0.4961
 718.000       0.4323
 719.000       0.4258
 720.000       0.5099
 721.000       0.4585
 722.000       0.4621
 723.000       0.4962
 724.000       0.5004
 725.000       0.4619
 726.000       0.4431
 727.000       0.4505
 728.000       0.4293
 729.000       0.4190
 730.000       0.4185
 731.000       0.4171
 732.000       0.4238
 733.000       0.4207
 734.000       0.4573
 735.000       0.5086
 736.000       0.5995
 737.000       0.6886
 738.000       0.7903
 739.000       0.8427
 740.000       0.9616
 741.000       1.0685
 742.000       1.3159
 743.000       1.5256
 744.000       1.6291
 745.000       1.4369
 746.000       1.1320
 747.000       0.9495
 748.000       1.0398
 749.000       1.0299
 750.000       0.8560
 751.000       0.8921
 752.000       1.0046
 753.000       0.8948
 754.000       0.8252
 755.000       0.5978
 756.000       0.4849
 757.000       0.4256
 758.000       0.3856
 759.000       0.4021
 760.000       0.3985
 761.000       0.4074
 762.000       0.4350
 763.000       0.4271
 764.000       0.5060
 765.000       0.4913
 766.000       0.4889
 767.000       0.4454
 768.000       0.4422
 769.000       0.4516
 770.000       0.4833
 771.000       0.4862
 772.000       0.4790
 773.000       0.5480
 774.000       0.6521
 775.000       0.6820
 776.000       0.7748
 777.000       0.7256
 778.000       0.7540
 779.000       0.5810
 780.000       0.5496
 781.000       0.6361
 782.000       0.6342
 783.000       0.7279
 784.000       1.0278
 785.000       1.2219
 786.000       1.5634
 787.000       2.1038
 788.000       1.7317
 789.000       1.2539
 790.000       1.0336
 791.000       0.8614
 792.000       0.7397
 793.000       0.6832
 794.000       0.5973
 795.000       0.5900
 796.000       0.4465
 797.000       0.4159
 798.000       0.4104
 799.000       0.4231
 800.000       0.4494
 801.000       0.5304
 802.000       0.5245
 803.000       0.5641
 804.000       0.4961
 805.000       0.4186
 806.000       0.4975
 807.000       0.4727
 808.000       0.5157
 809.000       0.5838
 810.000       0.6068
 811.000       0.6258
 812.000       0.7151
 813.000       0.7499
 814.000       0.8052
 815.000       0.8555
 816.000       0.7190
 817.000       0.6772
 818.000       0.6256
 819.000       0.5928
 820.000       0.5200
 821.000       0.4812
 822.000       0.4557
 823.000       0.4506
 824.000       0.4611
 825.000       0.4975
 826.000       0.5079
 827.000       0.4791
 828.000       0.4882
 829.000       0.4507
 830.000       0.4169
 831.000       0.4535
 832.000       0.5081
 833.000       0.5704
 834.000       0.5776
 835.000       0.8346
 836.000       0.7436
 837.000       0.6039
 838.000       0.6286
 839.000       0.8976
 840.000       1.0441
 841.000       1.1483
 842.000       0.8727
 843.000       0.7618
 844.000       0.7405
 845.000       0.6391
 846.000       0.5445
 847.000       0.5202
 848.000       0.5422
 849.000       0.5311
 850.000       0.6193
 851.000       0.7456
 852.000       0.8743
 853.000       0.8782
 854.000       0.7539
 855.000       0.7843
 856.000       0.8486
 857.000       0.8078
 858.000       0.8436
 859.000       1.0283
 860.000       1.0151
 861.000       1.0663
 862.000       1.5931
 863.000       3.0246
