#Res        AtomicFlx
   1.000       2.1589
   2.000       1.6564
   3.000       1.3965
   4.000       1.1369
   5.000       1.2876
   6.000       1.3406
   7.000       1.0947
   8.000       0.9347
   9.000       0.9769
  10.000       0.9092
  11.000       0.8158
  12.000       0.8663
  13.000       0.8977
  14.000       0.8210
  15.000       0.8638
  16.000       1.1582
  17.000       1.1170
  18.000       0.9315
  19.000       0.8072
  20.000       0.7575
  21.000       0.6596
  22.000       0.6376
  23.000       0.6843
  24.000       0.7291
  25.000       0.9196
  26.000       1.1968
  27.000       1.4030
  28.000       0.9641
  29.000       0.8160
  30.000       0.7161
  31.000       0.7272
  32.000       0.6741
  33.000       0.5994
  34.000       0.5987
  35.000       0.6001
  36.000       0.6303
  37.000       0.6512
  38.000       0.6775
  39.000       0.7943
  40.000       0.8252
  41.000       0.7620
  42.000       0.7698
  43.000       0.8987
  44.000       0.8179
  45.000       0.7169
  46.000       0.6127
  47.000       0.5373
  48.000       0.5437
  49.000       0.4933
  50.000       0.4643
  51.000       0.4798
  52.000       0.4876
  53.000       0.5073
  54.000       0.5179
  55.000       0.5184
  56.000       0.5482
  57.000       0.5427
  58.000       0.5409
  59.000       0.5627
  60.000       0.6220
  61.000       0.5832
  62.000       0.5579
  63.000       0.5894
  64.000       0.5336
  65.000       0.5007
  66.000       0.5950
  67.000       0.6739
  68.000       0.6335
  69.000       0.6127
  70.000       0.7318
  71.000       0.5972
  72.000       0.5328
  73.000       0.5072
  74.000       0.4601
  75.000       0.5296
  76.000       0.4332
  77.000       0.4478
  78.000       0.4716
  79.000       0.5190
  80.000       0.4778
  81.000       0.4958
  82.000       0.5149
  83.000       0.5344
  84.000       0.5277
  85.000       0.4977
  86.000       0.4802
  87.000       0.4716
  88.000       0.4877
  89.000       0.4770
  90.000       0.4746
  91.000       0.5232
  92.000       0.5945
  93.000       0.6300
  94.000       0.6346
  95.000       0.5271
  96.000       0.4625
  97.000       0.4393
  98.000       0.4200
  99.000       0.4987
 100.000       0.5934
 101.000       0.5687
 102.000       0.6060
 103.000       0.6436
 104.000       0.5518
 105.000       0.5570
 106.000       0.6319
 107.000       0.6261
 108.000       0.6360
 109.000       0.7216
 110.000       0.7461
 111.000       0.7852
 112.000       0.8887
 113.000       0.7322
 114.000       0.7641
 115.000       0.7829
 116.000       0.7756
 117.000       0.6204
 118.000       0.5093
 119.000       0.4647
 120.000       0.4591
 121.000       0.4227
 122.000       0.4147
 123.000       0.4418
 124.000       0.4946
 125.000       0.4895
 126.000       0.5229
 127.000       0.5686
 128.000       0.5755
 129.000       0.5634
 130.000       0.5820
 131.000       0.6297
 132.000       0.6703
 133.000       0.7082
 134.000       0.7603
 135.000       0.7839
 136.000       0.7613
 137.000       0.6900
 138.000       0.5868
 139.000       0.5632
 140.000       0.5021
 141.000       0.4818
 142.000       0.4315
 143.000       0.4156
 144.000       0.4232
 145.000       0.4503
 146.000       0.4815
 147.000       0.4917
 148.000       0.4607
 149.000       0.4917
 150.000       0.5542
 151.000       0.5386
 152.000       0.5388
 153.000       0.6054
 154.000       0.6903
 155.000       0.7169
 156.000       0.6268
 157.000       0.7187
 158.000       0.6808
 159.000       0.5824
 160.000       0.5457
 161.000       0.4792
 162.000       0.4353
 163.000       0.4268
 164.000       0.4309
 165.000       0.4595
 166.000       0.5368
 167.000       0.5989
 168.000       0.6414
 169.000       0.5772
 170.000       0.6789
 171.000       0.7099
 172.000       0.6583
 173.000       0.6802
 174.000       0.6427
 175.000       0.5866
 176.000       0.5040
 177.000       0.5553
 178.000       0.5681
 179.000       0.4474
 180.000       0.4357
 181.000       0.4942
 182.000       0.4965
 183.000       0.5501
 184.000       0.6259
 185.000       0.6674
 186.000       0.6261
 187.000       0.5754
 188.000       0.6083
 189.000       0.6262
 190.000       0.5380
 191.000       0.5409
 192.000       0.6076
 193.000       0.5975
 194.000       0.5739
 195.000       0.6687
 196.000       0.7343
 197.000       0.7237
 198.000       0.7615
 199.000       0.6280
 200.000       0.6008
 201.000       0.5571
 202.000       0.5400
 203.000       0.4957
 204.000       0.4485
 205.000       0.4256
 206.000       0.4387
 207.000       0.4637
 208.000       0.4719
 209.000       0.5091
 210.000       0.4868
 211.000       0.5489
 212.000       0.6442
 213.000       0.7097
 214.000       0.6679
 215.000       0.7545
 216.000       0.7772
 217.000       0.6685
 218.000       0.5864
 219.000       0.6460
 220.000       0.6490
 221.000       0.5472
 222.000       0.5557
 223.000       0.5993
 224.000       0.5638
 225.000       0.5397
 226.000       0.5847
 227.000       0.5935
 228.000       0.5766
 229.000       0.6332
 230.000       0.6768
 231.000       0.6452
 232.000       0.6655
 233.000       0.8167
 234.000       0.8345
 235.000       0.7365
 236.000       0.7775
 237.000       0.7122
 238.000       0.9673
 239.000       0.7193
 240.000       0.6389
 241.000       0.5660
 242.000       0.4862
 243.000       0.4380
 244.000       0.4504
 245.000       0.4935
 246.000       0.5952
 247.000       0.5803
 248.000       0.5046
 249.000       0.5717
 250.000       0.6709
 251.000       0.9162
 252.000       0.8596
 253.000       1.1156
 254.000       1.1293
 255.000       1.2127
 256.000       0.9336
 257.000       0.8094
 258.000       0.6915
 259.000       0.7478
 260.000       0.8794
 261.000       0.8124
 262.000       0.6679
 263.000       0.7676
 264.000       0.8299
 265.000       0.6760
 266.000       0.6416
 267.000       0.7025
 268.000       0.6637
 269.000       0.6233
 270.000       0.7248
 271.000       0.7818
 272.000       0.7198
 273.000       0.6776
 274.000       0.7864
 275.000       0.9128
 276.000       1.0621
 277.000       1.0813
 278.000       1.0951
 279.000       0.8035
 280.000       0.7116
 281.000       0.5118
 282.000       0.4517
 283.000       0.4415
 284.000       0.4387
 285.000       0.4834
 286.000       0.5623
 287.000       0.5055
 288.000       0.4841
 289.000       0.5509
 290.000       0.5291
 291.000       0.5005
 292.000       0.5313
 293.000       0.5071
 294.000       0.5214
 295.000       0.4720
 296.000       0.4620
 297.000       0.4501
 298.000       0.4399
 299.000       0.4467
 300.000       0.4593
 301.000       0.4973
 302.000       0.5675
 303.000       0.6233
 304.000       0.6343
 305.000       0.7583
 306.000       0.7983
 307.000       0.9062
 308.000       0.9100
 309.000       0.8742
 310.000       0.8849
 311.000       1.0230
 312.000       1.2522
 313.000       1.2405
 314.000       1.1850
 315.000       1.2341
 316.000       1.3360
 317.000       1.2122
 318.000       1.0642
 319.000       1.0720
 320.000       0.9881
 321.000       1.0174
 322.000       0.9230
 323.000       0.7767
 324.000       0.6215
 325.000       0.5499
 326.000       0.4804
 327.000       0.4387
 328.000       0.4415
 329.000       0.4362
 330.000       0.4323
 331.000       0.4187
 332.000       0.4087
 333.000       0.4402
 334.000       0.4545
 335.000       0.4550
 336.000       0.4326
 337.000       0.4411
 338.000       0.4559
 339.000       0.4798
 340.000       0.4994
 341.000       0.5011
 342.000       0.5140
 343.000       0.6161
 344.000       0.7134
 345.000       0.8844
 346.000       0.6825
 347.000       0.7937
 348.000       0.6291
 349.000       0.5961
 350.000       0.7632
 351.000       0.6675
 352.000       0.7378
 353.000       1.0734
 354.000       1.1952
 355.000       1.4907
 356.000       2.1309
 357.000       1.5881
 358.000       1.1478
 359.000       1.0092
 360.000       0.8588
 361.000       0.7719
 362.000       0.7254
 363.000       0.6055
 364.000       0.5245
 365.000       0.4469
 366.000       0.4280
 367.000       0.4255
 368.000       0.4027
 369.000       0.4020
 370.000       0.4307
 371.000       0.4731
 372.000       0.5042
 373.000       0.4558
 374.000       0.4218
 375.000       0.4741
 376.000       0.4666
 377.000       0.5216
 378.000       0.6092
 379.000       0.6455
 380.000       0.6604
 381.000       0.7384
 382.000       0.6972
 383.000       0.7408
 384.000       0.8678
 385.000       0.7605
 386.000       0.6981
 387.000       0.6337
 388.000       0.6225
 389.000       0.5765
 390.000       0.4918
 391.000       0.4752
 392.000       0.4469
 393.000       0.4583
 394.000       0.5420
 395.000       0.5940
 396.000       0.5451
 397.000       0.5715
 398.000       0.4899
 399.000       0.5184
 400.000       0.5108
 401.000       0.6368
 402.000       0.7032
 403.000       0.6283
 404.000       0.5072
 405.000       0.4978
 406.000       0.5073
 407.000       0.4641
 408.000       0.4271
 409.000       0.4786
 410.000       0.5020
 411.000       0.5768
 412.000       0.5856
 413.000       0.5653
 414.000       0.5629
 415.000       0.5581
 416.000       0.5296
 417.000       0.5132
 418.000       0.5050
 419.000       0.5622
 420.000       0.7253
 421.000       0.8813
 422.000       0.9307
 423.000       0.8427
 424.000       0.8528
 425.000       0.9644
 426.000       0.9206
 427.000       0.8832
 428.000       1.1538
 429.000       1.2370
 430.000       1.1732
 431.000       1.6447
 432.000       2.2877
 433.000       5.2750
 434.000       3.0468
 435.000       1.7256
 436.000       1.6420
 437.000       1.5041
 438.000       1.2438
 439.000       1.1686
 440.000       1.1083
 441.000       1.0265
 442.000       0.9889
 443.000       1.1651
 444.000       1.1995
 445.000       1.1219
 446.000       1.1528
 447.000       1.6237
 448.000       1.4377
 449.000       1.1517
 450.000       1.0310
 451.000       1.0042
 452.000       0.8781
 453.000       0.8724
 454.000       0.9307
 455.000       1.0453
 456.000       1.3353
 457.000       1.6082
 458.000       1.9769
 459.000       1.4264
 460.000       1.2147
 461.000       1.0420
 462.000       0.9183
 463.000       0.8481
 464.000       0.7217
 465.000       0.6505
 466.000       0.6230
 467.000       0.6706
 468.000       0.6675
 469.000       0.6738
 470.000       0.8259
 471.000       0.8976
 472.000       0.8863
 473.000       0.9145
 474.000       1.0398
 475.000       0.8040
 476.000       0.6717
 477.000       0.6322
 478.000       0.5463
 479.000       0.5540
 480.000       0.4978
 481.000       0.4636
 482.000       0.5044
 483.000       0.5017
 484.000       0.5555
 485.000       0.5764
 486.000       0.5707
 487.000       0.5894
 488.000       0.5672
 489.000       0.5238
 490.000       0.5336
 491.000       0.5653
 492.000       0.5324
 493.000       0.5481
 494.000       0.5814
 495.000       0.5517
 496.000       0.5334
 497.000       0.7172
 498.000       0.7928
 499.000       0.6482
 500.000       0.5848
 501.000       0.7413
 502.000       0.5909
 503.000       0.5197
 504.000       0.5079
 505.000       0.5039
 506.000       0.4563
 507.000       0.4136
 508.000       0.3899
 509.000       0.4035
 510.000       0.4084
 511.000       0.4097
 512.000       0.4511
 513.000       0.5198
 514.000       0.6291
 515.000       0.6353
 516.000       0.6253
 517.000       0.5819
 518.000       0.5606
 519.000       0.6163
 520.000       0.6334
 521.000       0.6038
 522.000       0.6659
 523.000       0.7523
 524.000       0.7185
 525.000       0.8287
 526.000       0.7205
 527.000       0.6032
 528.000       0.4626
 529.000       0.3984
 530.000       0.4155
 531.000       0.4338
 532.000       0.4744
 533.000       0.5588
 534.000       0.5781
 535.000       0.4873
 536.000       0.5270
 537.000       0.6162
 538.000       0.6103
 539.000       0.6237
 540.000       0.7352
 541.000       0.8001
 542.000       0.8065
 543.000       0.8845
 544.000       0.7504
 545.000       0.7618
 546.000       0.7502
 547.000       0.7715
 548.000       0.6142
 549.000       0.5027
 550.000       0.4350
 551.000       0.4362
 552.000       0.4189
 553.000       0.4214
 554.000       0.4398
 555.000       0.4245
 556.000       0.4132
 557.000       0.4514
 558.000       0.4903
 559.000       0.5215
 560.000       0.5267
 561.000       0.5282
 562.000       0.6050
 563.000       0.6542
 564.000       0.6516
 565.000       0.7019
 566.000       0.7762
 567.000       0.7665
 568.000       0.6976
 569.000       0.5794
 570.000       0.5440
 571.000       0.4848
 572.000       0.4357
 573.000       0.4002
 574.000       0.4165
 575.000       0.4743
 576.000       0.5136
 577.000       0.5418
 578.000       0.5133
 579.000       0.4891
 580.000       0.5295
 581.000       0.5868
 582.000       0.5461
 583.000       0.5689
 584.000       0.6927
 585.000       0.7603
 586.000       0.6774
 587.000       0.6846
 588.000       1.1737
 589.000       0.7957
 590.000       0.6015
 591.000       0.5428
 592.000       0.4923
 593.000       0.4624
 594.000       0.4340
 595.000       0.4252
 596.000       0.5130
 597.000       0.6418
 598.000       0.6636
 599.000       0.8138
 600.000       0.7687
 601.000       0.7568
 602.000       0.7941
 603.000       0.7951
 604.000       1.0835
 605.000       1.0210
 606.000       0.8600
 607.000       0.6611
 608.000       0.6303
 609.000       0.6241
 610.000       0.4541
 611.000       0.4734
 612.000       0.5355
 613.000       0.5601
 614.000       0.6919
 615.000       0.8301
 616.000       1.0001
 617.000       0.8616
 618.000       0.7135
 619.000       0.7631
 620.000       0.7924
 621.000       0.6891
 622.000       0.6760
 623.000       0.7504
 624.000       0.7182
 625.000       0.6981
 626.000       0.7961
 627.000       0.8556
 628.000       0.8291
 629.000       0.8533
 630.000       0.7121
 631.000       0.6312
 632.000       0.5914
 633.000       0.5682
 634.000       0.5249
 635.000       0.4667
 636.000       0.4263
 637.000       0.4229
 638.000       0.4596
 639.000       0.5106
 640.000       0.5348
 641.000       0.5957
 642.000       0.7665
 643.000       0.7499
 644.000       0.7654
 645.000       0.7561
 646.000       0.7396
 647.000       0.7809
 648.000       0.6879
 649.000       0.6343
 650.000       0.7113
 651.000       0.7196
 652.000       0.6258
 653.000       0.6109
 654.000       0.6988
 655.000       0.6833
 656.000       0.6288
 657.000       0.6696
 658.000       0.7183
 659.000       0.6790
 660.000       0.7108
 661.000       0.8100
 662.000       0.8127
 663.000       0.8140
 664.000       0.9506
 665.000       0.9826
 666.000       0.9150
 667.000       0.9497
 668.000       0.8530
 669.000       0.9548
 670.000       0.7523
 671.000       0.6674
 672.000       0.5649
 673.000       0.4639
 674.000       0.4092
 675.000       0.4201
 676.000       0.4353
 677.000       0.4676
 678.000       0.4749
 679.000       0.4733
 680.000       0.5051
 681.000       0.5608
 682.000       0.5725
 683.000       0.7295
 684.000       0.9436
 685.000       0.9937
 686.000       1.2912
 687.000       1.2663
 688.000       1.0736
 689.000       0.8774
 690.000       0.8393
 691.000       0.8484
 692.000       0.7344
 693.000       0.6581
 694.000       0.7616
 695.000       0.7755
 696.000       0.6661
 697.000       0.6606
 698.000       0.7626
 699.000       0.7667
 700.000       0.6953
 701.000       0.7795
 702.000       0.8448
 703.000       0.7148
 704.000       0.6823
 705.000       0.8255
 706.000       0.9740
 707.000       1.0718
 708.000       1.0256
 709.000       1.0047
 710.000       0.7159
 711.000       0.5606
 712.000       0.4666
 713.000       0.4083
 714.000       0.3857
 715.000       0.3894
 716.000       0.4432
 717.000       0.5030
 718.000       0.4451
 719.000       0.4343
 720.000       0.4998
 721.000       0.4629
 722.000       0.4723
 723.000       0.4981
 724.000       0.5277
 725.000       0.5009
 726.000       0.4523
 727.000       0.4543
 728.000       0.4348
 729.000       0.4169
 730.000       0.4145
 731.000       0.4141
 732.000       0.4165
 733.000       0.4173
 734.000       0.4461
 735.000       0.4828
 736.000       0.5649
 737.000       0.6014
 738.000       0.7225
 739.000       0.8418
 740.000       1.2045
 741.000       1.3896
 742.000       1.5005
 743.000       1.5950
 744.000       1.7208
 745.000       1.7445
 746.000       1.4571
 747.000       1.7131
 748.000       1.8162
 749.000       1.3449
 750.000       1.2208
 751.000       1.5826
 752.000       1.3530
 753.000       0.8738
 754.000       0.7680
 755.000       0.6031
 756.000       0.4772
 757.000       0.4327
 758.000       0.4036
 759.000       0.4144
 760.000       0.4094
 761.000       0.4171
 762.000       0.4208
 763.000       0.4227
 764.000       0.4558
 765.000       0.4805
 766.000       0.4898
 767.000       0.4517
 768.000       0.4570
 769.000       0.4733
 770.000       0.4904
 771.000       0.5039
 772.000       0.5123
 773.000       0.5513
 774.000       0.6390
 775.000       0.6967
 776.000       0.8113
 777.000       0.7592
 778.000       0.8787
 779.000       0.6304
 780.000       0.5801
 781.000       0.6234
 782.000       0.6958
 783.000       0.9401
 784.000       1.5713
 785.000       1.7941
 786.000       2.6742
 787.000       3.1117
 788.000       3.1639
 789.000       2.4028
 790.000       1.9073
 791.000       1.3717
 792.000       0.9471
 793.000       0.7746
 794.000       0.6417
 795.000       0.5589
 796.000       0.4663
 797.000       0.4384
 798.000       0.4313
 799.000       0.4171
 800.000       0.4198
 801.000       0.4535
 802.000       0.4648
 803.000       0.5036
 804.000       0.4745
 805.000       0.4309
 806.000       0.5091
 807.000       0.5057
 808.000       0.5749
 809.000       0.6685
 810.000       0.6679
 811.000       0.6914
 812.000       0.7293
 813.000       0.6998
 814.000       0.7171
 815.000       0.7483
 816.000       0.6354
 817.000       0.6169
 818.000       0.5646
 819.000       0.5584
 820.000       0.5045
 821.000       0.4727
 822.000       0.4581
 823.000       0.4394
 824.000       0.4495
 825.000       0.5003
 826.000       0.4954
 827.000       0.4980
 828.000       0.4650
 829.000       0.4433
 830.000       0.4309
 831.000       0.4741
 832.000       0.4952
 833.000       0.5382
 834.000       0.5197
 835.000       0.6749
 836.000       0.6108
 837.000       0.5799
 838.000       0.5975
 839.000       0.8544
 840.000       1.0505
 841.000       1.3781
 842.000       0.9682
 843.000       0.7885
 844.000       0.8083
 845.000       0.7233
 846.000       0.6189
 847.000       0.5685
 848.000       0.6131
 849.000       0.6224
 850.000       0.7801
 851.000       0.8651
 852.000       0.8335
 853.000       0.8276
 854.000       0.7083
 855.000       0.7059
 856.000       0.7684
 857.000       0.7242
 858.000       0.7229
 859.000       0.8850
 860.000       0.9085
 861.000       0.9368
 862.000       1.2776
 863.000       2.3521
