#Res        AtomicFlx
   1.000       2.5337
   2.000       1.7748
   3.000       1.4871
   4.000       1.0249
   5.000       1.2041
   6.000       1.2036
   7.000       0.9478
   8.000       0.8263
   9.000       0.8772
  10.000       0.8209
  11.000       0.7443
  12.000       0.7983
  13.000       0.8606
  14.000       0.7861
  15.000       0.7947
  16.000       0.9850
  17.000       1.0118
  18.000       0.8221
  19.000       0.7311
  20.000       0.7185
  21.000       0.6487
  22.000       0.6459
  23.000       0.6593
  24.000       0.7069
  25.000       0.8854
  26.000       1.0810
  27.000       1.2391
  28.000       0.9324
  29.000       0.7851
  30.000       0.6682
  31.000       0.6889
  32.000       0.6647
  33.000       0.5668
  34.000       0.5461
  35.000       0.6252
  36.000       0.6584
  37.000       0.6146
  38.000       0.6409
  39.000       0.7976
  40.000       0.8044
  41.000       0.7159
  42.000       0.7146
  43.000       0.8780
  44.000       0.7787
  45.000       0.6962
  46.000       0.5882
  47.000       0.5174
  48.000       0.5385
  49.000       0.4826
  50.000       0.4393
  51.000       0.4390
  52.000       0.4462
  53.000       0.4773
  54.000       0.4806
  55.000       0.4901
  56.000       0.5318
  57.000       0.5133
  58.000       0.4924
  59.000       0.5126
  60.000       0.5282
  61.000       0.4966
  62.000       0.5082
  63.000       0.5476
  64.000       0.5345
  65.000       0.5045
  66.000       0.5902
  67.000       0.6748
  68.000       0.6085
  69.000       0.6058
  70.000       0.7009
  71.000       0.6010
  72.000       0.5374
  73.000       0.4889
  74.000       0.4175
  75.000       0.4020
  76.000       0.3870
  77.000       0.4098
  78.000       0.4241
  79.000       0.4532
  80.000       0.4292
  81.000       0.4323
  82.000       0.4638
  83.000       0.5094
  84.000       0.5182
  85.000       0.5009
  86.000       0.4958
  87.000       0.4899
  88.000       0.5090
  89.000       0.4937
  90.000       0.4843
  91.000       0.5484
  92.000       0.6528
  93.000       0.6574
  94.000       0.6787
  95.000       0.5336
  96.000       0.4390
  97.000       0.4266
  98.000       0.4084
  99.000       0.4447
 100.000       0.5407
 101.000       0.5678
 102.000       0.6378
 103.000       0.6340
 104.000       0.5099
 105.000       0.5164
 106.000       0.6009
 107.000       0.5683
 108.000       0.5454
 109.000       0.6631
 110.000       0.7090
 111.000       0.7004
 112.000       0.8009
 113.000       0.6319
 114.000       0.6531
 115.000       0.6804
 116.000       0.7177
 117.000       0.5803
 118.000       0.5028
 119.000       0.4563
 120.000       0.4779
 121.000       0.4981
 122.000       0.5476
 123.000       0.5934
 124.000       0.6334
 125.000       0.5588
 126.000       0.6313
 127.000       0.6043
 128.000       0.6290
 129.000       0.6175
 130.000       0.5990
 131.000       0.6519
 132.000       0.6674
 133.000       0.6551
 134.000       0.7051
 135.000       0.7600
 136.000       0.7370
 137.000       0.6953
 138.000       0.6251
 139.000       0.6640
 140.000       0.5464
 141.000       0.4826
 142.000       0.4525
 143.000       0.4466
 144.000       0.4677
 145.000       0.4906
 146.000       0.5225
 147.000       0.5320
 148.000       0.5122
 149.000       0.5724
 150.000       0.6269
 151.000       0.6146
 152.000       0.6423
 153.000       0.8082
 154.000       0.8692
 155.000       0.7604
 156.000       0.6912
 157.000       0.7516
 158.000       0.7276
 159.000       0.6165
 160.000       0.5673
 161.000       0.4814
 162.000       0.4471
 163.000       0.4445
 164.000       0.4440
 165.000       0.4795
 166.000       0.5519
 167.000       0.5938
 168.000       0.6561
 169.000       0.6018
 170.000       0.7157
 171.000       0.7149
 172.000       0.6359
 173.000       0.6423
 174.000       0.6117
 175.000       0.5934
 176.000       0.5167
 177.000       0.5770
 178.000       0.6831
 179.000       0.5011
 180.000       0.4851
 181.000       0.4982
 182.000       0.5031
 183.000       0.5651
 184.000       0.6587
 185.000       0.6999
 186.000       0.6267
 187.000       0.5814
 188.000       0.6445
 189.000       0.6391
 190.000       0.5759
 191.000       0.5841
 192.000       0.6573
 193.000       0.6584
 194.000       0.6160
 195.000       0.6976
 196.000       0.7785
 197.000       0.7687
 198.000       0.7763
 199.000       0.6570
 200.000       0.6152
 201.000       0.5561
 202.000       0.5184
 203.000       0.4972
 204.000       0.4641
 205.000       0.4443
 206.000       0.4483
 207.000       0.4641
 208.000       0.4702
 209.000       0.5029
 210.000       0.4836
 211.000       0.5561
 212.000       0.5941
 213.000       0.6216
 214.000       0.6731
 215.000       0.7525
 216.000       0.7857
 217.000       0.6914
 218.000       0.6346
 219.000       0.6736
 220.000       0.6679
 221.000       0.5860
 222.000       0.5764
 223.000       0.6455
 224.000       0.6468
 225.000       0.5904
 226.000       0.6276
 227.000       0.6648
 228.000       0.6300
 229.000       0.6632
 230.000       0.7111
 231.000       0.7076
 232.000       0.7157
 233.000       0.7906
 234.000       0.8331
 235.000       0.8106
 236.000       0.8472
 237.000       0.7530
 238.000       0.8470
 239.000       0.6773
 240.000       0.5968
 241.000       0.5244
 242.000       0.4694
 243.000       0.4363
 244.000       0.4368
 245.000       0.4769
 246.000       0.5704
 247.000       0.5832
 248.000       0.4885
 249.000       0.5596
 250.000       0.6055
 251.000       0.6887
 252.000       0.7784
 253.000       0.8812
 254.000       0.8763
 255.000       0.9546
 256.000       0.8260
 257.000       0.6910
 258.000       0.6160
 259.000       0.6786
 260.000       0.7285
 261.000       0.6591
 262.000       0.6054
 263.000       0.6789
 264.000       0.7068
 265.000       0.6379
 266.000       0.6223
 267.000       0.6879
 268.000       0.6892
 269.000       0.6457
 270.000       0.7388
 271.000       0.8052
 272.000       0.7133
 273.000       0.6875
 274.000       0.8248
 275.000       0.9677
 276.000       1.1202
 277.000       1.0185
 278.000       0.9737
 279.000       0.7173
 280.000       0.6077
 281.000       0.4948
 282.000       0.4369
 283.000       0.4323
 284.000       0.4291
 285.000       0.4552
 286.000       0.5113
 287.000       0.4366
 288.000       0.4275
 289.000       0.4554
 290.000       0.4518
 291.000       0.4514
 292.000       0.5278
 293.000       0.5246
 294.000       0.4993
 295.000       0.4503
 296.000       0.4334
 297.000       0.4271
 298.000       0.4175
 299.000       0.4080
 300.000       0.3867
 301.000       0.3932
 302.000       0.4230
 303.000       0.4709
 304.000       0.4816
 305.000       0.6568
 306.000       0.8023
 307.000       1.0887
 308.000       1.3271
 309.000       1.4009
 310.000       1.3715
 311.000       1.3662
 312.000       1.5669
 313.000       1.7087
 314.000       1.8532
 315.000       1.6668
 316.000       1.5358
 317.000       1.7407
 318.000       1.3747
 319.000       1.3864
 320.000       1.2054
 321.000       1.2436
 322.000       0.9535
 323.000       0.7078
 324.000       0.5803
 325.000       0.4781
 326.000       0.4158
 327.000       0.3769
 328.000       0.4079
 329.000       0.4145
 330.000       0.4185
 331.000       0.4096
 332.000       0.4040
 333.000       0.4383
 334.000       0.4489
 335.000       0.4410
 336.000       0.4219
 337.000       0.4410
 338.000       0.4723
 339.000       0.4974
 340.000       0.5209
 341.000       0.5189
 342.000       0.5295
 343.000       0.6124
 344.000       0.6387
 345.000       0.6666
 346.000       0.6239
 347.000       0.6184
 348.000       0.5484
 349.000       0.5619
 350.000       0.6589
 351.000       0.7168
 352.000       0.8283
 353.000       1.0547
 354.000       1.4674
 355.000       1.3839
 356.000       1.6306
 357.000       1.4660
 358.000       1.1510
 359.000       1.0241
 360.000       0.8274
 361.000       0.6753
 362.000       0.6067
 363.000       0.5513
 364.000       0.5531
 365.000       0.4540
 366.000       0.4027
 367.000       0.3981
 368.000       0.4003
 369.000       0.4113
 370.000       0.4516
 371.000       0.4904
 372.000       0.5230
 373.000       0.4606
 374.000       0.4102
 375.000       0.4503
 376.000       0.4654
 377.000       0.5364
 378.000       0.6024
 379.000       0.6235
 380.000       0.5994
 381.000       0.6958
 382.000       0.6508
 383.000       0.6723
 384.000       0.7578
 385.000       0.6089
 386.000       0.5829
 387.000       0.5222
 388.000       0.5104
 389.000       0.4769
 390.000       0.4806
 391.000       0.4785
 392.000       0.4410
 393.000       0.4393
 394.000       0.4982
 395.000       0.5436
 396.000       0.4921
 397.000       0.4582
 398.000       0.4289
 399.000       0.5264
 400.000       0.5255
 401.000       0.5402
 402.000       0.7619
 403.000       0.5870
 404.000       0.5255
 405.000       0.5447
 406.000       0.6437
 407.000       0.5227
 408.000       0.4537
 409.000       0.5072
 410.000       0.5645
 411.000       0.7188
 412.000       0.6476
 413.000       0.5707
 414.000       0.5328
 415.000       0.5184
 416.000       0.4871
 417.000       0.4966
 418.000       0.5040
 419.000       0.5525
 420.000       0.6668
 421.000       0.6977
 422.000       0.6934
 423.000       0.6299
 424.000       0.6393
 425.000       0.7025
 426.000       0.6767
 427.000       0.6964
 428.000       0.9631
 429.000       1.0374
 430.000       1.2160
 431.000       1.7835
 432.000       2.6729
 433.000       2.2907
 434.000       1.8579
 435.000       1.4841
 436.000       1.6254
 437.000       1.6001
 438.000       1.4553
 439.000       1.4886
 440.000       1.6037
 441.000       1.5438
 442.000       1.5557
 443.000       1.7828
 444.000       1.7797
 445.000       1.4712
 446.000       1.1219
 447.000       1.2570
 448.000       1.2060
 449.000       1.0626
 450.000       0.9973
 451.000       1.0772
 452.000       1.0015
 453.000       1.0260
 454.000       1.1897
 455.000       1.2023
 456.000       1.3208
 457.000       1.4846
 458.000       1.5464
 459.000       1.3474
 460.000       1.3038
 461.000       1.2418
 462.000       1.0648
 463.000       0.9334
 464.000       0.9034
 465.000       0.8115
 466.000       0.7018
 467.000       0.7225
 468.000       0.7681
 469.000       0.7662
 470.000       0.8146
 471.000       0.9378
 472.000       1.2860
 473.000       1.3692
 474.000       1.5821
 475.000       0.9737
 476.000       0.7293
 477.000       0.6901
 478.000       0.5766
 479.000       0.5395
 480.000       0.5011
 481.000       0.4695
 482.000       0.4888
 483.000       0.5097
 484.000       0.5292
 485.000       0.5357
 486.000       0.5644
 487.000       0.6283
 488.000       0.5792
 489.000       0.5613
 490.000       0.6381
 491.000       0.6490
 492.000       0.6000
 493.000       0.6983
 494.000       0.7366
 495.000       0.6299
 496.000       0.5907
 497.000       0.8118
 498.000       0.9128
 499.000       0.7505
 500.000       0.6698
 501.000       0.8107
 502.000       0.6736
 503.000       0.5800
 504.000       0.5345
 505.000       0.4911
 506.000       0.4556
 507.000       0.4086
 508.000       0.3989
 509.000       0.4317
 510.000       0.4299
 511.000       0.4474
 512.000       0.4969
 513.000       0.5762
 514.000       0.8276
 515.000       0.8289
 516.000       0.6935
 517.000       0.6306
 518.000       0.6899
 519.000       0.7478
 520.000       0.6835
 521.000       0.6876
 522.000       0.8310
 523.000       1.0668
 524.000       1.0419
 525.000       0.8937
 526.000       0.7410
 527.000       0.5385
 528.000       0.4470
 529.000       0.3949
 530.000       0.4319
 531.000       0.4343
 532.000       0.4557
 533.000       0.5050
 534.000       0.5697
 535.000       0.5044
 536.000       0.5175
 537.000       0.6268
 538.000       0.6454
 539.000       0.6174
 540.000       0.6762
 541.000       0.7839
 542.000       0.8919
 543.000       0.9524
 544.000       0.7776
 545.000       0.7700
 546.000       0.7484
 547.000       0.7795
 548.000       0.6160
 549.000       0.5052
 550.000       0.4343
 551.000       0.4293
 552.000       0.4262
 553.000       0.3943
 554.000       0.3950
 555.000       0.4002
 556.000       0.3985
 557.000       0.4204
 558.000       0.4523
 559.000       0.4710
 560.000       0.4573
 561.000       0.4566
 562.000       0.5222
 563.000       0.5562
 564.000       0.5436
 565.000       0.5953
 566.000       0.6586
 567.000       0.6432
 568.000       0.6315
 569.000       0.5198
 570.000       0.5207
 571.000       0.4606
 572.000       0.4221
 573.000       0.3856
 574.000       0.4015
 575.000       0.4380
 576.000       0.4761
 577.000       0.5082
 578.000       0.4969
 579.000       0.4372
 580.000       0.4674
 581.000       0.5228
 582.000       0.4983
 583.000       0.5030
 584.000       0.6014
 585.000       0.6521
 586.000       0.5706
 587.000       0.6037
 588.000       1.0798
 589.000       0.7275
 590.000       0.5853
 591.000       0.5210
 592.000       0.4821
 593.000       0.4631
 594.000       0.4392
 595.000       0.4337
 596.000       0.5002
 597.000       0.5967
 598.000       0.6273
 599.000       0.6684
 600.000       0.5808
 601.000       0.7155
 602.000       0.7218
 603.000       0.6400
 604.000       0.6704
 605.000       0.6237
 606.000       0.5747
 607.000       0.5047
 608.000       0.5296
 609.000       0.5336
 610.000       0.4498
 611.000       0.4775
 612.000       0.5866
 613.000       0.5707
 614.000       0.6450
 615.000       0.7834
 616.000       0.9354
 617.000       0.7775
 618.000       0.6608
 619.000       0.7228
 620.000       0.6890
 621.000       0.5825
 622.000       0.5930
 623.000       0.6604
 624.000       0.6138
 625.000       0.5943
 626.000       0.6933
 627.000       0.7297
 628.000       0.7094
 629.000       0.7478
 630.000       0.6358
 631.000       0.5984
 632.000       0.5643
 633.000       0.5377
 634.000       0.5173
 635.000       0.4549
 636.000       0.4153
 637.000       0.4331
 638.000       0.4576
 639.000       0.4723
 640.000       0.5103
 641.000       0.5499
 642.000       0.6726
 643.000       0.7228
 644.000       0.7826
 645.000       0.7333
 646.000       0.7176
 647.000       0.7571
 648.000       0.7207
 649.000       0.6564
 650.000       0.7662
 651.000       0.8443
 652.000       0.7137
 653.000       0.7196
 654.000       0.8135
 655.000       0.7188
 656.000       0.6518
 657.000       0.7027
 658.000       0.7155
 659.000       0.6551
 660.000       0.6934
 661.000       0.7663
 662.000       0.7564
 663.000       0.7538
 664.000       0.8968
 665.000       0.9175
 666.000       0.8204
 667.000       0.8556
 668.000       0.7920
 669.000       0.9175
 670.000       0.7212
 671.000       0.6383
 672.000       0.5511
 673.000       0.5029
 674.000       0.4354
 675.000       0.4549
 676.000       0.4515
 677.000       0.4708
 678.000       0.4836
 679.000       0.4863
 680.000       0.5385
 681.000       0.5557
 682.000       0.6287
 683.000       0.7804
 684.000       1.0324
 685.000       1.1265
 686.000       1.4255
 687.000       1.4213
 688.000       0.9739
 689.000       0.8278
 690.000       0.8279
 691.000       0.8594
 692.000       0.7886
 693.000       0.7271
 694.000       0.8141
 695.000       0.8371
 696.000       0.7692
 697.000       0.7352
 698.000       0.8490
 699.000       0.8508
 700.000       0.7255
 701.000       0.8114
 702.000       0.8939
 703.000       0.8175
 704.000       0.7656
 705.000       0.8628
 706.000       0.9693
 707.000       1.0832
 708.000       1.0509
 709.000       1.0358
 710.000       0.7728
 711.000       0.6422
 712.000       0.5705
 713.000       0.4858
 714.000       0.4296
 715.000       0.4048
 716.000       0.4348
 717.000       0.4704
 718.000       0.4238
 719.000       0.4205
 720.000       0.5401
 721.000       0.5150
 722.000       0.5557
 723.000       0.7860
 724.000       0.5627
 725.000       0.5162
 726.000       0.4885
 727.000       0.5047
 728.000       0.4998
 729.000       0.4507
 730.000       0.4486
 731.000       0.4530
 732.000       0.4683
 733.000       0.4656
 734.000       0.4759
 735.000       0.4827
 736.000       0.5703
 737.000       0.5838
 738.000       0.5962
 739.000       0.6885
 740.000       0.8494
 741.000       1.1658
 742.000       1.6490
 743.000       2.0449
 744.000       2.3077
 745.000       2.0640
 746.000       1.6715
 747.000       1.4545
 748.000       1.3535
 749.000       1.2693
 750.000       1.0088
 751.000       0.9927
 752.000       1.0216
 753.000       0.8104
 754.000       0.6959
 755.000       0.6031
 756.000       0.5137
 757.000       0.4792
 758.000       0.4368
 759.000       0.4589
 760.000       0.4428
 761.000       0.4548
 762.000       0.4567
 763.000       0.4515
 764.000       0.5319
 765.000       0.5275
 766.000       0.5234
 767.000       0.4736
 768.000       0.4694
 769.000       0.4964
 770.000       0.5221
 771.000       0.5209
 772.000       0.5143
 773.000       0.5755
 774.000       0.7763
 775.000       0.9016
 776.000       0.7904
 777.000       0.9233
 778.000       0.9024
 779.000       0.6670
 780.000       0.6438
 781.000       0.6078
 782.000       0.6298
 783.000       0.7653
 784.000       0.8921
 785.000       1.0455
 786.000       1.4656
 787.000       1.9236
 788.000       1.8828
 789.000       1.3687
 790.000       1.0957
 791.000       0.9031
 792.000       0.7954
 793.000       0.7546
 794.000       0.6676
 795.000       0.5821
 796.000       0.4916
 797.000       0.4836
 798.000       0.4738
 799.000       0.5157
 800.000       0.5264
 801.000       0.5837
 802.000       0.5485
 803.000       0.5586
 804.000       0.5199
 805.000       0.4653
 806.000       0.5254
 807.000       0.5638
 808.000       0.6205
 809.000       0.7688
 810.000       0.7637
 811.000       0.7700
 812.000       0.8441
 813.000       0.7730
 814.000       0.8008
 815.000       0.8865
 816.000       0.7411
 817.000       0.6952
 818.000       0.5940
 819.000       0.5729
 820.000       0.5327
 821.000       0.4960
 822.000       0.5025
 823.000       0.4816
 824.000       0.4941
 825.000       0.5298
 826.000       0.5375
 827.000       0.6006
 828.000       0.8087
 829.000       0.5345
 830.000       0.4700
 831.000       0.5320
 832.000       0.5782
 833.000       0.5644
 834.000       0.5269
 835.000       0.6341
 836.000       0.6554
 837.000       0.7043
 838.000       0.6744
 839.000       0.8122
 840.000       1.0052
 841.000       1.4229
 842.000       1.1778
 843.000       0.9989
 844.000       0.8732
 845.000       0.6639
 846.000       0.5773
 847.000       0.5637
 848.000       0.7398
 849.000       0.7278
 850.000       1.0366
 851.000       1.2571
 852.000       1.4656
 853.000       1.4780
 854.000       1.3319
 855.000       1.3137
 856.000       1.3193
 857.000       1.0537
 858.000       0.9807
 859.000       1.1672
 860.000       1.2760
 861.000       1.4807
 862.000       2.0149
 863.000       3.7343
