#Res        AtomicFlx
   1.000       2.3626
   2.000       1.7435
   3.000       1.4331
   4.000       1.1089
   5.000       1.2499
   6.000       1.2732
   7.000       1.0628
   8.000       0.9461
   9.000       0.9958
  10.000       0.9204
  11.000       0.8287
  12.000       0.8870
  13.000       0.9217
  14.000       0.8568
  15.000       0.8770
  16.000       1.0449
  17.000       1.0768
  18.000       0.8888
  19.000       0.7862
  20.000       0.7699
  21.000       0.7022
  22.000       0.7043
  23.000       0.7329
  24.000       0.7758
  25.000       0.9097
  26.000       1.0723
  27.000       1.1840
  28.000       0.9126
  29.000       0.7591
  30.000       0.6822
  31.000       0.7087
  32.000       0.6752
  33.000       0.6301
  34.000       0.6488
  35.000       0.6694
  36.000       0.6711
  37.000       0.6524
  38.000       0.6447
  39.000       0.7585
  40.000       0.7807
  41.000       0.7153
  42.000       0.7285
  43.000       0.8591
  44.000       0.7911
  45.000       0.6888
  46.000       0.5997
  47.000       0.5311
  48.000       0.5298
  49.000       0.4767
  50.000       0.4457
  51.000       0.4599
  52.000       0.4791
  53.000       0.4978
  54.000       0.5329
  55.000       0.5519
  56.000       0.6214
  57.000       0.6089
  58.000       0.5579
  59.000       0.6044
  60.000       0.6739
  61.000       0.6005
  62.000       0.5811
  63.000       0.6900
  64.000       0.6513
  65.000       0.5637
  66.000       0.7008
  67.000       0.8215
  68.000       0.7222
  69.000       0.6730
  70.000       0.7790
  71.000       0.6635
  72.000       0.5644
  73.000       0.5373
  74.000       0.4934
  75.000       0.4865
  76.000       0.5041
  77.000       0.4932
  78.000       0.5146
  79.000       0.5538
  80.000       0.5139
  81.000       0.5157
  82.000       0.5364
  83.000       0.5620
  84.000       0.5684
  85.000       0.5506
  86.000       0.5550
  87.000       0.5678
  88.000       0.5980
  89.000       0.5794
  90.000       0.5954
  91.000       0.6899
  92.000       0.8251
  93.000       0.8179
  94.000       0.9322
  95.000       0.8287
  96.000       0.6121
  97.000       0.5361
  98.000       0.5520
  99.000       0.6267
 100.000       0.7879
 101.000       0.7104
 102.000       0.7084
 103.000       0.7772
 104.000       0.6684
 105.000       0.6185
 106.000       0.6988
 107.000       0.6551
 108.000       0.6019
 109.000       0.6988
 110.000       0.7940
 111.000       0.7690
 112.000       0.8560
 113.000       0.6877
 114.000       0.6877
 115.000       0.7140
 116.000       0.7391
 117.000       0.6134
 118.000       0.5585
 119.000       0.5135
 120.000       0.4986
 121.000       0.5572
 122.000       0.5706
 123.000       0.5912
 124.000       0.6201
 125.000       0.5335
 126.000       0.5762
 127.000       0.6332
 128.000       0.6604
 129.000       0.6011
 130.000       0.5995
 131.000       0.6618
 132.000       0.6830
 133.000       0.6536
 134.000       0.7093
 135.000       0.7744
 136.000       0.7455
 137.000       0.7087
 138.000       0.6039
 139.000       0.6177
 140.000       0.5315
 141.000       0.5058
 142.000       0.4685
 143.000       0.4520
 144.000       0.4908
 145.000       0.5518
 146.000       0.6152
 147.000       0.6228
 148.000       0.5889
 149.000       0.6739
 150.000       0.7166
 151.000       0.6424
 152.000       0.7113
 153.000       0.8825
 154.000       0.9076
 155.000       0.7685
 156.000       0.8147
 157.000       1.4980
 158.000       0.8613
 159.000       0.6741
 160.000       0.5713
 161.000       0.4977
 162.000       0.4623
 163.000       0.4423
 164.000       0.4381
 165.000       0.4766
 166.000       0.5487
 167.000       0.6290
 168.000       0.6835
 169.000       0.6249
 170.000       0.7370
 171.000       0.7690
 172.000       0.6884
 173.000       0.6952
 174.000       0.6431
 175.000       0.5754
 176.000       0.4960
 177.000       0.5417
 178.000       0.5729
 179.000       0.4625
 180.000       0.4864
 181.000       0.5314
 182.000       0.5568
 183.000       0.6266
 184.000       0.7029
 185.000       0.7909
 186.000       0.7037
 187.000       0.6207
 188.000       0.7008
 189.000       0.7091
 190.000       0.6405
 191.000       0.6636
 192.000       0.7730
 193.000       0.7595
 194.000       0.7307
 195.000       0.8677
 196.000       0.9727
 197.000       0.9373
 198.000       0.9393
 199.000       0.7484
 200.000       0.6763
 201.000       0.6123
 202.000       0.5601
 203.000       0.5077
 204.000       0.4647
 205.000       0.4308
 206.000       0.4390
 207.000       0.4542
 208.000       0.4808
 209.000       0.5543
 210.000       0.5268
 211.000       0.6239
 212.000       0.6419
 213.000       0.6910
 214.000       0.7611
 215.000       0.8864
 216.000       0.9225
 217.000       0.8010
 218.000       0.7174
 219.000       0.6745
 220.000       0.6657
 221.000       0.5851
 222.000       0.5676
 223.000       0.6302
 224.000       0.6263
 225.000       0.5757
 226.000       0.6133
 227.000       0.6471
 228.000       0.6173
 229.000       0.6465
 230.000       0.7116
 231.000       0.7246
 232.000       0.7557
 233.000       0.8437
 234.000       0.8748
 235.000       0.8580
 236.000       0.9216
 237.000       0.8144
 238.000       0.9044
 239.000       0.6867
 240.000       0.6162
 241.000       0.5351
 242.000       0.4786
 243.000       0.4443
 244.000       0.4690
 245.000       0.5167
 246.000       0.6167
 247.000       0.6740
 248.000       0.6311
 249.000       0.7373
 250.000       0.8005
 251.000       0.9380
 252.000       1.0684
 253.000       1.2855
 254.000       1.3451
 255.000       1.4286
 256.000       1.2026
 257.000       0.9525
 258.000       0.7907
 259.000       0.8188
 260.000       0.8418
 261.000       0.7445
 262.000       0.6825
 263.000       0.7438
 264.000       0.7282
 265.000       0.6525
 266.000       0.6556
 267.000       0.7164
 268.000       0.6886
 269.000       0.6459
 270.000       0.7532
 271.000       0.7893
 272.000       0.6903
 273.000       0.6770
 274.000       0.8118
 275.000       0.9592
 276.000       1.0798
 277.000       0.9941
 278.000       0.9263
 279.000       0.7010
 280.000       0.6077
 281.000       0.5424
 282.000       0.4990
 283.000       0.4982
 284.000       0.5125
 285.000       0.6541
 286.000       0.7421
 287.000       0.4930
 288.000       0.4479
 289.000       0.5086
 290.000       0.4772
 291.000       0.4965
 292.000       0.5549
 293.000       0.5589
 294.000       0.5260
 295.000       0.4611
 296.000       0.4642
 297.000       0.4657
 298.000       0.4278
 299.000       0.4099
 300.000       0.3923
 301.000       0.4026
 302.000       0.4120
 303.000       0.4400
 304.000       0.4872
 305.000       0.6468
 306.000       0.7302
 307.000       0.8392
 308.000       0.8848
 309.000       0.8703
 310.000       0.8492
 311.000       0.9422
 312.000       1.1323
 313.000       1.2549
 314.000       1.2931
 315.000       1.2119
 316.000       1.2608
 317.000       1.1868
 318.000       1.0547
 319.000       1.0367
 320.000       0.9237
 321.000       0.9252
 322.000       0.8109
 323.000       0.6702
 324.000       0.5520
 325.000       0.4504
 326.000       0.3975
 327.000       0.3679
 328.000       0.3885
 329.000       0.3988
 330.000       0.3911
 331.000       0.3958
 332.000       0.3827
 333.000       0.4030
 334.000       0.4324
 335.000       0.4422
 336.000       0.4191
 337.000       0.4158
 338.000       0.4318
 339.000       0.4605
 340.000       0.5033
 341.000       0.5233
 342.000       0.4853
 343.000       0.5499
 344.000       0.5735
 345.000       0.6634
 346.000       0.6163
 347.000       0.6857
 348.000       0.6047
 349.000       0.6481
 350.000       0.7845
 351.000       0.9094
 352.000       1.3000
 353.000       1.8039
 354.000       1.7323
 355.000       2.0375
 356.000       2.5024
 357.000       2.2807
 358.000       1.7376
 359.000       1.3462
 360.000       0.9992
 361.000       0.7655
 362.000       0.6550
 363.000       0.5461
 364.000       0.4792
 365.000       0.4168
 366.000       0.3938
 367.000       0.3848
 368.000       0.3699
 369.000       0.3760
 370.000       0.4260
 371.000       0.4734
 372.000       0.5198
 373.000       0.4712
 374.000       0.4087
 375.000       0.4636
 376.000       0.4695
 377.000       0.5056
 378.000       0.5886
 379.000       0.6363
 380.000       0.6481
 381.000       0.7321
 382.000       0.7255
 383.000       0.8007
 384.000       0.9043
 385.000       0.7206
 386.000       0.6340
 387.000       0.5189
 388.000       0.5073
 389.000       0.4836
 390.000       0.4721
 391.000       0.4946
 392.000       0.4689
 393.000       0.4548
 394.000       0.5739
 395.000       0.6447
 396.000       0.6533
 397.000       0.6758
 398.000       0.5097
 399.000       0.4957
 400.000       0.5378
 401.000       0.5613
 402.000       0.6175
 403.000       0.5284
 404.000       0.4977
 405.000       0.4724
 406.000       0.4701
 407.000       0.4340
 408.000       0.4049
 409.000       0.4545
 410.000       0.5046
 411.000       0.5866
 412.000       0.5361
 413.000       0.5280
 414.000       0.5205
 415.000       0.5276
 416.000       0.5065
 417.000       0.5227
 418.000       0.5436
 419.000       0.6112
 420.000       0.7157
 421.000       0.7986
 422.000       0.8623
 423.000       0.7733
 424.000       0.7778
 425.000       0.9282
 426.000       0.8865
 427.000       0.7847
 428.000       0.9624
 429.000       1.0071
 430.000       1.0427
 431.000       1.5537
 432.000       1.5856
 433.000       5.1408
 434.000       2.7161
 435.000       1.4419
 436.000       1.2796
 437.000       1.1586
 438.000       0.9756
 439.000       0.9437
 440.000       0.9761
 441.000       0.9553
 442.000       0.9344
 443.000       1.0467
 444.000       1.0928
 445.000       0.9667
 446.000       1.0151
 447.000       1.1070
 448.000       1.3660
 449.000       1.2791
 450.000       1.0512
 451.000       1.1204
 452.000       0.8028
 453.000       0.7611
 454.000       0.7706
 455.000       0.7772
 456.000       1.0056
 457.000       1.1986
 458.000       1.4558
 459.000       0.9963
 460.000       0.8495
 461.000       0.7545
 462.000       0.7403
 463.000       0.7206
 464.000       0.6765
 465.000       0.6557
 466.000       0.6619
 467.000       0.6850
 468.000       0.6821
 469.000       0.6875
 470.000       0.8012
 471.000       0.8605
 472.000       0.8402
 473.000       0.8681
 474.000       0.9975
 475.000       0.8589
 476.000       0.7235
 477.000       0.6675
 478.000       0.5480
 479.000       0.5560
 480.000       0.5065
 481.000       0.4663
 482.000       0.4552
 483.000       0.4773
 484.000       0.5199
 485.000       0.5212
 486.000       0.5301
 487.000       0.5434
 488.000       0.4929
 489.000       0.4809
 490.000       0.5066
 491.000       0.5070
 492.000       0.4669
 493.000       0.5136
 494.000       0.5637
 495.000       0.5174
 496.000       0.4741
 497.000       0.5876
 498.000       0.6958
 499.000       0.6329
 500.000       0.5609
 501.000       0.6516
 502.000       0.5456
 503.000       0.4535
 504.000       0.4198
 505.000       0.4003
 506.000       0.3957
 507.000       0.3590
 508.000       0.3623
 509.000       0.3780
 510.000       0.3893
 511.000       0.3907
 512.000       0.4356
 513.000       0.4864
 514.000       0.5795
 515.000       0.5974
 516.000       0.5760
 517.000       0.5466
 518.000       0.5296
 519.000       0.5556
 520.000       0.5542
 521.000       0.5227
 522.000       0.5620
 523.000       0.6484
 524.000       0.6245
 525.000       0.5916
 526.000       0.4899
 527.000       0.4573
 528.000       0.3948
 529.000       0.3648
 530.000       0.4182
 531.000       0.4481
 532.000       0.4841
 533.000       0.5422
 534.000       0.5394
 535.000       0.4826
 536.000       0.5101
 537.000       0.5887
 538.000       0.5801
 539.000       0.5430
 540.000       0.6861
 541.000       0.8259
 542.000       0.8244
 543.000       0.8332
 544.000       0.6605
 545.000       0.6378
 546.000       0.6384
 547.000       0.6469
 548.000       0.5243
 549.000       0.4449
 550.000       0.3813
 551.000       0.3906
 552.000       0.3801
 553.000       0.3635
 554.000       0.3727
 555.000       0.3762
 556.000       0.3935
 557.000       0.4254
 558.000       0.4600
 559.000       0.4749
 560.000       0.4684
 561.000       0.4702
 562.000       0.5183
 563.000       0.5446
 564.000       0.5505
 565.000       0.5917
 566.000       0.6548
 567.000       0.6391
 568.000       0.6049
 569.000       0.5105
 570.000       0.5156
 571.000       0.4372
 572.000       0.3828
 573.000       0.3527
 574.000       0.3578
 575.000       0.3855
 576.000       0.4190
 577.000       0.4643
 578.000       0.4480
 579.000       0.4222
 580.000       0.4737
 581.000       0.5381
 582.000       0.5180
 583.000       0.5340
 584.000       0.6513
 585.000       0.7046
 586.000       0.6073
 587.000       0.6023
 588.000       0.9826
 589.000       0.6434
 590.000       0.5288
 591.000       0.4617
 592.000       0.4245
 593.000       0.3970
 594.000       0.3704
 595.000       0.3711
 596.000       0.4429
 597.000       0.5634
 598.000       0.5644
 599.000       0.6098
 600.000       0.5236
 601.000       0.6249
 602.000       0.6708
 603.000       0.6027
 604.000       0.6594
 605.000       0.6152
 606.000       0.5622
 607.000       0.4940
 608.000       0.5164
 609.000       0.5287
 610.000       0.4125
 611.000       0.4227
 612.000       0.4683
 613.000       0.4982
 614.000       0.6333
 615.000       0.8117
 616.000       1.0060
 617.000       0.8109
 618.000       0.6337
 619.000       0.6381
 620.000       0.6428
 621.000       0.5519
 622.000       0.5536
 623.000       0.6234
 624.000       0.5962
 625.000       0.5695
 626.000       0.6663
 627.000       0.7227
 628.000       0.7035
 629.000       0.7172
 630.000       0.5913
 631.000       0.5550
 632.000       0.5170
 633.000       0.4684
 634.000       0.4567
 635.000       0.3949
 636.000       0.3631
 637.000       0.3899
 638.000       0.4080
 639.000       0.4221
 640.000       0.4711
 641.000       0.5090
 642.000       0.5766
 643.000       0.5626
 644.000       0.7064
 645.000       0.6504
 646.000       0.6605
 647.000       0.6733
 648.000       0.6112
 649.000       0.5671
 650.000       0.6595
 651.000       0.6776
 652.000       0.5567
 653.000       0.5374
 654.000       0.6043
 655.000       0.5829
 656.000       0.5356
 657.000       0.5730
 658.000       0.6085
 659.000       0.5720
 660.000       0.5979
 661.000       0.6638
 662.000       0.6664
 663.000       0.7013
 664.000       0.8249
 665.000       0.8212
 666.000       0.7364
 667.000       0.7864
 668.000       0.7286
 669.000       0.8636
 670.000       0.6628
 671.000       0.5842
 672.000       0.4915
 673.000       0.4128
 674.000       0.3725
 675.000       0.3915
 676.000       0.4176
 677.000       0.4342
 678.000       0.4534
 679.000       0.4283
 680.000       0.4534
 681.000       0.5529
 682.000       0.8241
 683.000       1.3131
 684.000       1.2707
 685.000       1.1111
 686.000       1.4576
 687.000       1.1761
 688.000       0.8975
 689.000       0.6710
 690.000       0.6327
 691.000       0.7283
 692.000       0.7271
 693.000       0.6656
 694.000       0.7226
 695.000       0.7143
 696.000       0.6536
 697.000       0.6013
 698.000       0.6410
 699.000       0.6346
 700.000       0.5894
 701.000       0.6669
 702.000       0.7068
 703.000       0.6210
 704.000       0.6069
 705.000       0.7344
 706.000       0.8741
 707.000       0.9805
 708.000       0.9305
 709.000       0.9220
 710.000       0.6664
 711.000       0.5549
 712.000       0.4310
 713.000       0.3791
 714.000       0.3586
 715.000       0.3574
 716.000       0.3825
 717.000       0.4126
 718.000       0.3787
 719.000       0.3824
 720.000       0.4017
 721.000       0.4091
 722.000       0.4521
 723.000       0.4910
 724.000       0.5151
 725.000       0.4743
 726.000       0.4664
 727.000       0.4999
 728.000       0.4639
 729.000       0.4343
 730.000       0.4251
 731.000       0.4228
 732.000       0.4544
 733.000       0.4682
 734.000       0.5211
 735.000       0.5407
 736.000       0.6076
 737.000       0.6288
 738.000       0.7707
 739.000       0.8496
 740.000       1.1343
 741.000       1.4048
 742.000       1.9060
 743.000       2.3050
 744.000       2.6077
 745.000       2.4748
 746.000       2.0136
 747.000       1.8559
 748.000       1.8747
 749.000       1.6153
 750.000       1.2457
 751.000       1.2890
 752.000       1.2503
 753.000       0.8984
 754.000       0.6937
 755.000       0.5990
 756.000       0.5142
 757.000       0.4523
 758.000       0.4235
 759.000       0.4399
 760.000       0.4367
 761.000       0.4487
 762.000       0.4539
 763.000       0.4224
 764.000       0.4974
 765.000       0.5098
 766.000       0.5010
 767.000       0.4561
 768.000       0.4384
 769.000       0.4502
 770.000       0.4887
 771.000       0.5041
 772.000       0.5084
 773.000       0.5296
 774.000       0.6697
 775.000       0.7075
 776.000       0.8459
 777.000       0.8649
 778.000       0.7841
 779.000       0.6212
 780.000       0.5805
 781.000       0.6192
 782.000       0.6308
 783.000       0.7336
 784.000       1.0629
 785.000       1.3327
 786.000       1.7775
 787.000       2.4832
 788.000       1.8738
 789.000       1.2254
 790.000       1.0584
 791.000       0.8873
 792.000       0.7370
 793.000       0.6956
 794.000       0.6091
 795.000       0.5350
 796.000       0.4551
 797.000       0.4492
 798.000       0.4574
 799.000       0.5184
 800.000       0.5268
 801.000       0.6244
 802.000       0.5775
 803.000       0.5810
 804.000       0.5047
 805.000       0.4297
 806.000       0.5011
 807.000       0.5239
 808.000       0.5750
 809.000       0.6604
 810.000       0.6902
 811.000       0.6985
 812.000       0.7439
 813.000       0.7012
 814.000       0.7236
 815.000       0.7870
 816.000       0.6720
 817.000       0.6574
 818.000       0.5990
 819.000       0.5756
 820.000       0.5316
 821.000       0.5041
 822.000       0.4964
 823.000       0.5027
 824.000       0.5051
 825.000       0.5580
 826.000       0.5326
 827.000       0.5077
 828.000       0.4941
 829.000       0.4737
 830.000       0.4270
 831.000       0.4415
 832.000       0.4869
 833.000       0.5592
 834.000       0.5592
 835.000       0.6383
 836.000       0.7357
 837.000       0.7977
 838.000       0.8386
 839.000       1.2681
 840.000       1.2837
 841.000       1.4305
 842.000       1.2945
 843.000       1.3218
 844.000       1.0343
 845.000       0.6494
 846.000       0.5464
 847.000       0.5164
 848.000       0.5856
 849.000       0.5849
 850.000       0.6202
 851.000       0.6963
 852.000       0.7857
 853.000       0.7871
 854.000       0.6951
 855.000       0.6945
 856.000       0.7562
 857.000       0.7261
 858.000       0.7394
 859.000       0.9547
 860.000       0.9956
 861.000       1.0817
 862.000       1.5700
 863.000       2.6647
