#Res        AtomicFlx
   1.000       1.4069
   2.000       1.2250
   3.000       1.1036
   4.000       0.9295
   5.000       1.0923
   6.000       1.1222
   7.000       0.9259
   8.000       0.8084
   9.000       0.8412
  10.000       0.7788
  11.000       0.7086
  12.000       0.7635
  13.000       0.8222
  14.000       0.7534
  15.000       0.7680
  16.000       1.1686
  17.000       1.1174
  18.000       0.8109
  19.000       0.7076
  20.000       0.7057
  21.000       0.6256
  22.000       0.6326
  23.000       0.6580
  24.000       0.6987
  25.000       0.8726
  26.000       1.0786
  27.000       1.1719
  28.000       0.9070
  29.000       0.7881
  30.000       0.6935
  31.000       0.7434
  32.000       0.6903
  33.000       0.6093
  34.000       0.6350
  35.000       0.6642
  36.000       0.6461
  37.000       0.6331
  38.000       0.6594
  39.000       0.7723
  40.000       0.8280
  41.000       0.7962
  42.000       0.8430
  43.000       0.9861
  44.000       0.8571
  45.000       0.6707
  46.000       0.5798
  47.000       0.5249
  48.000       0.5525
  49.000       0.4923
  50.000       0.4396
  51.000       0.4429
  52.000       0.4649
  53.000       0.4756
  54.000       0.4830
  55.000       0.4689
  56.000       0.5287
  57.000       0.5384
  58.000       0.4922
  59.000       0.4966
  60.000       0.5399
  61.000       0.5119
  62.000       0.4958
  63.000       0.5345
  64.000       0.5317
  65.000       0.5204
  66.000       0.6070
  67.000       0.7016
  68.000       0.6814
  69.000       0.6753
  70.000       0.7832
  71.000       0.6508
  72.000       0.5970
  73.000       0.5585
  74.000       0.4793
  75.000       0.4479
  76.000       0.4237
  77.000       0.4382
  78.000       0.4499
  79.000       0.4794
  80.000       0.4742
  81.000       0.4584
  82.000       0.4597
  83.000       0.4776
  84.000       0.4934
  85.000       0.4625
  86.000       0.4559
  87.000       0.4659
  88.000       0.4798
  89.000       0.4738
  90.000       0.4612
  91.000       0.5123
  92.000       0.5736
  93.000       0.5532
  94.000       0.6049
  95.000       0.5187
  96.000       0.5042
  97.000       0.4456
  98.000       0.4412
  99.000       0.4698
 100.000       0.4876
 101.000       0.4716
 102.000       0.4978
 103.000       0.5229
 104.000       0.4568
 105.000       0.4761
 106.000       0.5497
 107.000       0.5331
 108.000       0.5296
 109.000       0.6342
 110.000       0.6774
 111.000       0.6712
 112.000       0.8019
 113.000       0.6325
 114.000       0.6521
 115.000       0.7174
 116.000       0.7472
 117.000       0.6346
 118.000       0.5121
 119.000       0.4686
 120.000       0.4528
 121.000       0.5534
 122.000       0.5282
 123.000       0.5422
 124.000       0.5036
 125.000       0.4286
 126.000       0.4551
 127.000       0.5016
 128.000       0.5298
 129.000       0.5159
 130.000       0.5270
 131.000       0.6044
 132.000       0.6649
 133.000       0.7065
 134.000       0.8118
 135.000       0.9104
 136.000       0.9008
 137.000       0.8290
 138.000       0.6208
 139.000       0.6348
 140.000       0.5394
 141.000       0.4964
 142.000       0.4851
 143.000       0.4858
 144.000       0.4968
 145.000       0.5320
 146.000       0.5739
 147.000       0.5724
 148.000       0.5200
 149.000       0.5651
 150.000       0.6305
 151.000       0.5825
 152.000       0.6604
 153.000       0.7972
 154.000       0.7816
 155.000       0.7678
 156.000       0.9190
 157.000       1.7813
 158.000       1.0090
 159.000       0.6787
 160.000       0.5973
 161.000       0.5356
 162.000       0.4941
 163.000       0.4819
 164.000       0.4680
 165.000       0.5431
 166.000       0.6763
 167.000       0.7213
 168.000       0.7612
 169.000       0.7321
 170.000       0.8392
 171.000       0.9058
 172.000       0.8436
 173.000       0.8555
 174.000       0.7953
 175.000       0.6957
 176.000       0.6250
 177.000       0.6554
 178.000       0.6716
 179.000       0.5330
 180.000       0.5149
 181.000       0.5497
 182.000       0.6034
 183.000       0.6892
 184.000       0.7980
 185.000       0.9026
 186.000       0.7737
 187.000       0.7037
 188.000       0.7748
 189.000       0.7580
 190.000       0.6602
 191.000       0.6817
 192.000       0.7685
 193.000       0.7228
 194.000       0.6876
 195.000       0.8075
 196.000       0.8672
 197.000       0.8237
 198.000       0.8632
 199.000       0.7837
 200.000       0.7147
 201.000       0.6634
 202.000       0.6197
 203.000       0.5642
 204.000       0.5017
 205.000       0.4825
 206.000       0.5383
 207.000       0.6586
 208.000       0.7876
 209.000       0.8957
 210.000       0.6736
 211.000       0.7586
 212.000       0.8277
 213.000       0.8350
 214.000       0.8746
 215.000       0.9933
 216.000       0.9993
 217.000       0.8624
 218.000       0.8270
 219.000       0.8672
 220.000       0.8295
 221.000       0.6955
 222.000       0.6770
 223.000       0.7594
 224.000       0.7342
 225.000       0.6539
 226.000       0.7153
 227.000       0.7794
 228.000       0.7155
 229.000       0.7376
 230.000       0.8456
 231.000       0.8814
 232.000       0.8654
 233.000       0.9748
 234.000       1.0614
 235.000       1.0372
 236.000       1.0659
 237.000       0.9486
 238.000       1.0257
 239.000       0.7816
 240.000       0.6999
 241.000       0.5531
 242.000       0.4907
 243.000       0.4808
 244.000       0.5064
 245.000       0.5524
 246.000       0.6962
 247.000       0.8460
 248.000       0.6747
 249.000       0.6945
 250.000       0.7030
 251.000       0.6985
 252.000       0.7579
 253.000       0.9224
 254.000       0.9386
 255.000       1.0836
 256.000       1.0016
 257.000       0.7827
 258.000       0.6708
 259.000       0.7195
 260.000       0.7515
 261.000       0.7037
 262.000       0.6566
 263.000       0.7036
 264.000       0.7544
 265.000       0.7055
 266.000       0.6920
 267.000       0.7306
 268.000       0.7083
 269.000       0.6695
 270.000       0.7469
 271.000       0.7894
 272.000       0.7066
 273.000       0.6789
 274.000       0.7887
 275.000       0.9904
 276.000       1.0262
 277.000       0.9981
 278.000       1.0408
 279.000       0.6710
 280.000       0.5980
 281.000       0.5186
 282.000       0.4911
 283.000       0.4952
 284.000       0.5014
 285.000       0.5425
 286.000       0.6263
 287.000       0.4824
 288.000       0.4469
 289.000       0.5082
 290.000       0.5207
 291.000       0.5270
 292.000       0.5730
 293.000       0.5250
 294.000       0.5327
 295.000       0.4609
 296.000       0.4538
 297.000       0.4476
 298.000       0.4379
 299.000       0.4297
 300.000       0.3974
 301.000       0.4017
 302.000       0.4255
 303.000       0.5136
 304.000       0.5818
 305.000       0.6923
 306.000       0.7600
 307.000       0.9883
 308.000       1.2509
 309.000       1.3752
 310.000       1.3889
 311.000       1.4115
 312.000       1.7572
 313.000       1.6405
 314.000       1.6367
 315.000       1.4274
 316.000       1.5128
 317.000       1.4321
 318.000       1.1993
 319.000       1.2124
 320.000       1.0622
 321.000       1.1254
 322.000       0.8704
 323.000       0.6661
 324.000       0.5512
 325.000       0.4863
 326.000       0.4315
 327.000       0.3817
 328.000       0.4020
 329.000       0.4079
 330.000       0.3988
 331.000       0.3843
 332.000       0.3599
 333.000       0.3850
 334.000       0.4158
 335.000       0.4615
 336.000       0.4125
 337.000       0.4016
 338.000       0.4501
 339.000       0.4705
 340.000       0.4988
 341.000       0.5357
 342.000       0.5634
 343.000       0.6637
 344.000       0.6807
 345.000       0.8486
 346.000       0.7633
 347.000       1.0162
 348.000       0.7931
 349.000       0.7530
 350.000       0.9272
 351.000       1.0292
 352.000       1.5491
 353.000       1.8469
 354.000       1.8361
 355.000       1.9424
 356.000       2.0278
 357.000       1.6948
 358.000       1.4651
 359.000       1.1948
 360.000       0.9273
 361.000       0.7308
 362.000       0.6364
 363.000       0.5782
 364.000       0.5229
 365.000       0.4319
 366.000       0.4395
 367.000       0.4123
 368.000       0.4019
 369.000       0.3951
 370.000       0.4673
 371.000       0.4848
 372.000       0.5309
 373.000       0.4668
 374.000       0.4107
 375.000       0.4618
 376.000       0.4614
 377.000       0.5523
 378.000       0.6309
 379.000       0.6399
 380.000       0.6679
 381.000       0.7354
 382.000       0.7417
 383.000       0.8002
 384.000       0.8911
 385.000       0.7260
 386.000       0.6544
 387.000       0.5868
 388.000       0.5940
 389.000       0.5414
 390.000       0.5354
 391.000       0.5348
 392.000       0.4855
 393.000       0.4858
 394.000       0.6847
 395.000       0.7807
 396.000       0.7366
 397.000       0.6463
 398.000       0.5496
 399.000       0.7200
 400.000       0.7058
 401.000       0.5605
 402.000       0.5063
 403.000       0.4440
 404.000       0.4245
 405.000       0.4375
 406.000       0.4485
 407.000       0.4181
 408.000       0.3880
 409.000       0.4415
 410.000       0.4725
 411.000       0.5390
 412.000       0.4897
 413.000       0.5198
 414.000       0.5132
 415.000       0.5139
 416.000       0.4960
 417.000       0.4858
 418.000       0.4899
 419.000       0.5431
 420.000       0.6594
 421.000       0.7175
 422.000       0.7222
 423.000       0.6437
 424.000       0.6328
 425.000       0.6961
 426.000       0.6703
 427.000       0.6539
 428.000       0.8142
 429.000       0.8823
 430.000       0.9156
 431.000       1.1355
 432.000       1.2289
 433.000       1.8224
 434.000       1.4219
 435.000       1.1358
 436.000       1.2420
 437.000       1.2111
 438.000       0.9713
 439.000       0.8832
 440.000       0.9318
 441.000       0.8899
 442.000       0.8326
 443.000       0.9070
 444.000       0.9794
 445.000       0.9320
 446.000       1.1680
 447.000       1.6390
 448.000       1.5025
 449.000       1.3667
 450.000       0.9972
 451.000       0.8452
 452.000       0.7205
 453.000       0.7068
 454.000       0.7108
 455.000       0.7813
 456.000       0.9885
 457.000       1.1891
 458.000       1.3289
 459.000       1.1032
 460.000       0.9443
 461.000       0.7749
 462.000       0.7389
 463.000       0.7504
 464.000       0.7021
 465.000       0.6737
 466.000       0.7297
 467.000       0.7740
 468.000       0.7660
 469.000       0.8262
 470.000       0.9927
 471.000       1.0925
 472.000       1.1333
 473.000       1.2417
 474.000       1.2536
 475.000       0.8592
 476.000       0.6625
 477.000       0.6101
 478.000       0.4938
 479.000       0.4970
 480.000       0.5012
 481.000       0.4600
 482.000       0.4201
 483.000       0.4383
 484.000       0.4630
 485.000       0.4627
 486.000       0.4838
 487.000       0.5233
 488.000       0.5041
 489.000       0.4897
 490.000       0.5108
 491.000       0.5365
 492.000       0.5014
 493.000       0.5359
 494.000       0.6167
 495.000       0.5868
 496.000       0.5443
 497.000       0.6725
 498.000       0.7727
 499.000       0.6937
 500.000       0.6088
 501.000       0.7135
 502.000       0.5997
 503.000       0.5126
 504.000       0.4728
 505.000       0.4544
 506.000       0.4088
 507.000       0.3720
 508.000       0.3815
 509.000       0.3813
 510.000       0.3852
 511.000       0.3806
 512.000       0.4183
 513.000       0.4829
 514.000       0.5129
 515.000       0.5331
 516.000       0.5339
 517.000       0.5119
 518.000       0.5022
 519.000       0.5243
 520.000       0.5121
 521.000       0.5174
 522.000       0.5709
 523.000       0.6505
 524.000       0.6492
 525.000       0.6321
 526.000       0.6075
 527.000       0.5095
 528.000       0.4658
 529.000       0.3786
 530.000       0.4206
 531.000       0.4253
 532.000       0.4520
 533.000       0.5198
 534.000       0.5391
 535.000       0.4744
 536.000       0.5222
 537.000       0.6077
 538.000       0.5843
 539.000       0.6050
 540.000       0.7392
 541.000       0.7481
 542.000       0.8722
 543.000       1.0085
 544.000       0.7563
 545.000       0.7021
 546.000       0.7222
 547.000       0.6896
 548.000       0.5433
 549.000       0.5161
 550.000       0.4513
 551.000       0.4320
 552.000       0.4232
 553.000       0.4026
 554.000       0.4257
 555.000       0.4162
 556.000       0.4111
 557.000       0.4601
 558.000       0.5023
 559.000       0.5134
 560.000       0.5037
 561.000       0.4893
 562.000       0.5470
 563.000       0.5819
 564.000       0.5637
 565.000       0.6077
 566.000       0.6886
 567.000       0.6805
 568.000       0.6491
 569.000       0.5614
 570.000       0.5482
 571.000       0.4622
 572.000       0.4085
 573.000       0.3739
 574.000       0.3840
 575.000       0.4177
 576.000       0.4569
 577.000       0.5274
 578.000       0.5108
 579.000       0.4715
 580.000       0.5302
 581.000       0.5760
 582.000       0.5374
 583.000       0.5434
 584.000       0.6557
 585.000       0.6868
 586.000       0.6243
 587.000       0.6227
 588.000       0.9114
 589.000       0.7155
 590.000       0.5797
 591.000       0.4869
 592.000       0.4381
 593.000       0.4077
 594.000       0.4065
 595.000       0.4041
 596.000       0.4655
 597.000       0.5720
 598.000       0.6286
 599.000       0.7085
 600.000       0.6706
 601.000       0.8259
 602.000       0.9897
 603.000       1.2146
 604.000       1.8686
 605.000       1.5738
 606.000       1.0996
 607.000       0.5726
 608.000       0.5388
 609.000       0.6531
 610.000       0.4519
 611.000       0.4308
 612.000       0.4997
 613.000       0.5325
 614.000       0.6575
 615.000       0.8200
 616.000       0.9998
 617.000       0.7295
 618.000       0.6644
 619.000       0.6841
 620.000       0.6910
 621.000       0.6013
 622.000       0.6064
 623.000       0.6927
 624.000       0.6658
 625.000       0.6171
 626.000       0.7051
 627.000       0.7746
 628.000       0.7465
 629.000       0.7628
 630.000       0.6235
 631.000       0.5757
 632.000       0.5207
 633.000       0.5155
 634.000       0.4899
 635.000       0.4413
 636.000       0.4058
 637.000       0.4358
 638.000       0.4701
 639.000       0.5140
 640.000       0.5844
 641.000       0.6837
 642.000       0.7955
 643.000       0.8109
 644.000       0.7804
 645.000       0.7274
 646.000       0.7322
 647.000       0.7532
 648.000       0.6639
 649.000       0.5948
 650.000       0.6744
 651.000       0.7266
 652.000       0.6223
 653.000       0.6158
 654.000       0.6920
 655.000       0.6414
 656.000       0.5966
 657.000       0.6396
 658.000       0.6649
 659.000       0.6326
 660.000       0.6573
 661.000       0.7496
 662.000       0.7311
 663.000       0.7295
 664.000       0.8387
 665.000       0.8353
 666.000       0.7723
 667.000       0.8117
 668.000       0.7243
 669.000       0.8045
 670.000       0.6540
 671.000       0.6048
 672.000       0.5355
 673.000       0.4619
 674.000       0.4072
 675.000       0.4346
 676.000       0.4607
 677.000       0.7402
 678.000       0.5783
 679.000       0.5276
 680.000       0.5470
 681.000       0.6409
 682.000       0.9298
 683.000       1.4057
 684.000       1.5228
 685.000       1.1680
 686.000       1.3217
 687.000       1.2421
 688.000       0.8933
 689.000       0.6802
 690.000       0.6787
 691.000       0.7709
 692.000       0.7186
 693.000       0.6917
 694.000       0.7910
 695.000       0.7816
 696.000       0.6999
 697.000       0.6587
 698.000       0.7095
 699.000       0.6855
 700.000       0.6376
 701.000       0.7108
 702.000       0.7493
 703.000       0.6917
 704.000       0.6605
 705.000       0.7568
 706.000       0.8482
 707.000       0.9402
 708.000       0.9255
 709.000       0.9486
 710.000       0.6893
 711.000       0.6002
 712.000       0.4852
 713.000       0.4233
 714.000       0.3848
 715.000       0.3892
 716.000       0.4108
 717.000       0.4410
 718.000       0.4080
 719.000       0.4033
 720.000       0.4264
 721.000       0.4281
 722.000       0.4644
 723.000       0.4883
 724.000       0.5018
 725.000       0.4828
 726.000       0.4610
 727.000       0.4416
 728.000       0.4623
 729.000       0.4306
 730.000       0.4108
 731.000       0.4143
 732.000       0.4421
 733.000       0.4462
 734.000       0.4791
 735.000       0.4943
 736.000       0.5661
 737.000       0.6190
 738.000       0.7478
 739.000       0.7916
 740.000       0.9639
 741.000       1.1283
 742.000       1.5933
 743.000       2.0542
 744.000       2.3982
 745.000       2.2079
 746.000       1.7243
 747.000       1.5223
 748.000       1.4527
 749.000       1.2680
 750.000       0.9670
 751.000       0.9588
 752.000       0.9525
 753.000       0.7336
 754.000       0.6319
 755.000       0.5545
 756.000       0.5300
 757.000       0.4919
 758.000       0.4421
 759.000       0.4309
 760.000       0.4056
 761.000       0.4019
 762.000       0.4216
 763.000       0.4138
 764.000       0.4866
 765.000       0.4952
 766.000       0.4819
 767.000       0.4454
 768.000       0.4303
 769.000       0.4451
 770.000       0.4877
 771.000       0.4936
 772.000       0.4916
 773.000       0.5484
 774.000       0.6739
 775.000       0.7284
 776.000       0.9087
 777.000       0.8629
 778.000       0.9501
 779.000       0.7451
 780.000       0.6588
 781.000       0.6651
 782.000       0.6572
 783.000       0.7938
 784.000       1.0302
 785.000       1.2870
 786.000       1.4848
 787.000       1.8701
 788.000       1.6146
 789.000       1.3140
 790.000       1.1293
 791.000       0.9222
 792.000       0.7700
 793.000       0.6894
 794.000       0.6028
 795.000       0.5400
 796.000       0.4896
 797.000       0.5114
 798.000       0.4643
 799.000       0.4819
 800.000       0.4700
 801.000       0.5495
 802.000       0.5446
 803.000       0.5893
 804.000       0.5231
 805.000       0.4482
 806.000       0.4988
 807.000       0.5155
 808.000       0.5791
 809.000       0.6535
 810.000       0.6852
 811.000       0.6981
 812.000       0.7409
 813.000       0.7085
 814.000       0.7541
 815.000       0.8464
 816.000       0.6912
 817.000       0.6778
 818.000       0.6038
 819.000       0.5844
 820.000       0.5494
 821.000       0.5387
 822.000       0.5328
 823.000       0.5104
 824.000       0.4757
 825.000       0.5649
 826.000       0.5543
 827.000       0.5202
 828.000       0.5091
 829.000       0.4503
 830.000       0.4036
 831.000       0.4292
 832.000       0.4465
 833.000       0.4974
 834.000       0.4774
 835.000       0.5521
 836.000       0.5514
 837.000       0.5321
 838.000       0.5285
 839.000       0.5619
 840.000       0.7449
 841.000       1.1272
 842.000       1.0173
 843.000       1.0235
 844.000       0.9249
 845.000       0.6433
 846.000       0.5387
 847.000       0.4788
 848.000       0.5301
 849.000       0.5205
 850.000       0.5983
 851.000       0.6892
 852.000       0.7682
 853.000       0.7903
 854.000       0.7124
 855.000       0.6857
 856.000       0.7583
 857.000       0.7449
 858.000       0.8251
 859.000       1.0994
 860.000       1.1229
 861.000       1.3558
 862.000       1.7763
 863.000       2.6988
