#Res        AtomicFlx
   1.000       2.5710
   2.000       1.6123
   3.000       1.2378
   4.000       1.0721
   5.000       1.2540
   6.000       1.2896
   7.000       1.0362
   8.000       0.9190
   9.000       0.9631
  10.000       0.9185
  11.000       0.8404
  12.000       0.8810
  13.000       0.9298
  14.000       0.8887
  15.000       0.8996
  16.000       1.1246
  17.000       1.1497
  18.000       1.0007
  19.000       0.8531
  20.000       0.8033
  21.000       0.7095
  22.000       0.7048
  23.000       0.7446
  24.000       0.7880
  25.000       0.9171
  26.000       1.0342
  27.000       1.1566
  28.000       0.9112
  29.000       0.7868
  30.000       0.6988
  31.000       0.7472
  32.000       0.7489
  33.000       0.6710
  34.000       0.6702
  35.000       0.7232
  36.000       0.6966
  37.000       0.6329
  38.000       0.6522
  39.000       0.7629
  40.000       0.7867
  41.000       0.7428
  42.000       0.7807
  43.000       0.8965
  44.000       0.8007
  45.000       0.7414
  46.000       0.6569
  47.000       0.5548
  48.000       0.5732
  49.000       0.5033
  50.000       0.4387
  51.000       0.4490
  52.000       0.4820
  53.000       0.5162
  54.000       0.5494
  55.000       0.5636
  56.000       0.6404
  57.000       0.6383
  58.000       0.5717
  59.000       0.6180
  60.000       0.7082
  61.000       0.6484
  62.000       0.5974
  63.000       0.6960
  64.000       0.6910
  65.000       0.6122
  66.000       0.6832
  67.000       0.7893
  68.000       0.7275
  69.000       0.6596
  70.000       0.7347
  71.000       0.6056
  72.000       0.5431
  73.000       0.5096
  74.000       0.4846
  75.000       0.4611
  76.000       0.4797
  77.000       0.4841
  78.000       0.4715
  79.000       0.5390
  80.000       0.5441
  81.000       0.5176
  82.000       0.5346
  83.000       0.6237
  84.000       0.6063
  85.000       0.5642
  86.000       0.5788
  87.000       0.5771
  88.000       0.5913
  89.000       0.5915
  90.000       0.6141
  91.000       0.6790
  92.000       0.8730
  93.000       0.8788
  94.000       0.8317
  95.000       0.7115
  96.000       0.5487
  97.000       0.4681
  98.000       0.4614
  99.000       0.4994
 100.000       0.5441
 101.000       0.5420
 102.000       0.5462
 103.000       0.5469
 104.000       0.4828
 105.000       0.4857
 106.000       0.5576
 107.000       0.5639
 108.000       0.5493
 109.000       0.6305
 110.000       0.6967
 111.000       0.7459
 112.000       0.8410
 113.000       0.6752
 114.000       0.6932
 115.000       0.6836
 116.000       0.7070
 117.000       0.5567
 118.000       0.4854
 119.000       0.4388
 120.000       0.4243
 121.000       0.5326
 122.000       0.5008
 123.000       0.4868
 124.000       0.4182
 125.000       0.3919
 126.000       0.4181
 127.000       0.4559
 128.000       0.4714
 129.000       0.4556
 130.000       0.4641
 131.000       0.5278
 132.000       0.5658
 133.000       0.5901
 134.000       0.6525
 135.000       0.6903
 136.000       0.6865
 137.000       0.6584
 138.000       0.5481
 139.000       0.5388
 140.000       0.4817
 141.000       0.4611
 142.000       0.4425
 143.000       0.4276
 144.000       0.4291
 145.000       0.4572
 146.000       0.5066
 147.000       0.4971
 148.000       0.4524
 149.000       0.4946
 150.000       0.5448
 151.000       0.5113
 152.000       0.5343
 153.000       0.6408
 154.000       0.6793
 155.000       0.6262
 156.000       0.6225
 157.000       1.1499
 158.000       0.6781
 159.000       0.5805
 160.000       0.5018
 161.000       0.4577
 162.000       0.4241
 163.000       0.4337
 164.000       0.4487
 165.000       0.5063
 166.000       0.5946
 167.000       0.6173
 168.000       0.7007
 169.000       0.6590
 170.000       0.8132
 171.000       1.1507
 172.000       1.1807
 173.000       1.2707
 174.000       1.0757
 175.000       0.7613
 176.000       0.5504
 177.000       0.5541
 178.000       0.5847
 179.000       0.4868
 180.000       0.4669
 181.000       0.4888
 182.000       0.5409
 183.000       0.6220
 184.000       0.6919
 185.000       0.7277
 186.000       0.6903
 187.000       0.6298
 188.000       0.6948
 189.000       0.7027
 190.000       0.5929
 191.000       0.6174
 192.000       0.7024
 193.000       0.6703
 194.000       0.6414
 195.000       0.7583
 196.000       0.8357
 197.000       0.8153
 198.000       0.8271
 199.000       0.6720
 200.000       0.5913
 201.000       0.5399
 202.000       0.4883
 203.000       0.4683
 204.000       0.4488
 205.000       0.4433
 206.000       0.4872
 207.000       0.5619
 208.000       0.7171
 209.000       0.8892
 210.000       0.7963
 211.000       0.9613
 212.000       1.4802
 213.000       1.3352
 214.000       1.0904
 215.000       0.9642
 216.000       0.9997
 217.000       0.9408
 218.000       0.8423
 219.000       0.8527
 220.000       0.8215
 221.000       0.7341
 222.000       0.7051
 223.000       0.7850
 224.000       0.7616
 225.000       0.6834
 226.000       0.7281
 227.000       0.7690
 228.000       0.7086
 229.000       0.7400
 230.000       0.8098
 231.000       0.7923
 232.000       0.7872
 233.000       0.9011
 234.000       0.9765
 235.000       0.9180
 236.000       0.9410
 237.000       0.8071
 238.000       0.8672
 239.000       0.6574
 240.000       0.5888
 241.000       0.4973
 242.000       0.4585
 243.000       0.4363
 244.000       0.4812
 245.000       0.5438
 246.000       0.7007
 247.000       0.9356
 248.000       0.7967
 249.000       0.8911
 250.000       1.0100
 251.000       1.0243
 252.000       1.0990
 253.000       1.3221
 254.000       1.2728
 255.000       1.4268
 256.000       1.2028
 257.000       0.9821
 258.000       0.8223
 259.000       0.8371
 260.000       0.8970
 261.000       0.8494
 262.000       0.7754
 263.000       0.8275
 264.000       0.8428
 265.000       0.7520
 266.000       0.6913
 267.000       0.7527
 268.000       0.7580
 269.000       0.6813
 270.000       0.7762
 271.000       0.8710
 272.000       0.7840
 273.000       0.7203
 274.000       0.8293
 275.000       0.9542
 276.000       1.0613
 277.000       0.9866
 278.000       0.9888
 279.000       0.7113
 280.000       0.5771
 281.000       0.4836
 282.000       0.4312
 283.000       0.4557
 284.000       0.4917
 285.000       0.5889
 286.000       0.7363
 287.000       0.6228
 288.000       0.5429
 289.000       0.5567
 290.000       0.5514
 291.000       0.5473
 292.000       0.5889
 293.000       0.5735
 294.000       0.5584
 295.000       0.4761
 296.000       0.4567
 297.000       0.4498
 298.000       0.4452
 299.000       0.4381
 300.000       0.4157
 301.000       0.4418
 302.000       0.4736
 303.000       0.5545
 304.000       0.5617
 305.000       0.6702
 306.000       0.7171
 307.000       0.8587
 308.000       0.8845
 309.000       0.8915
 310.000       1.0331
 311.000       1.2111
 312.000       1.4341
 313.000       1.3339
 314.000       1.1890
 315.000       1.2203
 316.000       1.3754
 317.000       1.3301
 318.000       1.1009
 319.000       1.0689
 320.000       0.9482
 321.000       0.9323
 322.000       0.8017
 323.000       0.6728
 324.000       0.5502
 325.000       0.4999
 326.000       0.4554
 327.000       0.4100
 328.000       0.4149
 329.000       0.4084
 330.000       0.4016
 331.000       0.3963
 332.000       0.3909
 333.000       0.3987
 334.000       0.4235
 335.000       0.4583
 336.000       0.4231
 337.000       0.4344
 338.000       0.4996
 339.000       0.5306
 340.000       0.5474
 341.000       0.5856
 342.000       0.7550
 343.000       0.9261
 344.000       0.8308
 345.000       0.8304
 346.000       0.7957
 347.000       0.8343
 348.000       0.6410
 349.000       0.6067
 350.000       0.7933
 351.000       1.0474
 352.000       1.2795
 353.000       1.5508
 354.000       1.6348
 355.000       1.7899
 356.000       2.0284
 357.000       1.9664
 358.000       1.5491
 359.000       1.2873
 360.000       0.9743
 361.000       0.7518
 362.000       0.6320
 363.000       0.5793
 364.000       0.5022
 365.000       0.4321
 366.000       0.4327
 367.000       0.4207
 368.000       0.3852
 369.000       0.3891
 370.000       0.4473
 371.000       0.4796
 372.000       0.5330
 373.000       0.4768
 374.000       0.4259
 375.000       0.4936
 376.000       0.4728
 377.000       0.5178
 378.000       0.6127
 379.000       0.6281
 380.000       0.6389
 381.000       0.7702
 382.000       0.7108
 383.000       0.7847
 384.000       0.9647
 385.000       0.7484
 386.000       0.6303
 387.000       0.5259
 388.000       0.5064
 389.000       0.5040
 390.000       0.5060
 391.000       0.5089
 392.000       0.4658
 393.000       0.4712
 394.000       0.6162
 395.000       0.7503
 396.000       0.8832
 397.000       0.8110
 398.000       0.6810
 399.000       0.7030
 400.000       0.6179
 401.000       0.5272
 402.000       0.5046
 403.000       0.4719
 404.000       0.4338
 405.000       0.4498
 406.000       0.4705
 407.000       0.4330
 408.000       0.4113
 409.000       0.4652
 410.000       0.4936
 411.000       0.5626
 412.000       0.5316
 413.000       0.5454
 414.000       0.5422
 415.000       0.5187
 416.000       0.4981
 417.000       0.5538
 418.000       0.5485
 419.000       0.6351
 420.000       0.7697
 421.000       0.8399
 422.000       0.8602
 423.000       0.7567
 424.000       0.7589
 425.000       0.8727
 426.000       0.8478
 427.000       0.8092
 428.000       0.9575
 429.000       1.0218
 430.000       1.0029
 431.000       1.2339
 432.000       1.3466
 433.000       2.5732
 434.000       1.4768
 435.000       1.1014
 436.000       1.0671
 437.000       1.0085
 438.000       0.8785
 439.000       0.8279
 440.000       0.8849
 441.000       0.8277
 442.000       0.7714
 443.000       0.8633
 444.000       0.9075
 445.000       0.8903
 446.000       0.9967
 447.000       1.2174
 448.000       1.2846
 449.000       1.1642
 450.000       0.9413
 451.000       0.8483
 452.000       0.7050
 453.000       0.6590
 454.000       0.6513
 455.000       0.6861
 456.000       0.8698
 457.000       1.1139
 458.000       1.3503
 459.000       1.0392
 460.000       0.9219
 461.000       0.8019
 462.000       0.7848
 463.000       0.7921
 464.000       0.6899
 465.000       0.6318
 466.000       0.6474
 467.000       0.6559
 468.000       0.6167
 469.000       0.6005
 470.000       0.7192
 471.000       0.7473
 472.000       0.7121
 473.000       0.7390
 474.000       0.7999
 475.000       0.6662
 476.000       0.5410
 477.000       0.5067
 478.000       0.4905
 479.000       0.5004
 480.000       0.4687
 481.000       0.4267
 482.000       0.4521
 483.000       0.4895
 484.000       0.5294
 485.000       0.4939
 486.000       0.5053
 487.000       0.5348
 488.000       0.5014
 489.000       0.4948
 490.000       0.5463
 491.000       0.5613
 492.000       0.5073
 493.000       0.5677
 494.000       0.6695
 495.000       0.6217
 496.000       0.5541
 497.000       0.6866
 498.000       0.7782
 499.000       0.6709
 500.000       0.5866
 501.000       0.6754
 502.000       0.5790
 503.000       0.4965
 504.000       0.4691
 505.000       0.4522
 506.000       0.4130
 507.000       0.3828
 508.000       0.3931
 509.000       0.4117
 510.000       0.4030
 511.000       0.3933
 512.000       0.4443
 513.000       0.5225
 514.000       0.7146
 515.000       0.7540
 516.000       0.6558
 517.000       0.6518
 518.000       0.6382
 519.000       0.6836
 520.000       0.6589
 521.000       0.6539
 522.000       0.7172
 523.000       0.8230
 524.000       0.7768
 525.000       0.7485
 526.000       0.6104
 527.000       0.5142
 528.000       0.4325
 529.000       0.3944
 530.000       0.4642
 531.000       0.4803
 532.000       0.5224
 533.000       0.6092
 534.000       0.6413
 535.000       0.5455
 536.000       0.6062
 537.000       0.7143
 538.000       0.6652
 539.000       0.6835
 540.000       0.8363
 541.000       0.8543
 542.000       0.8902
 543.000       0.9872
 544.000       0.7718
 545.000       0.7568
 546.000       0.7340
 547.000       0.6991
 548.000       0.5510
 549.000       0.4871
 550.000       0.4247
 551.000       0.4597
 552.000       0.4508
 553.000       0.4369
 554.000       0.4347
 555.000       0.4348
 556.000       0.4421
 557.000       0.4595
 558.000       0.5024
 559.000       0.5247
 560.000       0.4933
 561.000       0.5015
 562.000       0.5674
 563.000       0.5963
 564.000       0.5922
 565.000       0.6464
 566.000       0.7061
 567.000       0.6910
 568.000       0.6806
 569.000       0.5541
 570.000       0.5257
 571.000       0.4612
 572.000       0.4247
 573.000       0.3994
 574.000       0.4126
 575.000       0.4447
 576.000       0.4899
 577.000       0.6092
 578.000       0.6414
 579.000       0.5548
 580.000       0.6124
 581.000       0.7477
 582.000       0.7260
 583.000       0.6631
 584.000       0.8225
 585.000       0.8879
 586.000       0.7601
 587.000       0.7113
 588.000       1.2135
 589.000       0.7367
 590.000       0.5589
 591.000       0.4989
 592.000       0.4649
 593.000       0.4293
 594.000       0.4062
 595.000       0.3975
 596.000       0.4561
 597.000       0.6089
 598.000       0.7263
 599.000       0.8487
 600.000       0.7971
 601.000       0.9178
 602.000       0.8949
 603.000       0.8524
 604.000       0.9546
 605.000       1.1354
 606.000       1.0370
 607.000       0.7071
 608.000       0.6211
 609.000       0.6747
 610.000       0.4555
 611.000       0.4420
 612.000       0.5071
 613.000       0.5545
 614.000       0.7134
 615.000       0.9025
 616.000       1.0745
 617.000       0.8661
 618.000       0.7168
 619.000       0.7468
 620.000       0.7574
 621.000       0.6677
 622.000       0.6601
 623.000       0.7330
 624.000       0.7102
 625.000       0.6926
 626.000       0.7946
 627.000       0.8231
 628.000       0.8177
 629.000       0.8514
 630.000       0.7120
 631.000       0.6053
 632.000       0.5686
 633.000       0.5321
 634.000       0.4985
 635.000       0.4369
 636.000       0.3882
 637.000       0.4184
 638.000       0.4787
 639.000       0.5292
 640.000       0.6120
 641.000       0.7723
 642.000       0.8822
 643.000       0.7288
 644.000       0.7908
 645.000       0.7744
 646.000       0.7933
 647.000       0.7888
 648.000       0.7008
 649.000       0.6448
 650.000       0.6754
 651.000       0.6605
 652.000       0.5802
 653.000       0.5673
 654.000       0.6282
 655.000       0.6362
 656.000       0.5981
 657.000       0.6391
 658.000       0.6847
 659.000       0.6404
 660.000       0.6683
 661.000       0.7585
 662.000       0.7587
 663.000       0.7712
 664.000       0.9236
 665.000       0.9576
 666.000       0.8819
 667.000       0.9218
 668.000       0.8505
 669.000       0.9853
 670.000       0.7163
 671.000       0.6618
 672.000       0.5545
 673.000       0.4416
 674.000       0.3834
 675.000       0.4142
 676.000       0.4281
 677.000       0.4370
 678.000       0.5002
 679.000       0.4633
 680.000       0.5071
 681.000       0.5283
 682.000       0.7001
 683.000       0.7520
 684.000       1.0539
 685.000       1.2030
 686.000       1.4372
 687.000       1.7799
 688.000       1.2093
 689.000       0.8129
 690.000       0.7303
 691.000       0.8600
 692.000       0.6915
 693.000       0.6889
 694.000       0.7686
 695.000       0.7580
 696.000       0.6849
 697.000       0.6579
 698.000       0.7134
 699.000       0.7074
 700.000       0.6589
 701.000       0.7387
 702.000       0.8004
 703.000       0.7217
 704.000       0.6838
 705.000       0.8032
 706.000       0.9406
 707.000       1.0541
 708.000       1.0133
 709.000       0.9959
 710.000       0.7525
 711.000       0.6201
 712.000       0.4526
 713.000       0.3920
 714.000       0.3747
 715.000       0.3716
 716.000       0.4010
 717.000       0.4295
 718.000       0.3979
 719.000       0.3966
 720.000       0.4411
 721.000       0.4458
 722.000       0.4696
 723.000       0.4907
 724.000       0.5110
 725.000       0.4735
 726.000       0.4734
 727.000       0.4406
 728.000       0.4322
 729.000       0.4309
 730.000       0.4126
 731.000       0.3810
 732.000       0.4036
 733.000       0.3887
 734.000       0.4184
 735.000       0.4432
 736.000       0.5244
 737.000       0.5817
 738.000       0.7239
 739.000       0.8809
 740.000       1.1319
 741.000       1.3011
 742.000       1.6384
 743.000       1.9724
 744.000       2.2342
 745.000       2.0857
 746.000       1.7375
 747.000       1.5489
 748.000       1.5158
 749.000       1.3672
 750.000       1.1033
 751.000       1.0715
 752.000       1.0876
 753.000       0.7832
 754.000       0.6202
 755.000       0.5324
 756.000       0.4597
 757.000       0.4298
 758.000       0.3972
 759.000       0.4205
 760.000       0.4074
 761.000       0.4167
 762.000       0.4263
 763.000       0.4327
 764.000       0.5095
 765.000       0.5015
 766.000       0.4808
 767.000       0.4425
 768.000       0.4354
 769.000       0.4377
 770.000       0.4746
 771.000       0.4840
 772.000       0.4603
 773.000       0.4894
 774.000       0.6140
 775.000       0.6449
 776.000       0.7873
 777.000       0.7354
 778.000       0.8349
 779.000       0.6319
 780.000       0.6282
 781.000       0.6857
 782.000       0.6605
 783.000       0.6966
 784.000       0.8753
 785.000       1.0440
 786.000       1.2838
 787.000       1.7306
 788.000       1.5301
 789.000       1.1591
 790.000       0.9860
 791.000       0.8278
 792.000       0.6902
 793.000       0.6469
 794.000       0.5765
 795.000       0.5174
 796.000       0.4612
 797.000       0.4581
 798.000       0.4574
 799.000       0.4807
 800.000       0.4959
 801.000       0.5915
 802.000       0.5714
 803.000       0.5900
 804.000       0.5325
 805.000       0.4644
 806.000       0.5078
 807.000       0.5087
 808.000       0.5839
 809.000       0.6564
 810.000       0.6715
 811.000       0.6707
 812.000       0.7226
 813.000       0.6842
 814.000       0.7127
 815.000       0.8042
 816.000       0.6323
 817.000       0.5714
 818.000       0.5079
 819.000       0.5155
 820.000       0.4914
 821.000       0.5196
 822.000       0.5033
 823.000       0.4817
 824.000       0.4793
 825.000       0.5724
 826.000       0.5540
 827.000       0.4887
 828.000       0.4826
 829.000       0.4537
 830.000       0.4193
 831.000       0.4381
 832.000       0.4609
 833.000       0.5103
 834.000       0.4831
 835.000       0.5565
 836.000       0.5687
 837.000       0.5469
 838.000       0.5694
 839.000       0.6407
 840.000       0.8803
 841.000       1.2826
 842.000       1.1513
 843.000       1.0156
 844.000       0.8230
 845.000       0.6038
 846.000       0.5346
 847.000       0.5041
 848.000       0.5736
 849.000       0.5388
 850.000       0.5325
 851.000       0.6245
 852.000       0.6973
 853.000       0.7474
 854.000       0.6851
 855.000       0.6843
 856.000       0.7858
 857.000       0.8266
 858.000       0.9324
 859.000       1.2509
 860.000       1.2926
 861.000       1.1452
 862.000       1.3136
 863.000       1.3256
