#Res        AtomicFlx
   1.000       2.5567
   2.000       1.8103
   3.000       1.3969
   4.000       1.0342
   5.000       1.2093
   6.000       1.2667
   7.000       0.9827
   8.000       0.8645
   9.000       0.9265
  10.000       0.8558
  11.000       0.7562
  12.000       0.8658
  13.000       0.9434
  14.000       0.8607
  15.000       0.8512
  16.000       1.0651
  17.000       1.1026
  18.000       0.9454
  19.000       0.7990
  20.000       0.7532
  21.000       0.6625
  22.000       0.6663
  23.000       0.6808
  24.000       0.7213
  25.000       0.8779
  26.000       1.0446
  27.000       1.1877
  28.000       0.9212
  29.000       0.7676
  30.000       0.6523
  31.000       0.7017
  32.000       0.6857
  33.000       0.6270
  34.000       0.6298
  35.000       0.6685
  36.000       0.6493
  37.000       0.6405
  38.000       0.6708
  39.000       0.7791
  40.000       0.7880
  41.000       0.7170
  42.000       0.7524
  43.000       0.8577
  44.000       0.7650
  45.000       0.6783
  46.000       0.6231
  47.000       0.5616
  48.000       0.5793
  49.000       0.5299
  50.000       0.5034
  51.000       0.4900
  52.000       0.4964
  53.000       0.5024
  54.000       0.4987
  55.000       0.4864
  56.000       0.5372
  57.000       0.5324
  58.000       0.4958
  59.000       0.5271
  60.000       0.5983
  61.000       0.5670
  62.000       0.5534
  63.000       0.6283
  64.000       0.6201
  65.000       0.5589
  66.000       0.6411
  67.000       0.7250
  68.000       0.6661
  69.000       0.6385
  70.000       0.7321
  71.000       0.6109
  72.000       0.5414
  73.000       0.5054
  74.000       0.4999
  75.000       0.5239
  76.000       0.4584
  77.000       0.5145
  78.000       0.5284
  79.000       0.5359
  80.000       0.5394
  81.000       0.5271
  82.000       0.5548
  83.000       0.5623
  84.000       0.5661
  85.000       0.5149
  86.000       0.4915
  87.000       0.5149
  88.000       0.5506
  89.000       0.5413
  90.000       0.5275
  91.000       0.6048
  92.000       0.7094
  93.000       0.7128
  94.000       0.7171
  95.000       0.5993
  96.000       0.4954
  97.000       0.4714
  98.000       0.4581
  99.000       0.4838
 100.000       0.5280
 101.000       0.5285
 102.000       0.5353
 103.000       0.5603
 104.000       0.5246
 105.000       0.5172
 106.000       0.5784
 107.000       0.6067
 108.000       0.6136
 109.000       0.7093
 110.000       0.7960
 111.000       0.7361
 112.000       0.8033
 113.000       0.6740
 114.000       0.6934
 115.000       0.7092
 116.000       0.7412
 117.000       0.5942
 118.000       0.5091
 119.000       0.4575
 120.000       0.4579
 121.000       0.5187
 122.000       0.4864
 123.000       0.4603
 124.000       0.4172
 125.000       0.4202
 126.000       0.4489
 127.000       0.5646
 128.000       0.6100
 129.000       0.5434
 130.000       0.5433
 131.000       0.6498
 132.000       0.6871
 133.000       0.6537
 134.000       0.7203
 135.000       0.7998
 136.000       0.7418
 137.000       0.6857
 138.000       0.5568
 139.000       0.5518
 140.000       0.5203
 141.000       0.5238
 142.000       0.4548
 143.000       0.4288
 144.000       0.4364
 145.000       0.4661
 146.000       0.5126
 147.000       0.4956
 148.000       0.4399
 149.000       0.4947
 150.000       0.5409
 151.000       0.5023
 152.000       0.5463
 153.000       0.6658
 154.000       0.7035
 155.000       0.6586
 156.000       0.6562
 157.000       0.9236
 158.000       0.7113
 159.000       0.5870
 160.000       0.5271
 161.000       0.4869
 162.000       0.4695
 163.000       0.4357
 164.000       0.4368
 165.000       0.4837
 166.000       0.5709
 167.000       0.6485
 168.000       0.6554
 169.000       0.6121
 170.000       0.7075
 171.000       0.7742
 172.000       0.7183
 173.000       0.7238
 174.000       0.6827
 175.000       0.6248
 176.000       0.5123
 177.000       0.5047
 178.000       0.5494
 179.000       0.5111
 180.000       0.4421
 181.000       0.4863
 182.000       0.5447
 183.000       0.6612
 184.000       0.7347
 185.000       0.7441
 186.000       0.6613
 187.000       0.6086
 188.000       0.6607
 189.000       0.6564
 190.000       0.5737
 191.000       0.5915
 192.000       0.6651
 193.000       0.6345
 194.000       0.6127
 195.000       0.7116
 196.000       0.7702
 197.000       0.7581
 198.000       0.7739
 199.000       0.6712
 200.000       0.6090
 201.000       0.5462
 202.000       0.5077
 203.000       0.4826
 204.000       0.4499
 205.000       0.4370
 206.000       0.4558
 207.000       0.4823
 208.000       0.5460
 209.000       0.6098
 210.000       0.6208
 211.000       0.7398
 212.000       0.9559
 213.000       1.0316
 214.000       0.8844
 215.000       0.8254
 216.000       0.7692
 217.000       0.6754
 218.000       0.6217
 219.000       0.6718
 220.000       0.6814
 221.000       0.5945
 222.000       0.5617
 223.000       0.6300
 224.000       0.6305
 225.000       0.5744
 226.000       0.6110
 227.000       0.6615
 228.000       0.6257
 229.000       0.6430
 230.000       0.7140
 231.000       0.7403
 232.000       0.7439
 233.000       0.8204
 234.000       0.8648
 235.000       0.8372
 236.000       0.8883
 237.000       0.7922
 238.000       0.8753
 239.000       0.6695
 240.000       0.6032
 241.000       0.5127
 242.000       0.4771
 243.000       0.4531
 244.000       0.4690
 245.000       0.4858
 246.000       0.5157
 247.000       0.6115
 248.000       0.5944
 249.000       0.6444
 250.000       0.8052
 251.000       0.8967
 252.000       1.0132
 253.000       1.2343
 254.000       1.2821
 255.000       1.5614
 256.000       1.2147
 257.000       0.9149
 258.000       0.7109
 259.000       0.7758
 260.000       0.8230
 261.000       0.7068
 262.000       0.6713
 263.000       0.7448
 264.000       0.7212
 265.000       0.6451
 266.000       0.6653
 267.000       0.7181
 268.000       0.6742
 269.000       0.6245
 270.000       0.7274
 271.000       0.7813
 272.000       0.6919
 273.000       0.6711
 274.000       0.8396
 275.000       1.0096
 276.000       1.0983
 277.000       1.0424
 278.000       1.0434
 279.000       0.7485
 280.000       0.5999
 281.000       0.5178
 282.000       0.4598
 283.000       0.4694
 284.000       0.5300
 285.000       0.7047
 286.000       0.6621
 287.000       0.5858
 288.000       0.5667
 289.000       0.5784
 290.000       0.4783
 291.000       0.5236
 292.000       0.6011
 293.000       0.5834
 294.000       0.5759
 295.000       0.5013
 296.000       0.5201
 297.000       0.5065
 298.000       0.4790
 299.000       0.4585
 300.000       0.4290
 301.000       0.4322
 302.000       0.4425
 303.000       0.4656
 304.000       0.4714
 305.000       0.6179
 306.000       0.7080
 307.000       0.8715
 308.000       0.8791
 309.000       0.8952
 310.000       0.9225
 311.000       1.1453
 312.000       1.3906
 313.000       1.4201
 314.000       1.3027
 315.000       1.2384
 316.000       1.4129
 317.000       1.3607
 318.000       1.1056
 319.000       1.0097
 320.000       0.8722
 321.000       0.8831
 322.000       0.7813
 323.000       0.6366
 324.000       0.5345
 325.000       0.4609
 326.000       0.4438
 327.000       0.3990
 328.000       0.4127
 329.000       0.4368
 330.000       0.4529
 331.000       0.4527
 332.000       0.4524
 333.000       0.5070
 334.000       0.5316
 335.000       0.5515
 336.000       0.4928
 337.000       0.5002
 338.000       0.5700
 339.000       0.5856
 340.000       0.6098
 341.000       0.6801
 342.000       0.8273
 343.000       0.9565
 344.000       0.7911
 345.000       0.7703
 346.000       0.7650
 347.000       0.8242
 348.000       0.5994
 349.000       0.6046
 350.000       0.7695
 351.000       0.8517
 352.000       0.9027
 353.000       1.1283
 354.000       1.4056
 355.000       1.5853
 356.000       1.9957
 357.000       1.5849
 358.000       1.2170
 359.000       1.0071
 360.000       0.8297
 361.000       0.6784
 362.000       0.6152
 363.000       0.5620
 364.000       0.5114
 365.000       0.4509
 366.000       0.4158
 367.000       0.4140
 368.000       0.3977
 369.000       0.4009
 370.000       0.4396
 371.000       0.4888
 372.000       0.5388
 373.000       0.4999
 374.000       0.4471
 375.000       0.4862
 376.000       0.4726
 377.000       0.5258
 378.000       0.5980
 379.000       0.6500
 380.000       0.6498
 381.000       0.7278
 382.000       0.6797
 383.000       0.7131
 384.000       0.7997
 385.000       0.6655
 386.000       0.6044
 387.000       0.5266
 388.000       0.5197
 389.000       0.5114
 390.000       0.5190
 391.000       0.5464
 392.000       0.5003
 393.000       0.5068
 394.000       0.7155
 395.000       0.8217
 396.000       0.8867
 397.000       0.7191
 398.000       0.6164
 399.000       0.6774
 400.000       0.7446
 401.000       0.7339
 402.000       0.6612
 403.000       0.5849
 404.000       0.5515
 405.000       0.5974
 406.000       0.6176
 407.000       0.5148
 408.000       0.4760
 409.000       0.5865
 410.000       0.6527
 411.000       0.8406
 412.000       0.8015
 413.000       0.6336
 414.000       0.5861
 415.000       0.5374
 416.000       0.5116
 417.000       0.5120
 418.000       0.5091
 419.000       0.5448
 420.000       0.6530
 421.000       0.7569
 422.000       0.8107
 423.000       0.7042
 424.000       0.6959
 425.000       0.8332
 426.000       0.8385
 427.000       0.7990
 428.000       1.0261
 429.000       1.0958
 430.000       1.0574
 431.000       1.2882
 432.000       1.7303
 433.000       3.1543
 434.000       1.9866
 435.000       1.4792
 436.000       1.2918
 437.000       1.1275
 438.000       0.9500
 439.000       0.8688
 440.000       0.9284
 441.000       0.9040
 442.000       0.8525
 443.000       0.9484
 444.000       0.9827
 445.000       0.9391
 446.000       1.3492
 447.000       1.3444
 448.000       1.5665
 449.000       1.1603
 450.000       0.9229
 451.000       0.8456
 452.000       0.7098
 453.000       0.6815
 454.000       0.7345
 455.000       0.7952
 456.000       0.9975
 457.000       1.2347
 458.000       1.4065
 459.000       1.1288
 460.000       1.0087
 461.000       0.8621
 462.000       0.8443
 463.000       0.8078
 464.000       0.6767
 465.000       0.6445
 466.000       0.6992
 467.000       0.7173
 468.000       0.6594
 469.000       0.6563
 470.000       0.7898
 471.000       0.8276
 472.000       0.7425
 473.000       0.7531
 474.000       0.8178
 475.000       0.6992
 476.000       0.5878
 477.000       0.4955
 478.000       0.4617
 479.000       0.4625
 480.000       0.4598
 481.000       0.4263
 482.000       0.4402
 483.000       0.4857
 484.000       0.5369
 485.000       0.5545
 486.000       0.5414
 487.000       0.5771
 488.000       0.5452
 489.000       0.5088
 490.000       0.5587
 491.000       0.5980
 492.000       0.5679
 493.000       0.5866
 494.000       0.6101
 495.000       0.5673
 496.000       0.5421
 497.000       0.8494
 498.000       1.0213
 499.000       0.8178
 500.000       0.6627
 501.000       0.7526
 502.000       0.6086
 503.000       0.4983
 504.000       0.4739
 505.000       0.4815
 506.000       0.4289
 507.000       0.3606
 508.000       0.3728
 509.000       0.3797
 510.000       0.3830
 511.000       0.3717
 512.000       0.3976
 513.000       0.4663
 514.000       0.5153
 515.000       0.5753
 516.000       0.5242
 517.000       0.4910
 518.000       0.5003
 519.000       0.5169
 520.000       0.5300
 521.000       0.5244
 522.000       0.5577
 523.000       0.6375
 524.000       0.6439
 525.000       0.6340
 526.000       0.5484
 527.000       0.4649
 528.000       0.3981
 529.000       0.3650
 530.000       0.4291
 531.000       0.4556
 532.000       0.4867
 533.000       0.5596
 534.000       0.5992
 535.000       0.5271
 536.000       0.5500
 537.000       0.6359
 538.000       0.6184
 539.000       0.5907
 540.000       0.7396
 541.000       0.8479
 542.000       0.8096
 543.000       0.8147
 544.000       0.6733
 545.000       0.6685
 546.000       0.6899
 547.000       0.6932
 548.000       0.5360
 549.000       0.4552
 550.000       0.3848
 551.000       0.4056
 552.000       0.4043
 553.000       0.3883
 554.000       0.3869
 555.000       0.3970
 556.000       0.4109
 557.000       0.4417
 558.000       0.4948
 559.000       0.5150
 560.000       0.4977
 561.000       0.4976
 562.000       0.5582
 563.000       0.5875
 564.000       0.5811
 565.000       0.6242
 566.000       0.6945
 567.000       0.6722
 568.000       0.5972
 569.000       0.5100
 570.000       0.4837
 571.000       0.4188
 572.000       0.3757
 573.000       0.3570
 574.000       0.3628
 575.000       0.3928
 576.000       0.4239
 577.000       0.4922
 578.000       0.4932
 579.000       0.4654
 580.000       0.5248
 581.000       0.6190
 582.000       0.5903
 583.000       0.5625
 584.000       0.7060
 585.000       0.7893
 586.000       0.6540
 587.000       0.6535
 588.000       1.2135
 589.000       0.7179
 590.000       0.5299
 591.000       0.4580
 592.000       0.4232
 593.000       0.3929
 594.000       0.3780
 595.000       0.3770
 596.000       0.4374
 597.000       0.5347
 598.000       0.5951
 599.000       0.6820
 600.000       0.5932
 601.000       0.7297
 602.000       0.7390
 603.000       0.6055
 604.000       0.6451
 605.000       0.6164
 606.000       0.6161
 607.000       0.5441
 608.000       0.4933
 609.000       0.5438
 610.000       0.4174
 611.000       0.4061
 612.000       0.4641
 613.000       0.5183
 614.000       0.7722
 615.000       0.8905
 616.000       0.9209
 617.000       0.8258
 618.000       0.7177
 619.000       0.7745
 620.000       0.7691
 621.000       0.6209
 622.000       0.6318
 623.000       0.7491
 624.000       0.7238
 625.000       0.6497
 626.000       0.7261
 627.000       0.7995
 628.000       0.7799
 629.000       0.7809
 630.000       0.6500
 631.000       0.5563
 632.000       0.5233
 633.000       0.4787
 634.000       0.4624
 635.000       0.4114
 636.000       0.3822
 637.000       0.4050
 638.000       0.4430
 639.000       0.4599
 640.000       0.4944
 641.000       0.5130
 642.000       0.6805
 643.000       0.7268
 644.000       0.7398
 645.000       0.7745
 646.000       0.7403
 647.000       0.7848
 648.000       0.7076
 649.000       0.6374
 650.000       0.7487
 651.000       0.7798
 652.000       0.6708
 653.000       0.6628
 654.000       0.7381
 655.000       0.6898
 656.000       0.6136
 657.000       0.6568
 658.000       0.6942
 659.000       0.6270
 660.000       0.6671
 661.000       0.7486
 662.000       0.7562
 663.000       0.7880
 664.000       0.8903
 665.000       0.8965
 666.000       0.8358
 667.000       0.8768
 668.000       0.8225
 669.000       0.9671
 670.000       0.7008
 671.000       0.5992
 672.000       0.5118
 673.000       0.4389
 674.000       0.3829
 675.000       0.4093
 676.000       0.4374
 677.000       0.4580
 678.000       0.4769
 679.000       0.4607
 680.000       0.4688
 681.000       0.5108
 682.000       0.6775
 683.000       1.0003
 684.000       1.1097
 685.000       1.1959
 686.000       1.5858
 687.000       1.4213
 688.000       1.0568
 689.000       0.7776
 690.000       0.7409
 691.000       0.8205
 692.000       0.7097
 693.000       0.7362
 694.000       0.7861
 695.000       0.7961
 696.000       0.7383
 697.000       0.6836
 698.000       0.7445
 699.000       0.7713
 700.000       0.6929
 701.000       0.7677
 702.000       0.8459
 703.000       0.7509
 704.000       0.7139
 705.000       0.8217
 706.000       0.9379
 707.000       1.0584
 708.000       0.9987
 709.000       0.9467
 710.000       0.7057
 711.000       0.5932
 712.000       0.4725
 713.000       0.4135
 714.000       0.3889
 715.000       0.3723
 716.000       0.3871
 717.000       0.4213
 718.000       0.3992
 719.000       0.3945
 720.000       0.4219
 721.000       0.4154
 722.000       0.4476
 723.000       0.4898
 724.000       0.4890
 725.000       0.4604
 726.000       0.4639
 727.000       0.4268
 728.000       0.4070
 729.000       0.4130
 730.000       0.3983
 731.000       0.3888
 732.000       0.4108
 733.000       0.4071
 734.000       0.4322
 735.000       0.4443
 736.000       0.5487
 737.000       0.6395
 738.000       0.8349
 739.000       1.0593
 740.000       1.3408
 741.000       1.3907
 742.000       1.6006
 743.000       1.8087
 744.000       1.9631
 745.000       1.8584
 746.000       1.5704
 747.000       1.5259
 748.000       1.5362
 749.000       1.3218
 750.000       1.1459
 751.000       1.1949
 752.000       1.1529
 753.000       0.9089
 754.000       0.7087
 755.000       0.5689
 756.000       0.4736
 757.000       0.4362
 758.000       0.3972
 759.000       0.4125
 760.000       0.3919
 761.000       0.4144
 762.000       0.4323
 763.000       0.4311
 764.000       0.5039
 765.000       0.4793
 766.000       0.4468
 767.000       0.4170
 768.000       0.4119
 769.000       0.4080
 770.000       0.4611
 771.000       0.4827
 772.000       0.4707
 773.000       0.5168
 774.000       0.6291
 775.000       0.6477
 776.000       0.7531
 777.000       0.6533
 778.000       0.6757
 779.000       0.7069
 780.000       0.7247
 781.000       0.8351
 782.000       0.8131
 783.000       1.0500
 784.000       1.3897
 785.000       1.9309
 786.000       2.2055
 787.000       2.4423
 788.000       2.0893
 789.000       1.5472
 790.000       1.1766
 791.000       0.9489
 792.000       0.7380
 793.000       0.6941
 794.000       0.6189
 795.000       0.5108
 796.000       0.4565
 797.000       0.4724
 798.000       0.4616
 799.000       0.4704
 800.000       0.4691
 801.000       0.5510
 802.000       0.5684
 803.000       0.6249
 804.000       0.5623
 805.000       0.4701
 806.000       0.5128
 807.000       0.5116
 808.000       0.5784
 809.000       0.6725
 810.000       0.7263
 811.000       0.7406
 812.000       0.8036
 813.000       0.7813
 814.000       0.8196
 815.000       0.8674
 816.000       0.7009
 817.000       0.6249
 818.000       0.5457
 819.000       0.5435
 820.000       0.5112
 821.000       0.4964
 822.000       0.5163
 823.000       0.4554
 824.000       0.4645
 825.000       0.5700
 826.000       0.5089
 827.000       0.4504
 828.000       0.4456
 829.000       0.4042
 830.000       0.3796
 831.000       0.4095
 832.000       0.4755
 833.000       0.5639
 834.000       0.5387
 835.000       0.7160
 836.000       0.6685
 837.000       0.6776
 838.000       0.8292
 839.000       1.0881
 840.000       1.1476
 841.000       1.0875
 842.000       0.9617
 843.000       0.7201
 844.000       0.6498
 845.000       0.5905
 846.000       0.5413
 847.000       0.5385
 848.000       0.5592
 849.000       0.5798
 850.000       0.6424
 851.000       0.7293
 852.000       0.7533
 853.000       0.7674
 854.000       0.6835
 855.000       0.6925
 856.000       0.7633
 857.000       0.7394
 858.000       0.7366
 859.000       0.9419
 860.000       1.0170
 861.000       1.1138
 862.000       1.6444
 863.000       2.8857
