#Res        AtomicFlx
   1.000       2.9745
   2.000       2.1854
   3.000       1.6166
   4.000       1.2088
   5.000       1.3512
   6.000       1.3555
   7.000       1.0801
   8.000       0.9277
   9.000       0.9741
  10.000       0.9167
  11.000       0.8308
  12.000       0.8891
  13.000       0.9231
  14.000       0.8452
  15.000       0.8486
  16.000       1.0243
  17.000       1.0981
  18.000       0.9764
  19.000       0.8252
  20.000       0.7724
  21.000       0.6942
  22.000       0.6741
  23.000       0.6963
  24.000       0.7684
  25.000       0.9624
  26.000       1.1555
  27.000       1.2792
  28.000       0.9733
  29.000       0.8600
  30.000       0.7776
  31.000       0.8425
  32.000       0.8041
  33.000       0.7062
  34.000       0.7247
  35.000       0.7255
  36.000       0.6915
  37.000       0.6938
  38.000       0.6993
  39.000       0.8161
  40.000       0.8636
  41.000       0.7979
  42.000       0.8235
  43.000       0.9668
  44.000       0.8858
  45.000       0.8383
  46.000       0.6971
  47.000       0.6041
  48.000       0.5907
  49.000       0.5341
  50.000       0.5144
  51.000       0.5265
  52.000       0.5481
  53.000       0.5454
  54.000       0.5192
  55.000       0.5065
  56.000       0.5638
  57.000       0.5588
  58.000       0.5196
  59.000       0.5313
  60.000       0.5855
  61.000       0.5700
  62.000       0.5696
  63.000       0.6465
  64.000       0.6370
  65.000       0.5636
  66.000       0.6340
  67.000       0.7331
  68.000       0.7047
  69.000       0.6411
  70.000       0.7558
  71.000       0.6502
  72.000       0.5659
  73.000       0.5155
  74.000       0.4981
  75.000       0.4779
  76.000       0.4920
  77.000       0.5183
  78.000       0.4986
  79.000       0.5447
  80.000       0.5394
  81.000       0.5325
  82.000       0.5494
  83.000       0.5993
  84.000       0.6001
  85.000       0.5462
  86.000       0.5333
  87.000       0.5543
  88.000       0.5610
  89.000       0.5437
  90.000       0.5580
  91.000       0.6039
  92.000       0.6866
  93.000       0.7098
  94.000       0.6987
  95.000       0.5592
  96.000       0.4879
  97.000       0.4658
  98.000       0.5074
  99.000       0.6044
 100.000       0.6737
 101.000       0.6458
 102.000       0.6868
 103.000       0.6787
 104.000       0.5829
 105.000       0.5836
 106.000       0.6408
 107.000       0.6453
 108.000       0.6931
 109.000       0.8012
 110.000       0.8558
 111.000       0.9279
 112.000       1.0424
 113.000       0.7879
 114.000       0.7633
 115.000       0.7531
 116.000       0.7332
 117.000       0.5739
 118.000       0.5049
 119.000       0.5218
 120.000       0.5807
 121.000       0.8773
 122.000       0.7037
 123.000       0.6431
 124.000       0.5241
 125.000       0.4494
 126.000       0.4439
 127.000       0.4710
 128.000       0.5217
 129.000       0.5055
 130.000       0.4792
 131.000       0.5596
 132.000       0.6067
 133.000       0.6360
 134.000       0.7341
 135.000       0.7634
 136.000       0.7371
 137.000       0.7043
 138.000       0.5935
 139.000       0.6630
 140.000       0.5986
 141.000       0.5867
 142.000       0.6095
 143.000       0.5362
 144.000       0.5381
 145.000       0.5537
 146.000       0.5907
 147.000       0.6024
 148.000       0.5589
 149.000       0.5878
 150.000       0.6275
 151.000       0.6052
 152.000       0.6321
 153.000       0.7486
 154.000       0.7996
 155.000       0.7667
 156.000       0.7857
 157.000       1.5104
 158.000       0.9088
 159.000       0.6510
 160.000       0.5886
 161.000       0.5400
 162.000       0.5510
 163.000       0.5384
 164.000       0.5080
 165.000       0.5541
 166.000       0.6281
 167.000       0.6607
 168.000       0.7362
 169.000       0.7438
 170.000       0.8617
 171.000       0.9876
 172.000       0.9924
 173.000       1.1326
 174.000       1.0562
 175.000       0.9547
 176.000       0.9128
 177.000       0.8652
 178.000       0.9773
 179.000       0.6499
 180.000       0.5940
 181.000       0.5684
 182.000       0.6058
 183.000       0.7339
 184.000       0.7963
 185.000       0.9072
 186.000       0.8855
 187.000       0.8079
 188.000       0.8715
 189.000       0.8891
 190.000       0.7920
 191.000       0.7698
 192.000       0.8210
 193.000       0.7858
 194.000       0.7376
 195.000       0.8375
 196.000       0.8922
 197.000       0.8637
 198.000       0.8598
 199.000       0.7353
 200.000       0.6608
 201.000       0.6190
 202.000       0.5895
 203.000       0.5945
 204.000       0.5727
 205.000       0.5480
 206.000       0.5918
 207.000       0.6260
 208.000       0.6435
 209.000       0.7856
 210.000       0.9882
 211.000       1.1097
 212.000       1.1242
 213.000       1.1471
 214.000       1.0588
 215.000       0.9781
 216.000       0.9644
 217.000       0.8270
 218.000       0.7115
 219.000       0.7646
 220.000       0.7739
 221.000       0.6926
 222.000       0.6684
 223.000       0.7386
 224.000       0.7264
 225.000       0.6767
 226.000       0.7258
 227.000       0.7632
 228.000       0.7239
 229.000       0.7537
 230.000       0.8091
 231.000       0.8262
 232.000       0.8165
 233.000       0.9373
 234.000       0.9831
 235.000       0.9093
 236.000       0.9602
 237.000       0.8631
 238.000       0.9615
 239.000       0.7447
 240.000       0.6566
 241.000       0.6001
 242.000       0.5352
 243.000       0.5018
 244.000       0.5024
 245.000       0.5424
 246.000       0.6287
 247.000       0.7363
 248.000       0.8424
 249.000       1.0631
 250.000       1.3480
 251.000       1.4209
 252.000       1.3860
 253.000       1.5610
 254.000       1.5199
 255.000       1.6539
 256.000       1.1975
 257.000       1.0394
 258.000       0.8595
 259.000       0.8637
 260.000       0.9503
 261.000       0.8277
 262.000       0.7466
 263.000       0.8384
 264.000       0.8487
 265.000       0.7403
 266.000       0.7581
 267.000       0.8690
 268.000       0.8157
 269.000       0.7321
 270.000       0.8408
 271.000       0.9082
 272.000       0.8037
 273.000       0.7615
 274.000       0.9360
 275.000       1.0942
 276.000       1.2277
 277.000       1.1670
 278.000       1.1654
 279.000       0.8434
 280.000       0.6464
 281.000       0.5444
 282.000       0.4782
 283.000       0.4931
 284.000       0.5688
 285.000       0.6271
 286.000       0.7012
 287.000       0.7044
 288.000       0.6461
 289.000       0.6231
 290.000       0.7248
 291.000       0.8314
 292.000       0.7565
 293.000       0.6398
 294.000       0.5952
 295.000       0.5553
 296.000       0.5545
 297.000       0.5250
 298.000       0.4808
 299.000       0.4630
 300.000       0.4500
 301.000       0.4504
 302.000       0.4681
 303.000       0.5073
 304.000       0.5278
 305.000       0.6929
 306.000       0.7996
 307.000       0.9028
 308.000       0.8871
 309.000       0.9230
 310.000       0.9673
 311.000       1.1152
 312.000       1.3511
 313.000       1.4708
 314.000       1.3429
 315.000       1.2714
 316.000       1.3893
 317.000       1.3049
 318.000       1.1986
 319.000       1.1368
 320.000       1.0335
 321.000       1.0127
 322.000       0.8670
 323.000       0.7091
 324.000       0.6156
 325.000       0.5224
 326.000       0.4955
 327.000       0.4280
 328.000       0.4407
 329.000       0.4378
 330.000       0.4456
 331.000       0.4492
 332.000       0.4419
 333.000       0.4471
 334.000       0.4669
 335.000       0.5318
 336.000       0.5066
 337.000       0.4859
 338.000       0.5817
 339.000       0.5785
 340.000       0.5924
 341.000       0.6495
 342.000       0.7800
 343.000       0.8335
 344.000       0.8325
 345.000       0.9129
 346.000       0.7807
 347.000       0.8497
 348.000       0.7390
 349.000       0.7342
 350.000       0.8432
 351.000       0.8306
 352.000       0.8620
 353.000       1.0988
 354.000       1.4091
 355.000       1.4959
 356.000       1.8500
 357.000       1.6256
 358.000       1.2851
 359.000       1.0994
 360.000       0.9379
 361.000       0.8007
 362.000       0.7586
 363.000       0.6625
 364.000       0.5574
 365.000       0.5054
 366.000       0.4809
 367.000       0.4568
 368.000       0.4255
 369.000       0.4240
 370.000       0.4575
 371.000       0.5111
 372.000       0.5781
 373.000       0.5400
 374.000       0.4907
 375.000       0.5380
 376.000       0.5408
 377.000       0.5817
 378.000       0.6786
 379.000       0.7638
 380.000       0.8088
 381.000       0.8444
 382.000       0.8155
 383.000       0.8465
 384.000       0.9364
 385.000       0.7327
 386.000       0.6788
 387.000       0.5805
 388.000       0.5777
 389.000       0.5511
 390.000       0.5358
 391.000       0.5594
 392.000       0.5640
 393.000       0.5632
 394.000       0.7170
 395.000       0.8205
 396.000       0.7839
 397.000       0.7179
 398.000       0.6173
 399.000       0.5570
 400.000       0.5901
 401.000       0.5317
 402.000       0.5078
 403.000       0.5068
 404.000       0.4669
 405.000       0.4965
 406.000       0.5249
 407.000       0.4750
 408.000       0.4143
 409.000       0.4781
 410.000       0.5261
 411.000       0.6042
 412.000       0.5779
 413.000       0.5761
 414.000       0.6036
 415.000       0.5858
 416.000       0.5518
 417.000       0.5565
 418.000       0.5274
 419.000       0.5781
 420.000       0.7111
 421.000       0.8170
 422.000       0.8573
 423.000       0.7350
 424.000       0.7340
 425.000       0.9260
 426.000       0.9068
 427.000       0.7508
 428.000       1.0920
 429.000       1.3385
 430.000       1.4577
 431.000       1.9589
 432.000       3.1930
 433.000       3.4088
 434.000       2.1150
 435.000       1.3306
 436.000       1.2914
 437.000       1.1541
 438.000       0.9237
 439.000       0.8453
 440.000       0.8898
 441.000       0.8444
 442.000       0.7895
 443.000       0.8406
 444.000       0.8819
 445.000       0.8297
 446.000       0.8316
 447.000       0.9564
 448.000       1.0835
 449.000       0.9767
 450.000       0.8413
 451.000       0.7921
 452.000       0.6857
 453.000       0.6930
 454.000       0.7359
 455.000       0.7829
 456.000       1.2948
 457.000       2.1316
 458.000       1.8243
 459.000       1.3098
 460.000       1.0102
 461.000       0.8355
 462.000       0.8354
 463.000       0.8207
 464.000       0.7146
 465.000       0.6742
 466.000       0.7257
 467.000       0.7765
 468.000       0.7415
 469.000       0.7319
 470.000       0.8286
 471.000       0.8623
 472.000       0.7808
 473.000       0.7836
 474.000       0.8321
 475.000       0.6899
 476.000       0.5591
 477.000       0.5247
 478.000       0.5282
 479.000       0.5452
 480.000       0.4996
 481.000       0.4564
 482.000       0.4575
 483.000       0.4915
 484.000       0.4911
 485.000       0.5104
 486.000       0.5553
 487.000       0.6067
 488.000       0.5475
 489.000       0.5133
 490.000       0.5588
 491.000       0.5772
 492.000       0.5402
 493.000       0.5774
 494.000       0.6047
 495.000       0.5667
 496.000       0.5289
 497.000       0.7299
 498.000       0.8842
 499.000       0.7743
 500.000       0.6571
 501.000       0.7466
 502.000       0.6311
 503.000       0.5278
 504.000       0.5087
 505.000       0.5270
 506.000       0.4489
 507.000       0.3869
 508.000       0.3930
 509.000       0.4296
 510.000       0.4362
 511.000       0.4258
 512.000       0.4338
 513.000       0.4963
 514.000       0.5501
 515.000       0.5928
 516.000       0.5751
 517.000       0.5515
 518.000       0.5633
 519.000       0.6024
 520.000       0.6087
 521.000       0.6027
 522.000       0.6432
 523.000       0.7293
 524.000       0.7388
 525.000       0.7535
 526.000       0.6734
 527.000       0.5466
 528.000       0.4462
 529.000       0.3801
 530.000       0.4389
 531.000       0.4613
 532.000       0.4801
 533.000       0.5514
 534.000       0.5497
 535.000       0.4840
 536.000       0.5398
 537.000       0.6405
 538.000       0.6192
 539.000       0.5746
 540.000       0.6896
 541.000       0.7926
 542.000       0.7928
 543.000       0.8668
 544.000       0.7468
 545.000       0.7339
 546.000       0.7407
 547.000       0.7375
 548.000       0.5991
 549.000       0.5037
 550.000       0.4483
 551.000       0.4755
 552.000       0.4510
 553.000       0.4209
 554.000       0.4323
 555.000       0.4292
 556.000       0.4490
 557.000       0.5041
 558.000       0.5481
 559.000       0.5518
 560.000       0.5388
 561.000       0.5483
 562.000       0.6259
 563.000       0.6489
 564.000       0.6408
 565.000       0.7152
 566.000       0.7960
 567.000       0.7763
 568.000       0.7436
 569.000       0.6399
 570.000       0.6347
 571.000       0.5549
 572.000       0.4872
 573.000       0.4412
 574.000       0.4379
 575.000       0.4591
 576.000       0.5095
 577.000       0.6000
 578.000       0.5952
 579.000       0.5565
 580.000       0.6468
 581.000       0.7020
 582.000       0.6784
 583.000       0.6850
 584.000       0.8049
 585.000       0.8495
 586.000       0.7749
 587.000       0.7439
 588.000       0.9962
 589.000       0.8119
 590.000       0.6852
 591.000       0.6274
 592.000       0.5674
 593.000       0.5351
 594.000       0.4953
 595.000       0.4731
 596.000       0.5558
 597.000       0.6879
 598.000       0.7675
 599.000       0.8534
 600.000       0.7778
 601.000       0.9387
 602.000       1.1271
 603.000       1.1183
 604.000       1.2805
 605.000       1.0080
 606.000       0.7831
 607.000       0.6186
 608.000       0.6058
 609.000       0.6175
 610.000       0.4820
 611.000       0.4660
 612.000       0.5217
 613.000       0.6005
 614.000       0.7060
 615.000       0.7985
 616.000       0.8928
 617.000       0.7670
 618.000       0.7006
 619.000       0.7807
 620.000       0.7806
 621.000       0.7066
 622.000       0.7185
 623.000       0.7950
 624.000       0.7733
 625.000       0.7435
 626.000       0.8219
 627.000       0.8829
 628.000       0.8662
 629.000       0.8754
 630.000       0.7510
 631.000       0.7033
 632.000       0.6493
 633.000       0.6174
 634.000       0.5931
 635.000       0.5130
 636.000       0.4666
 637.000       0.4913
 638.000       0.5468
 639.000       0.6142
 640.000       0.6718
 641.000       0.8158
 642.000       1.1992
 643.000       1.1480
 644.000       1.3428
 645.000       1.1463
 646.000       0.9798
 647.000       0.9778
 648.000       0.7858
 649.000       0.7044
 650.000       0.7711
 651.000       0.7617
 652.000       0.6574
 653.000       0.6588
 654.000       0.7456
 655.000       0.7079
 656.000       0.6514
 657.000       0.7198
 658.000       0.7419
 659.000       0.6960
 660.000       0.7652
 661.000       0.8715
 662.000       0.8666
 663.000       0.8708
 664.000       0.9831
 665.000       0.9872
 666.000       0.9134
 667.000       0.9551
 668.000       0.8994
 669.000       1.0148
 670.000       0.8064
 671.000       0.6883
 672.000       0.5637
 673.000       0.5090
 674.000       0.4434
 675.000       0.4603
 676.000       0.4790
 677.000       0.5003
 678.000       0.5611
 679.000       0.5387
 680.000       0.5804
 681.000       0.5937
 682.000       0.7368
 683.000       1.1798
 684.000       1.4426
 685.000       1.4051
 686.000       1.8755
 687.000       1.5850
 688.000       1.1142
 689.000       0.9407
 690.000       0.8519
 691.000       0.9354
 692.000       0.9009
 693.000       0.7795
 694.000       0.8504
 695.000       0.8996
 696.000       0.8094
 697.000       0.7393
 698.000       0.8111
 699.000       0.7889
 700.000       0.7353
 701.000       0.8315
 702.000       0.8863
 703.000       0.7855
 704.000       0.7535
 705.000       0.8578
 706.000       0.9624
 707.000       1.0738
 708.000       1.0171
 709.000       0.9521
 710.000       0.7356
 711.000       0.6281
 712.000       0.5398
 713.000       0.4675
 714.000       0.4208
 715.000       0.4091
 716.000       0.4308
 717.000       0.4837
 718.000       0.4558
 719.000       0.4502
 720.000       0.4714
 721.000       0.4638
 722.000       0.4784
 723.000       0.5068
 724.000       0.4956
 725.000       0.4482
 726.000       0.4508
 727.000       0.4489
 728.000       0.4569
 729.000       0.4470
 730.000       0.4292
 731.000       0.4344
 732.000       0.4590
 733.000       0.4469
 734.000       0.4872
 735.000       0.5199
 736.000       0.6197
 737.000       0.6847
 738.000       0.8337
 739.000       0.9758
 740.000       1.2296
 741.000       1.3959
 742.000       1.7095
 743.000       1.9398
 744.000       2.1294
 745.000       1.9856
 746.000       1.6688
 747.000       1.5200
 748.000       1.4814
 749.000       1.3458
 750.000       1.1465
 751.000       1.0969
 752.000       1.1079
 753.000       0.9046
 754.000       0.7503
 755.000       0.6100
 756.000       0.5362
 757.000       0.4882
 758.000       0.4218
 759.000       0.4266
 760.000       0.4111
 761.000       0.4305
 762.000       0.4657
 763.000       0.4582
 764.000       0.6093
 765.000       0.5252
 766.000       0.4818
 767.000       0.4476
 768.000       0.4469
 769.000       0.4628
 770.000       0.5018
 771.000       0.5429
 772.000       0.5233
 773.000       0.5591
 774.000       0.7457
 775.000       0.8009
 776.000       0.9845
 777.000       0.8884
 778.000       1.0254
 779.000       0.7972
 780.000       0.6767
 781.000       0.7194
 782.000       0.7818
 783.000       0.9462
 784.000       1.2072
 785.000       1.3321
 786.000       1.7774
 787.000       2.1593
 788.000       2.0397
 789.000       1.6403
 790.000       1.2907
 791.000       1.0439
 792.000       0.8308
 793.000       0.7829
 794.000       0.6676
 795.000       0.5898
 796.000       0.5074
 797.000       0.4691
 798.000       0.4783
 799.000       0.5034
 800.000       0.6155
 801.000       0.8413
 802.000       0.7343
 803.000       0.7838
 804.000       0.6507
 805.000       0.5157
 806.000       0.5701
 807.000       0.5695
 808.000       0.6390
 809.000       0.7412
 810.000       0.7977
 811.000       0.8381
 812.000       0.8695
 813.000       0.7994
 814.000       0.8040
 815.000       0.8226
 816.000       0.7101
 817.000       0.6787
 818.000       0.6062
 819.000       0.5979
 820.000       0.5548
 821.000       0.5460
 822.000       0.5433
 823.000       0.5148
 824.000       0.5087
 825.000       0.6527
 826.000       0.6154
 827.000       0.6024
 828.000       0.5678
 829.000       0.4749
 830.000       0.4163
 831.000       0.4489
 832.000       0.5097
 833.000       0.5391
 834.000       0.5180
 835.000       0.6553
 836.000       0.6098
 837.000       0.5267
 838.000       0.6034
 839.000       0.7256
 840.000       0.8081
 841.000       1.0708
 842.000       1.1287
 843.000       0.9284
 844.000       0.8017
 845.000       0.6448
 846.000       0.5528
 847.000       0.5369
 848.000       0.5089
 849.000       0.5281
 850.000       0.6077
 851.000       0.7425
 852.000       0.8089
 853.000       0.8174
 854.000       0.7902
 855.000       0.7866
 856.000       0.8502
 857.000       0.9098
 858.000       0.9718
 859.000       1.1971
 860.000       1.2866
 861.000       1.5164
 862.000       2.5100
 863.000       3.8231
