#Res        AtomicFlx
   1.000       2.7535
   2.000       1.9003
   3.000       1.4030
   4.000       1.0714
   5.000       1.0942
   6.000       1.0486
   7.000       0.8769
   8.000       0.8158
   9.000       0.8826
  10.000       0.8407
  11.000       0.7704
  12.000       0.8206
  13.000       0.8789
  14.000       0.8236
  15.000       0.8410
  16.000       1.0260
  17.000       1.2669
  18.000       0.9558
  19.000       0.7721
  20.000       0.7339
  21.000       0.6655
  22.000       0.6559
  23.000       0.6819
  24.000       0.7381
  25.000       0.9260
  26.000       1.0816
  27.000       1.1908
  28.000       0.9158
  29.000       0.8089
  30.000       0.7255
  31.000       0.8220
  32.000       0.8040
  33.000       0.7255
  34.000       0.7539
  35.000       0.8168
  36.000       0.7917
  37.000       0.7656
  38.000       0.8581
  39.000       0.9543
  40.000       0.9296
  41.000       0.8978
  42.000       1.0609
  43.000       1.0967
  44.000       0.8357
  45.000       0.6839
  46.000       0.6059
  47.000       0.5530
  48.000       0.5639
  49.000       0.5239
  50.000       0.5148
  51.000       0.5166
  52.000       0.5452
  53.000       0.5440
  54.000       0.5460
  55.000       0.5330
  56.000       0.5660
  57.000       0.5640
  58.000       0.5387
  59.000       0.5569
  60.000       0.5830
  61.000       0.5498
  62.000       0.5457
  63.000       0.6099
  64.000       0.6062
  65.000       0.5705
  66.000       0.6683
  67.000       0.7686
  68.000       0.7315
  69.000       0.6892
  70.000       0.8315
  71.000       0.7211
  72.000       0.6071
  73.000       0.5390
  74.000       0.4885
  75.000       0.4479
  76.000       0.4368
  77.000       0.4826
  78.000       0.4651
  79.000       0.5088
  80.000       0.5139
  81.000       0.5072
  82.000       0.5214
  83.000       0.5323
  84.000       0.5532
  85.000       0.5322
  86.000       0.5092
  87.000       0.5185
  88.000       0.5533
  89.000       0.5417
  90.000       0.5488
  91.000       0.6045
  92.000       0.6280
  93.000       0.6283
  94.000       0.6367
  95.000       0.5134
  96.000       0.4661
  97.000       0.4668
  98.000       0.4667
  99.000       0.6934
 100.000       0.6143
 101.000       0.5183
 102.000       0.5394
 103.000       0.6094
 104.000       0.5779
 105.000       0.5637
 106.000       0.6491
 107.000       0.6926
 108.000       0.6725
 109.000       0.7759
 110.000       0.8898
 111.000       0.9458
 112.000       1.0157
 113.000       0.8127
 114.000       0.7702
 115.000       0.7503
 116.000       0.7689
 117.000       0.5980
 118.000       0.5010
 119.000       0.4595
 120.000       0.5190
 121.000       0.7634
 122.000       0.6333
 123.000       0.4856
 124.000       0.4531
 125.000       0.4192
 126.000       0.4417
 127.000       0.4887
 128.000       0.5046
 129.000       0.4755
 130.000       0.4895
 131.000       0.5619
 132.000       0.5815
 133.000       0.5838
 134.000       0.6611
 135.000       0.7079
 136.000       0.7035
 137.000       0.6818
 138.000       0.5834
 139.000       0.5648
 140.000       0.5134
 141.000       0.5131
 142.000       0.5142
 143.000       0.4746
 144.000       0.4546
 145.000       0.5057
 146.000       0.5440
 147.000       0.5210
 148.000       0.4822
 149.000       0.5096
 150.000       0.5568
 151.000       0.5102
 152.000       0.5356
 153.000       0.6587
 154.000       0.7076
 155.000       0.6817
 156.000       0.7052
 157.000       1.3185
 158.000       0.7892
 159.000       0.6022
 160.000       0.5634
 161.000       0.5227
 162.000       0.5031
 163.000       0.4826
 164.000       0.4684
 165.000       0.5442
 166.000       0.7054
 167.000       1.1568
 168.000       1.4021
 169.000       1.4071
 170.000       1.3210
 171.000       1.3304
 172.000       1.3192
 173.000       1.4850
 174.000       1.5020
 175.000       1.3804
 176.000       1.0257
 177.000       0.8535
 178.000       0.8717
 179.000       0.5896
 180.000       0.5148
 181.000       0.5381
 182.000       0.5746
 183.000       0.6507
 184.000       0.7341
 185.000       0.8130
 186.000       0.7257
 187.000       0.6623
 188.000       0.7524
 189.000       0.7368
 190.000       0.6499
 191.000       0.6669
 192.000       0.7402
 193.000       0.6943
 194.000       0.6753
 195.000       0.7756
 196.000       0.8145
 197.000       0.8022
 198.000       0.8379
 199.000       0.6982
 200.000       0.6610
 201.000       0.6155
 202.000       0.5800
 203.000       0.5511
 204.000       0.5143
 205.000       0.4979
 206.000       0.5396
 207.000       0.6452
 208.000       0.7815
 209.000       1.1324
 210.000       1.6260
 211.000       1.5201
 212.000       1.1890
 213.000       1.1158
 214.000       1.0321
 215.000       0.9681
 216.000       0.9662
 217.000       0.8602
 218.000       0.7542
 219.000       0.8172
 220.000       0.8211
 221.000       0.7163
 222.000       0.6836
 223.000       0.7602
 224.000       0.7130
 225.000       0.6617
 226.000       0.7036
 227.000       0.7403
 228.000       0.6836
 229.000       0.7174
 230.000       0.7839
 231.000       0.7913
 232.000       0.7820
 233.000       0.8976
 234.000       0.9534
 235.000       0.9126
 236.000       0.9505
 237.000       0.8269
 238.000       0.9343
 239.000       0.7543
 240.000       0.6987
 241.000       0.6087
 242.000       0.5392
 243.000       0.4966
 244.000       0.5173
 245.000       0.5341
 246.000       0.6072
 247.000       0.7314
 248.000       0.7935
 249.000       1.0422
 250.000       1.5509
 251.000       1.3858
 252.000       1.2373
 253.000       1.2014
 254.000       1.1750
 255.000       1.2909
 256.000       1.0649
 257.000       0.9364
 258.000       0.7894
 259.000       0.8475
 260.000       0.9089
 261.000       0.8230
 262.000       0.7927
 263.000       0.8986
 264.000       0.8873
 265.000       0.7812
 266.000       0.8388
 267.000       0.9563
 268.000       0.8768
 269.000       0.7824
 270.000       0.8893
 271.000       0.9401
 272.000       0.8458
 273.000       0.7928
 274.000       0.9226
 275.000       1.0551
 276.000       1.1800
 277.000       1.1359
 278.000       1.1333
 279.000       0.8075
 280.000       0.6793
 281.000       0.5666
 282.000       0.5166
 283.000       0.5214
 284.000       0.5410
 285.000       0.5994
 286.000       0.6862
 287.000       0.6630
 288.000       0.6046
 289.000       0.5781
 290.000       0.6222
 291.000       0.6982
 292.000       0.6816
 293.000       0.6149
 294.000       0.6163
 295.000       0.5781
 296.000       0.5480
 297.000       0.5119
 298.000       0.4651
 299.000       0.4438
 300.000       0.4429
 301.000       0.4480
 302.000       0.5057
 303.000       0.5411
 304.000       0.5722
 305.000       0.7185
 306.000       0.8389
 307.000       0.9963
 308.000       1.0504
 309.000       1.0283
 310.000       1.0928
 311.000       1.2938
 312.000       1.5031
 313.000       1.6103
 314.000       1.5151
 315.000       1.4573
 316.000       1.6050
 317.000       1.5176
 318.000       1.3665
 319.000       1.2835
 320.000       1.1015
 321.000       1.0618
 322.000       0.9156
 323.000       0.7378
 324.000       0.6039
 325.000       0.5362
 326.000       0.4932
 327.000       0.4394
 328.000       0.4340
 329.000       0.4213
 330.000       0.4058
 331.000       0.4045
 332.000       0.3982
 333.000       0.4227
 334.000       0.4627
 335.000       0.4704
 336.000       0.4461
 337.000       0.4535
 338.000       0.5217
 339.000       0.5316
 340.000       0.5409
 341.000       0.5790
 342.000       0.7050
 343.000       0.7614
 344.000       0.7286
 345.000       0.7772
 346.000       0.7573
 347.000       0.9030
 348.000       0.6971
 349.000       0.6369
 350.000       0.7732
 351.000       1.4039
 352.000       1.7616
 353.000       2.0751
 354.000       2.3558
 355.000       2.3605
 356.000       2.4263
 357.000       1.9474
 358.000       1.4745
 359.000       1.1999
 360.000       0.9938
 361.000       0.8323
 362.000       0.7958
 363.000       0.6288
 364.000       0.5507
 365.000       0.4745
 366.000       0.4599
 367.000       0.4356
 368.000       0.4066
 369.000       0.4068
 370.000       0.4429
 371.000       0.4730
 372.000       0.5223
 373.000       0.4894
 374.000       0.4508
 375.000       0.5237
 376.000       0.5059
 377.000       0.5240
 378.000       0.6435
 379.000       0.7321
 380.000       0.7775
 381.000       0.8678
 382.000       0.8326
 383.000       0.8592
 384.000       0.9043
 385.000       0.7482
 386.000       0.7165
 387.000       0.6202
 388.000       0.5680
 389.000       0.5332
 390.000       0.5523
 391.000       0.5934
 392.000       0.5582
 393.000       0.5448
 394.000       0.6728
 395.000       0.9373
 396.000       0.7609
 397.000       0.6737
 398.000       0.5615
 399.000       0.5128
 400.000       0.5277
 401.000       0.5013
 402.000       0.4974
 403.000       0.4860
 404.000       0.4566
 405.000       0.4774
 406.000       0.5312
 407.000       0.4523
 408.000       0.4124
 409.000       0.4773
 410.000       0.5144
 411.000       0.6010
 412.000       0.5911
 413.000       0.6079
 414.000       0.6194
 415.000       0.5728
 416.000       0.5455
 417.000       0.5262
 418.000       0.5206
 419.000       0.5695
 420.000       0.6729
 421.000       0.7138
 422.000       0.7386
 423.000       0.6857
 424.000       0.6732
 425.000       0.7320
 426.000       0.7310
 427.000       0.7139
 428.000       0.8634
 429.000       0.9351
 430.000       0.9161
 431.000       1.1975
 432.000       1.7864
 433.000       4.6196
 434.000       2.7971
 435.000       1.9147
 436.000       1.7503
 437.000       1.5626
 438.000       1.3109
 439.000       1.1720
 440.000       1.1327
 441.000       1.0236
 442.000       0.8987
 443.000       0.9206
 444.000       0.9117
 445.000       0.8297
 446.000       0.8568
 447.000       1.0172
 448.000       1.2312
 449.000       1.0958
 450.000       0.9040
 451.000       0.8655
 452.000       0.7703
 453.000       0.7640
 454.000       0.7978
 455.000       0.8055
 456.000       1.0870
 457.000       1.3691
 458.000       1.5102
 459.000       1.1227
 460.000       0.9671
 461.000       0.8588
 462.000       0.8025
 463.000       0.7517
 464.000       0.6508
 465.000       0.6143
 466.000       0.6685
 467.000       0.7047
 468.000       0.6559
 469.000       0.6416
 470.000       0.8019
 471.000       0.8429
 472.000       0.7502
 473.000       0.7458
 474.000       0.7895
 475.000       0.6968
 476.000       0.5739
 477.000       0.5296
 478.000       0.5059
 479.000       0.5147
 480.000       0.4831
 481.000       0.4453
 482.000       0.4567
 483.000       0.4940
 484.000       0.5417
 485.000       0.5599
 486.000       0.5333
 487.000       0.5736
 488.000       0.5635
 489.000       0.5242
 490.000       0.5206
 491.000       0.5388
 492.000       0.4967
 493.000       0.5119
 494.000       0.5659
 495.000       0.5582
 496.000       0.5456
 497.000       0.7482
 498.000       0.8994
 499.000       0.7833
 500.000       0.6743
 501.000       0.7531
 502.000       0.6292
 503.000       0.5552
 504.000       0.4949
 505.000       0.4432
 506.000       0.4061
 507.000       0.3598
 508.000       0.3686
 509.000       0.3757
 510.000       0.3868
 511.000       0.3861
 512.000       0.4081
 513.000       0.4567
 514.000       0.5356
 515.000       0.5603
 516.000       0.5438
 517.000       0.5246
 518.000       0.5126
 519.000       0.5396
 520.000       0.5404
 521.000       0.5083
 522.000       0.5354
 523.000       0.6075
 524.000       0.5904
 525.000       0.5645
 526.000       0.4652
 527.000       0.4376
 528.000       0.3959
 529.000       0.3661
 530.000       0.4191
 531.000       0.4429
 532.000       0.4724
 533.000       0.5372
 534.000       0.5672
 535.000       0.4814
 536.000       0.5016
 537.000       0.5763
 538.000       0.5910
 539.000       0.5988
 540.000       0.6686
 541.000       0.7494
 542.000       0.8351
 543.000       0.8882
 544.000       0.7231
 545.000       0.7137
 546.000       0.7118
 547.000       0.7105
 548.000       0.5367
 549.000       0.4613
 550.000       0.4011
 551.000       0.4149
 552.000       0.4076
 553.000       0.3979
 554.000       0.4288
 555.000       0.4240
 556.000       0.4117
 557.000       0.4619
 558.000       0.5086
 559.000       0.5242
 560.000       0.5037
 561.000       0.5003
 562.000       0.5600
 563.000       0.5770
 564.000       0.5575
 565.000       0.6082
 566.000       0.6814
 567.000       0.6700
 568.000       0.6367
 569.000       0.5340
 570.000       0.5451
 571.000       0.4540
 572.000       0.4145
 573.000       0.3921
 574.000       0.4159
 575.000       0.4641
 576.000       0.5083
 577.000       0.5431
 578.000       0.5251
 579.000       0.5014
 580.000       0.5517
 581.000       0.6011
 582.000       0.5796
 583.000       0.5976
 584.000       0.7134
 585.000       0.7678
 586.000       0.6530
 587.000       0.6641
 588.000       1.0404
 589.000       0.7513
 590.000       0.5902
 591.000       0.5133
 592.000       0.4739
 593.000       0.4410
 594.000       0.4372
 595.000       0.4244
 596.000       0.4808
 597.000       0.6033
 598.000       0.6914
 599.000       0.7424
 600.000       0.7045
 601.000       0.8417
 602.000       0.9111
 603.000       0.9205
 604.000       1.0659
 605.000       0.9884
 606.000       0.8036
 607.000       0.5827
 608.000       0.5752
 609.000       0.6435
 610.000       0.4825
 611.000       0.4619
 612.000       0.5279
 613.000       0.5705
 614.000       0.7116
 615.000       0.8637
 616.000       1.0888
 617.000       0.8548
 618.000       0.7419
 619.000       0.7104
 620.000       0.7139
 621.000       0.6409
 622.000       0.6380
 623.000       0.6986
 624.000       0.6947
 625.000       0.6591
 626.000       0.7468
 627.000       0.8126
 628.000       0.7951
 629.000       0.8007
 630.000       0.6793
 631.000       0.6391
 632.000       0.5877
 633.000       0.5495
 634.000       0.5304
 635.000       0.4632
 636.000       0.4214
 637.000       0.4508
 638.000       0.5045
 639.000       0.5870
 640.000       0.7374
 641.000       0.9563
 642.000       1.1330
 643.000       0.9719
 644.000       1.0327
 645.000       0.9547
 646.000       0.9230
 647.000       0.8929
 648.000       0.7877
 649.000       0.7193
 650.000       0.7503
 651.000       0.7655
 652.000       0.6735
 653.000       0.6621
 654.000       0.7606
 655.000       0.7474
 656.000       0.6534
 657.000       0.7141
 658.000       0.7568
 659.000       0.6853
 660.000       0.7065
 661.000       0.8069
 662.000       0.7878
 663.000       0.7790
 664.000       0.9522
 665.000       0.9574
 666.000       0.8327
 667.000       0.8955
 668.000       0.8244
 669.000       0.9486
 670.000       0.7559
 671.000       0.6711
 672.000       0.5875
 673.000       0.4894
 674.000       0.4187
 675.000       0.4350
 676.000       0.4445
 677.000       0.4963
 678.000       0.5671
 679.000       0.5279
 680.000       0.5588
 681.000       0.5687
 682.000       0.6587
 683.000       0.8174
 684.000       1.1736
 685.000       1.3903
 686.000       1.6314
 687.000       1.4847
 688.000       1.2202
 689.000       1.0456
 690.000       1.0513
 691.000       1.1530
 692.000       0.8889
 693.000       0.7552
 694.000       0.8406
 695.000       0.8183
 696.000       0.7416
 697.000       0.7137
 698.000       0.8046
 699.000       0.7855
 700.000       0.7095
 701.000       0.8054
 702.000       0.8771
 703.000       0.7953
 704.000       0.7479
 705.000       0.8846
 706.000       1.0523
 707.000       1.1210
 708.000       1.0426
 709.000       1.0343
 710.000       0.7445
 711.000       0.6389
 712.000       0.5529
 713.000       0.4562
 714.000       0.3973
 715.000       0.3687
 716.000       0.3845
 717.000       0.4199
 718.000       0.4189
 719.000       0.4236
 720.000       0.4390
 721.000       0.4581
 722.000       0.4986
 723.000       0.5321
 724.000       0.5585
 725.000       0.4963
 726.000       0.4965
 727.000       0.4599
 728.000       0.4506
 729.000       0.4333
 730.000       0.4269
 731.000       0.4126
 732.000       0.4240
 733.000       0.4250
 734.000       0.4654
 735.000       0.4964
 736.000       0.5817
 737.000       0.6503
 738.000       0.7512
 739.000       0.8676
 740.000       1.0150
 741.000       1.0604
 742.000       1.2730
 743.000       1.4942
 744.000       1.6345
 745.000       1.4862
 746.000       1.1796
 747.000       1.0773
 748.000       1.1425
 749.000       1.0623
 750.000       0.8960
 751.000       0.8964
 752.000       0.9064
 753.000       0.7519
 754.000       0.6700
 755.000       0.6026
 756.000       0.5348
 757.000       0.4656
 758.000       0.4231
 759.000       0.4152
 760.000       0.3979
 761.000       0.4238
 762.000       0.4597
 763.000       0.4542
 764.000       0.5731
 765.000       0.5270
 766.000       0.5087
 767.000       0.4461
 768.000       0.4374
 769.000       0.4348
 770.000       0.4690
 771.000       0.5002
 772.000       0.4862
 773.000       0.5042
 774.000       0.5979
 775.000       0.6305
 776.000       0.7872
 777.000       0.7828
 778.000       0.8300
 779.000       0.6546
 780.000       0.6723
 781.000       0.6692
 782.000       0.6489
 783.000       0.7611
 784.000       1.0136
 785.000       1.3207
 786.000       1.5099
 787.000       1.9754
 788.000       1.7127
 789.000       1.3728
 790.000       1.1772
 791.000       0.9311
 792.000       0.7561
 793.000       0.6895
 794.000       0.6074
 795.000       0.5399
 796.000       0.4716
 797.000       0.4760
 798.000       0.4595
 799.000       0.4899
 800.000       0.5833
 801.000       0.7679
 802.000       0.6882
 803.000       0.7055
 804.000       0.5590
 805.000       0.4741
 806.000       0.5217
 807.000       0.5170
 808.000       0.5780
 809.000       0.6842
 810.000       0.6906
 811.000       0.7265
 812.000       0.7755
 813.000       0.7312
 814.000       0.7451
 815.000       0.8146
 816.000       0.6551
 817.000       0.5986
 818.000       0.5386
 819.000       0.5256
 820.000       0.4881
 821.000       0.4913
 822.000       0.4917
 823.000       0.4779
 824.000       0.5102
 825.000       0.5783
 826.000       0.5497
 827.000       0.5236
 828.000       0.4854
 829.000       0.4355
 830.000       0.4148
 831.000       0.4526
 832.000       0.4694
 833.000       0.5016
 834.000       0.4763
 835.000       0.5885
 836.000       0.5287
 837.000       0.5540
 838.000       0.5755
 839.000       0.6993
 840.000       0.7830
 841.000       0.7856
 842.000       0.8813
 843.000       0.7676
 844.000       0.7699
 845.000       0.6874
 846.000       0.5880
 847.000       0.5696
 848.000       0.5849
 849.000       0.5942
 850.000       0.6703
 851.000       0.7867
 852.000       0.9279
 853.000       0.9249
 854.000       0.7776
 855.000       0.7631
 856.000       0.8646
 857.000       0.8173
 858.000       0.7302
 859.000       0.9743
 860.000       1.0734
 861.000       0.9071
 862.000       0.8413
 863.000       0.8599
