#Res        AtomicFlx
   1.000       3.8128
   2.000       2.1922
   3.000       1.6203
   4.000       1.2475
   5.000       1.2691
   6.000       1.2398
   7.000       1.0244
   8.000       0.9530
   9.000       1.0121
  10.000       0.9637
  11.000       0.8827
  12.000       0.9409
  13.000       0.9971
  14.000       0.9629
  15.000       0.9928
  16.000       1.2969
  17.000       1.3157
  18.000       1.0295
  19.000       0.8471
  20.000       0.8145
  21.000       0.7293
  22.000       0.7243
  23.000       0.7722
  24.000       0.8309
  25.000       0.9984
  26.000       1.1596
  27.000       1.2260
  28.000       0.9441
  29.000       0.8265
  30.000       0.7212
  31.000       0.7657
  32.000       0.7840
  33.000       0.7452
  34.000       0.7004
  35.000       0.7219
  36.000       0.7496
  37.000       0.7151
  38.000       0.7050
  39.000       0.8592
  40.000       0.9117
  41.000       0.9542
  42.000       1.0800
  43.000       1.1529
  44.000       0.9514
  45.000       0.8559
  46.000       0.7618
  47.000       0.6633
  48.000       0.6177
  49.000       0.5095
  50.000       0.4428
  51.000       0.4419
  52.000       0.4586
  53.000       0.4799
  54.000       0.5079
  55.000       0.5343
  56.000       0.5730
  57.000       0.5359
  58.000       0.5050
  59.000       0.5369
  60.000       0.5758
  61.000       0.5253
  62.000       0.5131
  63.000       0.5590
  64.000       0.5501
  65.000       0.5190
  66.000       0.5897
  67.000       0.6643
  68.000       0.6379
  69.000       0.5914
  70.000       0.6946
  71.000       0.5955
  72.000       0.4983
  73.000       0.4791
  74.000       0.4462
  75.000       0.4219
  76.000       0.4364
  77.000       0.4550
  78.000       0.4505
  79.000       0.4866
  80.000       0.5106
  81.000       0.5113
  82.000       0.5386
  83.000       0.5777
  84.000       0.5917
  85.000       0.5508
  86.000       0.5225
  87.000       0.5438
  88.000       0.5943
  89.000       0.5685
  90.000       0.5658
  91.000       0.6400
  92.000       0.6800
  93.000       0.6475
  94.000       0.6620
  95.000       0.5530
  96.000       0.4819
  97.000       0.4630
  98.000       0.4748
  99.000       0.5943
 100.000       0.6361
 101.000       0.5810
 102.000       0.6105
 103.000       0.5913
 104.000       0.5396
 105.000       0.6028
 106.000       0.6658
 107.000       0.6421
 108.000       0.7805
 109.000       0.9352
 110.000       0.9118
 111.000       1.0045
 112.000       1.1294
 113.000       0.8729
 114.000       0.7953
 115.000       0.8427
 116.000       0.8162
 117.000       0.5920
 118.000       0.5322
 119.000       0.4835
 120.000       0.5042
 121.000       0.6101
 122.000       0.5836
 123.000       0.5216
 124.000       0.5429
 125.000       0.4409
 126.000       0.4551
 127.000       0.5077
 128.000       0.5219
 129.000       0.5006
 130.000       0.5142
 131.000       0.5917
 132.000       0.6533
 133.000       0.6973
 134.000       0.7598
 135.000       0.7973
 136.000       0.8179
 137.000       0.8170
 138.000       0.7199
 139.000       0.6937
 140.000       0.5801
 141.000       0.5226
 142.000       0.4811
 143.000       0.4570
 144.000       0.4690
 145.000       0.5134
 146.000       0.5963
 147.000       0.5964
 148.000       0.5855
 149.000       0.7075
 150.000       0.7051
 151.000       0.5671
 152.000       0.6128
 153.000       0.7627
 154.000       0.7918
 155.000       0.7427
 156.000       0.6965
 157.000       1.2758
 158.000       0.7601
 159.000       0.6734
 160.000       0.5947
 161.000       0.5251
 162.000       0.4868
 163.000       0.4695
 164.000       0.4489
 165.000       0.4973
 166.000       0.5776
 167.000       0.5920
 168.000       0.6740
 169.000       0.6646
 170.000       0.8297
 171.000       0.9956
 172.000       1.0744
 173.000       1.2480
 174.000       1.0073
 175.000       0.7390
 176.000       0.5556
 177.000       0.5269
 178.000       0.5522
 179.000       0.4539
 180.000       0.4417
 181.000       0.4977
 182.000       0.5474
 183.000       0.6322
 184.000       0.7215
 185.000       0.7758
 186.000       0.6943
 187.000       0.6532
 188.000       0.7134
 189.000       0.7356
 190.000       0.6466
 191.000       0.6368
 192.000       0.7158
 193.000       0.7307
 194.000       0.6940
 195.000       0.7760
 196.000       0.8694
 197.000       0.8685
 198.000       0.8643
 199.000       0.7165
 200.000       0.6745
 201.000       0.6128
 202.000       0.5660
 203.000       0.5324
 204.000       0.4631
 205.000       0.4333
 206.000       0.4498
 207.000       0.4757
 208.000       0.5443
 209.000       0.6310
 210.000       0.7239
 211.000       0.7305
 212.000       0.8180
 213.000       1.0209
 214.000       0.8939
 215.000       0.8114
 216.000       0.7958
 217.000       0.7224
 218.000       0.6565
 219.000       0.6677
 220.000       0.6545
 221.000       0.6032
 222.000       0.5645
 223.000       0.6269
 224.000       0.6277
 225.000       0.6013
 226.000       0.6249
 227.000       0.6674
 228.000       0.6430
 229.000       0.6929
 230.000       0.7741
 231.000       0.7648
 232.000       0.7755
 233.000       0.8971
 234.000       0.9277
 235.000       0.8587
 236.000       0.8942
 237.000       0.8177
 238.000       0.9333
 239.000       0.7176
 240.000       0.6222
 241.000       0.5242
 242.000       0.4405
 243.000       0.4191
 244.000       0.4223
 245.000       0.4323
 246.000       0.4589
 247.000       0.5179
 248.000       0.5271
 249.000       0.6003
 250.000       0.8746
 251.000       0.8421
 252.000       0.8202
 253.000       0.8777
 254.000       0.8333
 255.000       0.9488
 256.000       0.8030
 257.000       0.6783
 258.000       0.6053
 259.000       0.6667
 260.000       0.7069
 261.000       0.6301
 262.000       0.5979
 263.000       0.6668
 264.000       0.6666
 265.000       0.5926
 266.000       0.6304
 267.000       0.7002
 268.000       0.6411
 269.000       0.5768
 270.000       0.6726
 271.000       0.7129
 272.000       0.6396
 273.000       0.6162
 274.000       0.7566
 275.000       0.9205
 276.000       1.0298
 277.000       0.9911
 278.000       1.0216
 279.000       0.6960
 280.000       0.5838
 281.000       0.4619
 282.000       0.4161
 283.000       0.4381
 284.000       0.4593
 285.000       0.4790
 286.000       0.5076
 287.000       0.4887
 288.000       0.4706
 289.000       0.4709
 290.000       0.4894
 291.000       0.5073
 292.000       0.5164
 293.000       0.4869
 294.000       0.4719
 295.000       0.4530
 296.000       0.4681
 297.000       0.4572
 298.000       0.4532
 299.000       0.4698
 300.000       0.4495
 301.000       0.4586
 302.000       0.4877
 303.000       0.5390
 304.000       0.5874
 305.000       0.6904
 306.000       0.7480
 307.000       0.8836
 308.000       0.8723
 309.000       0.8465
 310.000       0.8928
 311.000       1.0736
 312.000       1.3107
 313.000       1.4561
 314.000       1.3685
 315.000       1.2774
 316.000       1.3699
 317.000       1.2457
 318.000       1.1266
 319.000       1.1113
 320.000       0.9951
 321.000       0.9985
 322.000       0.8463
 323.000       0.6967
 324.000       0.6008
 325.000       0.5150
 326.000       0.4421
 327.000       0.4054
 328.000       0.4039
 329.000       0.4099
 330.000       0.4145
 331.000       0.4185
 332.000       0.4001
 333.000       0.4108
 334.000       0.4294
 335.000       0.4923
 336.000       0.4376
 337.000       0.4371
 338.000       0.4771
 339.000       0.5054
 340.000       0.5393
 341.000       0.5352
 342.000       0.5571
 343.000       0.7040
 344.000       0.8115
 345.000       1.0450
 346.000       0.8795
 347.000       1.1705
 348.000       0.8767
 349.000       0.6928
 350.000       0.9115
 351.000       1.1258
 352.000       1.5015
 353.000       1.7637
 354.000       1.6960
 355.000       1.7364
 356.000       1.9775
 357.000       1.7163
 358.000       1.3302
 359.000       1.1268
 360.000       0.9444
 361.000       0.7880
 362.000       0.7141
 363.000       0.5922
 364.000       0.5200
 365.000       0.4430
 366.000       0.4171
 367.000       0.4193
 368.000       0.4110
 369.000       0.4119
 370.000       0.4516
 371.000       0.5032
 372.000       0.5463
 373.000       0.4963
 374.000       0.4692
 375.000       0.4918
 376.000       0.4819
 377.000       0.5491
 378.000       0.6442
 379.000       0.6820
 380.000       0.7007
 381.000       0.7610
 382.000       0.7463
 383.000       0.8186
 384.000       0.9144
 385.000       0.8185
 386.000       0.7809
 387.000       0.6902
 388.000       0.6876
 389.000       0.6436
 390.000       0.5817
 391.000       0.5537
 392.000       0.5022
 393.000       0.4614
 394.000       0.6063
 395.000       0.6347
 396.000       0.6768
 397.000       0.6238
 398.000       0.5121
 399.000       0.5108
 400.000       0.5832
 401.000       0.5834
 402.000       0.5757
 403.000       0.5377
 404.000       0.4934
 405.000       0.5365
 406.000       0.6077
 407.000       0.4978
 408.000       0.4455
 409.000       0.5089
 410.000       0.5846
 411.000       0.7277
 412.000       0.6869
 413.000       0.5743
 414.000       0.5351
 415.000       0.5378
 416.000       0.5246
 417.000       0.5514
 418.000       0.5718
 419.000       0.6622
 420.000       0.7930
 421.000       0.8660
 422.000       0.8599
 423.000       0.7790
 424.000       0.7682
 425.000       0.8279
 426.000       0.8006
 427.000       0.7846
 428.000       0.9597
 429.000       1.0022
 430.000       0.9405
 431.000       1.2689
 432.000       2.1465
 433.000       4.4144
 434.000       3.2041
 435.000       1.7414
 436.000       1.5759
 437.000       1.4650
 438.000       1.1672
 439.000       1.1087
 440.000       1.2270
 441.000       1.1180
 442.000       0.9947
 443.000       1.1844
 444.000       1.2192
 445.000       1.0476
 446.000       1.5120
 447.000       1.3591
 448.000       1.4420
 449.000       1.2466
 450.000       1.0047
 451.000       0.9143
 452.000       0.7531
 453.000       0.7056
 454.000       0.7386
 455.000       0.7598
 456.000       0.9537
 457.000       1.1471
 458.000       1.2990
 459.000       0.9824
 460.000       0.8357
 461.000       0.7334
 462.000       0.7968
 463.000       0.8122
 464.000       0.7206
 465.000       0.7094
 466.000       0.7781
 467.000       0.7823
 468.000       0.7501
 469.000       0.7406
 470.000       0.8496
 471.000       0.8695
 472.000       0.7713
 473.000       0.7926
 474.000       0.8392
 475.000       0.7199
 476.000       0.5842
 477.000       0.5212
 478.000       0.5239
 479.000       0.5374
 480.000       0.5078
 481.000       0.4628
 482.000       0.4532
 483.000       0.4694
 484.000       0.4772
 485.000       0.4817
 486.000       0.5117
 487.000       0.5439
 488.000       0.5429
 489.000       0.5458
 490.000       0.5895
 491.000       0.6195
 492.000       0.6265
 493.000       0.6593
 494.000       0.6929
 495.000       0.6518
 496.000       0.5994
 497.000       0.8552
 498.000       1.0103
 499.000       0.8166
 500.000       0.6460
 501.000       0.7281
 502.000       0.6073
 503.000       0.4968
 504.000       0.4600
 505.000       0.4434
 506.000       0.4136
 507.000       0.3726
 508.000       0.3826
 509.000       0.3965
 510.000       0.4048
 511.000       0.4016
 512.000       0.4342
 513.000       0.5096
 514.000       0.6323
 515.000       0.6444
 516.000       0.5978
 517.000       0.5901
 518.000       0.6005
 519.000       0.6231
 520.000       0.5973
 521.000       0.5623
 522.000       0.6188
 523.000       0.6972
 524.000       0.6577
 525.000       0.6527
 526.000       0.5433
 527.000       0.4767
 528.000       0.4033
 529.000       0.3785
 530.000       0.4459
 531.000       0.4627
 532.000       0.5063
 533.000       0.5756
 534.000       0.6086
 535.000       0.5392
 536.000       0.5571
 537.000       0.6300
 538.000       0.6291
 539.000       0.6019
 540.000       0.6926
 541.000       0.8031
 542.000       0.9012
 543.000       0.9327
 544.000       0.7773
 545.000       0.7530
 546.000       0.7421
 547.000       0.7313
 548.000       0.5536
 549.000       0.4726
 550.000       0.4077
 551.000       0.4236
 552.000       0.4174
 553.000       0.4050
 554.000       0.4268
 555.000       0.4220
 556.000       0.4337
 557.000       0.4671
 558.000       0.5199
 559.000       0.5508
 560.000       0.5153
 561.000       0.5157
 562.000       0.5801
 563.000       0.5909
 564.000       0.5836
 565.000       0.6318
 566.000       0.6999
 567.000       0.6823
 568.000       0.6551
 569.000       0.5551
 570.000       0.5204
 571.000       0.4516
 572.000       0.4273
 573.000       0.3974
 574.000       0.4067
 575.000       0.4453
 576.000       0.4797
 577.000       0.5367
 578.000       0.5004
 579.000       0.4787
 580.000       0.5272
 581.000       0.5868
 582.000       0.5544
 583.000       0.5555
 584.000       0.6644
 585.000       0.7485
 586.000       0.6301
 587.000       0.6260
 588.000       0.8661
 589.000       0.6903
 590.000       0.5805
 591.000       0.5011
 592.000       0.4725
 593.000       0.4376
 594.000       0.4174
 595.000       0.4181
 596.000       0.4873
 597.000       0.5961
 598.000       0.7031
 599.000       0.8695
 600.000       0.7371
 601.000       0.9079
 602.000       0.9423
 603.000       1.0267
 604.000       1.4510
 605.000       0.9270
 606.000       0.7518
 607.000       0.5675
 608.000       0.6044
 609.000       0.6763
 610.000       0.4921
 611.000       0.4911
 612.000       0.5461
 613.000       0.5716
 614.000       0.6877
 615.000       0.8134
 616.000       0.8794
 617.000       0.7435
 618.000       0.6333
 619.000       0.7092
 620.000       0.7031
 621.000       0.6011
 622.000       0.6113
 623.000       0.6866
 624.000       0.6510
 625.000       0.6184
 626.000       0.7198
 627.000       0.7923
 628.000       0.7587
 629.000       0.7725
 630.000       0.6424
 631.000       0.5985
 632.000       0.5566
 633.000       0.5352
 634.000       0.4968
 635.000       0.4352
 636.000       0.4074
 637.000       0.4221
 638.000       0.4591
 639.000       0.5348
 640.000       0.6805
 641.000       0.6930
 642.000       0.7953
 643.000       0.7928
 644.000       0.8382
 645.000       0.8412
 646.000       0.8097
 647.000       0.8562
 648.000       0.8025
 649.000       0.7030
 650.000       0.7104
 651.000       0.7223
 652.000       0.6370
 653.000       0.6078
 654.000       0.6854
 655.000       0.6691
 656.000       0.6041
 657.000       0.6506
 658.000       0.7002
 659.000       0.6466
 660.000       0.6561
 661.000       0.7349
 662.000       0.7240
 663.000       0.7260
 664.000       0.8292
 665.000       0.8572
 666.000       0.8113
 667.000       0.8416
 668.000       0.7496
 669.000       0.8362
 670.000       0.6934
 671.000       0.6409
 672.000       0.5473
 673.000       0.4405
 674.000       0.3963
 675.000       0.4215
 676.000       0.4412
 677.000       0.4409
 678.000       0.5300
 679.000       0.5057
 680.000       0.5565
 681.000       0.5961
 682.000       0.7438
 683.000       1.0429
 684.000       1.1749
 685.000       1.2571
 686.000       1.5552
 687.000       1.1149
 688.000       0.9342
 689.000       0.7614
 690.000       0.7276
 691.000       0.8130
 692.000       0.8091
 693.000       0.8379
 694.000       0.8866
 695.000       0.8235
 696.000       0.7179
 697.000       0.6851
 698.000       0.7447
 699.000       0.7092
 700.000       0.6540
 701.000       0.7305
 702.000       0.7648
 703.000       0.6921
 704.000       0.6785
 705.000       0.8136
 706.000       0.9671
 707.000       1.0734
 708.000       0.9886
 709.000       0.9528
 710.000       0.7024
 711.000       0.5689
 712.000       0.4537
 713.000       0.3871
 714.000       0.3575
 715.000       0.3559
 716.000       0.3873
 717.000       0.4332
 718.000       0.4121
 719.000       0.4228
 720.000       0.4463
 721.000       0.4355
 722.000       0.4578
 723.000       0.5072
 724.000       0.4784
 725.000       0.4551
 726.000       0.4612
 727.000       0.4658
 728.000       0.4611
 729.000       0.4435
 730.000       0.4279
 731.000       0.4257
 732.000       0.4460
 733.000       0.4352
 734.000       0.4868
 735.000       0.5440
 736.000       0.6514
 737.000       0.6793
 738.000       0.7195
 739.000       0.8162
 740.000       0.9878
 741.000       1.1330
 742.000       1.4132
 743.000       1.6525
 744.000       1.7579
 745.000       1.6080
 746.000       1.3165
 747.000       1.1671
 748.000       1.2298
 749.000       1.1798
 750.000       0.9599
 751.000       0.9559
 752.000       1.0327
 753.000       0.8675
 754.000       0.7678
 755.000       0.6580
 756.000       0.5685
 757.000       0.5164
 758.000       0.4231
 759.000       0.4415
 760.000       0.4203
 761.000       0.4248
 762.000       0.4433
 763.000       0.4511
 764.000       0.5432
 765.000       0.5160
 766.000       0.4880
 767.000       0.4560
 768.000       0.4535
 769.000       0.4777
 770.000       0.5342
 771.000       0.5531
 772.000       0.5076
 773.000       0.5652
 774.000       0.7080
 775.000       0.8098
 776.000       0.8950
 777.000       0.8822
 778.000       0.8987
 779.000       0.8389
 780.000       0.7564
 781.000       0.8691
 782.000       0.8595
 783.000       1.0047
 784.000       1.2571
 785.000       1.6313
 786.000       1.7006
 787.000       1.9257
 788.000       1.4935
 789.000       1.1457
 790.000       1.0245
 791.000       0.9356
 792.000       0.8659
 793.000       0.9503
 794.000       0.7073
 795.000       0.6091
 796.000       0.5322
 797.000       0.5301
 798.000       0.4796
 799.000       0.4814
 800.000       0.4894
 801.000       0.6480
 802.000       0.5784
 803.000       0.6601
 804.000       0.5595
 805.000       0.4691
 806.000       0.5384
 807.000       0.5787
 808.000       0.6678
 809.000       0.7483
 810.000       0.7970
 811.000       0.8893
 812.000       0.9594
 813.000       0.8634
 814.000       0.8661
 815.000       0.9594
 816.000       0.7501
 817.000       0.6297
 818.000       0.5382
 819.000       0.5530
 820.000       0.5292
 821.000       0.5203
 822.000       0.5175
 823.000       0.5226
 824.000       0.5147
 825.000       0.6385
 826.000       0.5979
 827.000       0.5630
 828.000       0.5412
 829.000       0.4749
 830.000       0.4305
 831.000       0.4642
 832.000       0.5069
 833.000       0.6031
 834.000       0.5726
 835.000       0.7728
 836.000       0.6852
 837.000       0.5783
 838.000       0.5964
 839.000       0.7360
 840.000       0.7961
 841.000       0.9054
 842.000       1.1667
 843.000       1.2145
 844.000       1.0634
 845.000       0.6809
 846.000       0.5568
 847.000       0.5226
 848.000       0.5501
 849.000       0.5378
 850.000       0.6053
 851.000       0.7078
 852.000       0.8081
 853.000       0.8553
 854.000       0.7273
 855.000       0.7448
 856.000       0.9234
 857.000       0.9343
 858.000       0.8676
 859.000       1.1025
 860.000       1.2324
 861.000       0.9978
 862.000       0.9039
 863.000       0.9683
