#Res        AtomicFlx
   1.000       2.3433
   2.000       1.6471
   3.000       1.3024
   4.000       1.0640
   5.000       1.1872
   6.000       1.1448
   7.000       0.9748
   8.000       0.9233
   9.000       0.9704
  10.000       0.8885
  11.000       0.8188
  12.000       0.9065
  13.000       0.9498
  14.000       0.8594
  15.000       0.9153
  16.000       1.1037
  17.000       1.4393
  18.000       1.2250
  19.000       0.9686
  20.000       0.8979
  21.000       0.7567
  22.000       0.7341
  23.000       0.7506
  24.000       0.7721
  25.000       0.9565
  26.000       1.1373
  27.000       1.2508
  28.000       1.0050
  29.000       0.8779
  30.000       0.7676
  31.000       0.9399
  32.000       1.0428
  33.000       0.9923
  34.000       0.9304
  35.000       0.8704
  36.000       0.8562
  37.000       0.7429
  38.000       0.6421
  39.000       0.7823
  40.000       0.8429
  41.000       0.7889
  42.000       0.8215
  43.000       0.9901
  44.000       0.9363
  45.000       0.8821
  46.000       0.7001
  47.000       0.5748
  48.000       0.5657
  49.000       0.5016
  50.000       0.4629
  51.000       0.4801
  52.000       0.5024
  53.000       0.5026
  54.000       0.4931
  55.000       0.4907
  56.000       0.5145
  57.000       0.4993
  58.000       0.4789
  59.000       0.5057
  60.000       0.5548
  61.000       0.5259
  62.000       0.5269
  63.000       0.5729
  64.000       0.5712
  65.000       0.5390
  66.000       0.6130
  67.000       0.7017
  68.000       0.6940
  69.000       0.6561
  70.000       0.7643
  71.000       0.6777
  72.000       0.5726
  73.000       0.5109
  74.000       0.4481
  75.000       0.4385
  76.000       0.4576
  77.000       0.5059
  78.000       0.5150
  79.000       0.5951
  80.000       0.6052
  81.000       0.5792
  82.000       0.5922
  83.000       0.6264
  84.000       0.6121
  85.000       0.5638
  86.000       0.5300
  87.000       0.5349
  88.000       0.5551
  89.000       0.5386
  90.000       0.5504
  91.000       0.6145
  92.000       0.6312
  93.000       0.6082
  94.000       0.5908
  95.000       0.4979
  96.000       0.4537
  97.000       0.4265
  98.000       0.4211
  99.000       0.4748
 100.000       0.5233
 101.000       0.5544
 102.000       0.5527
 103.000       0.5770
 104.000       0.5274
 105.000       0.5265
 106.000       0.5848
 107.000       0.6014
 108.000       0.6312
 109.000       0.7102
 110.000       0.7324
 111.000       0.7905
 112.000       0.8998
 113.000       0.7300
 114.000       0.7308
 115.000       0.7234
 116.000       0.7512
 117.000       0.5991
 118.000       0.4890
 119.000       0.4459
 120.000       0.4533
 121.000       0.5908
 122.000       0.5083
 123.000       0.4833
 124.000       0.4190
 125.000       0.4163
 126.000       0.4444
 127.000       0.4916
 128.000       0.4981
 129.000       0.4581
 130.000       0.4843
 131.000       0.5568
 132.000       0.5765
 133.000       0.5920
 134.000       0.6906
 135.000       0.7431
 136.000       0.7142
 137.000       0.6860
 138.000       0.5736
 139.000       0.5747
 140.000       0.5240
 141.000       0.4915
 142.000       0.5451
 143.000       0.5456
 144.000       0.6098
 145.000       0.7442
 146.000       0.8791
 147.000       0.8362
 148.000       0.6746
 149.000       0.7389
 150.000       0.8328
 151.000       0.7458
 152.000       0.6820
 153.000       0.8030
 154.000       0.8559
 155.000       0.8215
 156.000       0.7303
 157.000       0.8744
 158.000       0.8254
 159.000       0.6444
 160.000       0.5824
 161.000       0.5091
 162.000       0.4946
 163.000       0.4943
 164.000       0.5019
 165.000       0.5333
 166.000       0.6297
 167.000       0.8400
 168.000       0.9213
 169.000       0.8822
 170.000       1.0216
 171.000       1.2384
 172.000       1.3742
 173.000       1.6589
 174.000       1.3142
 175.000       0.9051
 176.000       0.6362
 177.000       0.5680
 178.000       0.5498
 179.000       0.4614
 180.000       0.4817
 181.000       0.5848
 182.000       0.6215
 183.000       0.6957
 184.000       0.7017
 185.000       0.7536
 186.000       0.8289
 187.000       0.7724
 188.000       0.8567
 189.000       0.9050
 190.000       0.7734
 191.000       0.7506
 192.000       0.8598
 193.000       0.8235
 194.000       0.7763
 195.000       0.8773
 196.000       0.9375
 197.000       0.8969
 198.000       0.9031
 199.000       0.7754
 200.000       0.6931
 201.000       0.6386
 202.000       0.5797
 203.000       0.5590
 204.000       0.5028
 205.000       0.4746
 206.000       0.5818
 207.000       0.7680
 208.000       0.9763
 209.000       1.1863
 210.000       1.5771
 211.000       1.3192
 212.000       1.3423
 213.000       1.4509
 214.000       1.3545
 215.000       1.2055
 216.000       1.1965
 217.000       1.0461
 218.000       0.8963
 219.000       0.9823
 220.000       0.9915
 221.000       0.8203
 222.000       0.7751
 223.000       0.8550
 224.000       0.8286
 225.000       0.7545
 226.000       0.8120
 227.000       0.8410
 228.000       0.7743
 229.000       0.8068
 230.000       0.8633
 231.000       0.8466
 232.000       0.8553
 233.000       0.9754
 234.000       1.0321
 235.000       0.9923
 236.000       1.0150
 237.000       0.9013
 238.000       0.9607
 239.000       0.7828
 240.000       0.7264
 241.000       0.6006
 242.000       0.5250
 243.000       0.4791
 244.000       0.5148
 245.000       0.5227
 246.000       0.5868
 247.000       0.7168
 248.000       0.8605
 249.000       1.0727
 250.000       1.3899
 251.000       1.3354
 252.000       1.1888
 253.000       1.3929
 254.000       1.4311
 255.000       1.5634
 256.000       1.3335
 257.000       1.1197
 258.000       0.8932
 259.000       0.9368
 260.000       1.0648
 261.000       0.9755
 262.000       0.8799
 263.000       1.0358
 264.000       1.0595
 265.000       0.9161
 266.000       0.9559
 267.000       1.1073
 268.000       1.0273
 269.000       0.9025
 270.000       1.0586
 271.000       1.1543
 272.000       1.0266
 273.000       0.9449
 274.000       1.0910
 275.000       1.1982
 276.000       1.3610
 277.000       1.3267
 278.000       1.3573
 279.000       0.8690
 280.000       0.7072
 281.000       0.5534
 282.000       0.4700
 283.000       0.4598
 284.000       0.4821
 285.000       0.5725
 286.000       0.6011
 287.000       0.5660
 288.000       0.5500
 289.000       0.5723
 290.000       0.7220
 291.000       1.0475
 292.000       0.7247
 293.000       0.5781
 294.000       0.5614
 295.000       0.4879
 296.000       0.4683
 297.000       0.4510
 298.000       0.4328
 299.000       0.4298
 300.000       0.4163
 301.000       0.4453
 302.000       0.4977
 303.000       0.5555
 304.000       0.5862
 305.000       0.6960
 306.000       0.7818
 307.000       0.8820
 308.000       0.8470
 309.000       0.8220
 310.000       0.8668
 311.000       1.0078
 312.000       1.1802
 313.000       1.2861
 314.000       1.2293
 315.000       1.1959
 316.000       1.2815
 317.000       1.1821
 318.000       1.0886
 319.000       1.0798
 320.000       0.9629
 321.000       0.9616
 322.000       0.8230
 323.000       0.6826
 324.000       0.5941
 325.000       0.5333
 326.000       0.4714
 327.000       0.4240
 328.000       0.4235
 329.000       0.4139
 330.000       0.4134
 331.000       0.4144
 332.000       0.4012
 333.000       0.4028
 334.000       0.4382
 335.000       0.4703
 336.000       0.4609
 337.000       0.4569
 338.000       0.5277
 339.000       0.5411
 340.000       0.5378
 341.000       0.5742
 342.000       0.6413
 343.000       0.7019
 344.000       0.7578
 345.000       0.9055
 346.000       0.7739
 347.000       0.7707
 348.000       0.6637
 349.000       0.6775
 350.000       0.7545
 351.000       0.8598
 352.000       1.2327
 353.000       1.7436
 354.000       1.8611
 355.000       1.8000
 356.000       1.9682
 357.000       1.7627
 358.000       1.3986
 359.000       1.1588
 360.000       0.8967
 361.000       0.7543
 362.000       0.6991
 363.000       0.6095
 364.000       0.5721
 365.000       0.4793
 366.000       0.4244
 367.000       0.4171
 368.000       0.4092
 369.000       0.4092
 370.000       0.4460
 371.000       0.4948
 372.000       0.5424
 373.000       0.4851
 374.000       0.4393
 375.000       0.4839
 376.000       0.4942
 377.000       0.5424
 378.000       0.6371
 379.000       0.6696
 380.000       0.6625
 381.000       0.7012
 382.000       0.6930
 383.000       0.7342
 384.000       0.7690
 385.000       0.6406
 386.000       0.5930
 387.000       0.5270
 388.000       0.5213
 389.000       0.4924
 390.000       0.4897
 391.000       0.5218
 392.000       0.4974
 393.000       0.5047
 394.000       0.6724
 395.000       0.7761
 396.000       0.8100
 397.000       0.8670
 398.000       0.6411
 399.000       0.5392
 400.000       0.5775
 401.000       0.5718
 402.000       0.5283
 403.000       0.4649
 404.000       0.4556
 405.000       0.4608
 406.000       0.4990
 407.000       0.4294
 408.000       0.4045
 409.000       0.4630
 410.000       0.5265
 411.000       0.6437
 412.000       0.6104
 413.000       0.5487
 414.000       0.5575
 415.000       0.5348
 416.000       0.5152
 417.000       0.5494
 418.000       0.5434
 419.000       0.6039
 420.000       0.6830
 421.000       0.7489
 422.000       0.7561
 423.000       0.6701
 424.000       0.6472
 425.000       0.7014
 426.000       0.7064
 427.000       0.6955
 428.000       0.8430
 429.000       0.9325
 430.000       0.9508
 431.000       1.3288
 432.000       2.4269
 433.000       3.0264
 434.000       1.7775
 435.000       1.4327
 436.000       1.3907
 437.000       1.2030
 438.000       0.9798
 439.000       0.8809
 440.000       0.9562
 441.000       0.9250
 442.000       0.8161
 443.000       0.8770
 444.000       0.9514
 445.000       0.8780
 446.000       0.8533
 447.000       0.9507
 448.000       1.0438
 449.000       0.9498
 450.000       0.8361
 451.000       0.7887
 452.000       0.6938
 453.000       0.6823
 454.000       0.7059
 455.000       0.7831
 456.000       0.9666
 457.000       1.1426
 458.000       1.5971
 459.000       1.0137
 460.000       0.8716
 461.000       0.8192
 462.000       0.7744
 463.000       0.7680
 464.000       0.7042
 465.000       0.6512
 466.000       0.6546
 467.000       0.6733
 468.000       0.6870
 469.000       0.7334
 470.000       0.8151
 471.000       0.8644
 472.000       0.9356
 473.000       1.1925
 474.000       1.1060
 475.000       0.7533
 476.000       0.5635
 477.000       0.4900
 478.000       0.4954
 479.000       0.5162
 480.000       0.4769
 481.000       0.4235
 482.000       0.4308
 483.000       0.4631
 484.000       0.4908
 485.000       0.5127
 486.000       0.5306
 487.000       0.5685
 488.000       0.5403
 489.000       0.5157
 490.000       0.5518
 491.000       0.5652
 492.000       0.5059
 493.000       0.5637
 494.000       0.6407
 495.000       0.6004
 496.000       0.5578
 497.000       0.7941
 498.000       0.9835
 499.000       0.8562
 500.000       0.7186
 501.000       0.8542
 502.000       0.6879
 503.000       0.5409
 504.000       0.5142
 505.000       0.5167
 506.000       0.4644
 507.000       0.3913
 508.000       0.3897
 509.000       0.3846
 510.000       0.3897
 511.000       0.3893
 512.000       0.4259
 513.000       0.4618
 514.000       0.5134
 515.000       0.5398
 516.000       0.5174
 517.000       0.5237
 518.000       0.5330
 519.000       0.5789
 520.000       0.5874
 521.000       0.5710
 522.000       0.6465
 523.000       0.8429
 524.000       0.8408
 525.000       0.7303
 526.000       0.5631
 527.000       0.5053
 528.000       0.4516
 529.000       0.3831
 530.000       0.4439
 531.000       0.4405
 532.000       0.4610
 533.000       0.5398
 534.000       0.5772
 535.000       0.5026
 536.000       0.5505
 537.000       0.6598
 538.000       0.6315
 539.000       0.5888
 540.000       0.7495
 541.000       0.8742
 542.000       0.8981
 543.000       0.9796
 544.000       0.8434
 545.000       0.8633
 546.000       0.8795
 547.000       0.9134
 548.000       0.7802
 549.000       0.6693
 550.000       0.6130
 551.000       0.5131
 552.000       0.4815
 553.000       0.4429
 554.000       0.4512
 555.000       0.4638
 556.000       0.4728
 557.000       0.4982
 558.000       0.5191
 559.000       0.5418
 560.000       0.5250
 561.000       0.4978
 562.000       0.5457
 563.000       0.5900
 564.000       0.5930
 565.000       0.6275
 566.000       0.6796
 567.000       0.7078
 568.000       0.6667
 569.000       0.5620
 570.000       0.5770
 571.000       0.5117
 572.000       0.4470
 573.000       0.3967
 574.000       0.4040
 575.000       0.4581
 576.000       0.5331
 577.000       0.5252
 578.000       0.4970
 579.000       0.4662
 580.000       0.5055
 581.000       0.5741
 582.000       0.5500
 583.000       0.5344
 584.000       0.6597
 585.000       0.7549
 586.000       0.6121
 587.000       0.5907
 588.000       1.0723
 589.000       0.7006
 590.000       0.5717
 591.000       0.5047
 592.000       0.4495
 593.000       0.4122
 594.000       0.4004
 595.000       0.4034
 596.000       0.4931
 597.000       0.6116
 598.000       0.6011
 599.000       0.6463
 600.000       0.5755
 601.000       0.7106
 602.000       0.7668
 603.000       0.7181
 604.000       0.7802
 605.000       0.7148
 606.000       0.6164
 607.000       0.5080
 608.000       0.5008
 609.000       0.5282
 610.000       0.4530
 611.000       0.4490
 612.000       0.5035
 613.000       0.5417
 614.000       0.6797
 615.000       0.8056
 616.000       0.9237
 617.000       0.7302
 618.000       0.6462
 619.000       0.6804
 620.000       0.6812
 621.000       0.5848
 622.000       0.5884
 623.000       0.6497
 624.000       0.6291
 625.000       0.6152
 626.000       0.7051
 627.000       0.7663
 628.000       0.7408
 629.000       0.7601
 630.000       0.6432
 631.000       0.6021
 632.000       0.5434
 633.000       0.4933
 634.000       0.4698
 635.000       0.4206
 636.000       0.4061
 637.000       0.4073
 638.000       0.4046
 639.000       0.4401
 640.000       0.4920
 641.000       0.5372
 642.000       0.6237
 643.000       0.6242
 644.000       0.7857
 645.000       0.7424
 646.000       0.7928
 647.000       0.7995
 648.000       0.6945
 649.000       0.6458
 650.000       0.7037
 651.000       0.7030
 652.000       0.6220
 653.000       0.6138
 654.000       0.6813
 655.000       0.6518
 656.000       0.6151
 657.000       0.6520
 658.000       0.6872
 659.000       0.6493
 660.000       0.6932
 661.000       0.7581
 662.000       0.7668
 663.000       0.7775
 664.000       0.8685
 665.000       0.8738
 666.000       0.8330
 667.000       0.8767
 668.000       0.8051
 669.000       0.9142
 670.000       0.6870
 671.000       0.6036
 672.000       0.5096
 673.000       0.4488
 674.000       0.4051
 675.000       0.4218
 676.000       0.4359
 677.000       0.4366
 678.000       0.4611
 679.000       0.4591
 680.000       0.4994
 681.000       0.5921
 682.000       0.7397
 683.000       0.9118
 684.000       1.0535
 685.000       1.0508
 686.000       1.2292
 687.000       1.4106
 688.000       1.3981
 689.000       1.0359
 690.000       0.9797
 691.000       1.0497
 692.000       0.9031
 693.000       0.7806
 694.000       0.8647
 695.000       0.9040
 696.000       0.8600
 697.000       0.8107
 698.000       0.8306
 699.000       0.7919
 700.000       0.7391
 701.000       0.8147
 702.000       0.8700
 703.000       0.7624
 704.000       0.7241
 705.000       0.8744
 706.000       0.9832
 707.000       1.0949
 708.000       1.0308
 709.000       0.9869
 710.000       0.7560
 711.000       0.5882
 712.000       0.5152
 713.000       0.4497
 714.000       0.4131
 715.000       0.4038
 716.000       0.4201
 717.000       0.4410
 718.000       0.4089
 719.000       0.4183
 720.000       0.4633
 721.000       0.4779
 722.000       0.5092
 723.000       0.5325
 724.000       0.5314
 725.000       0.4806
 726.000       0.4469
 727.000       0.4259
 728.000       0.4248
 729.000       0.4146
 730.000       0.4051
 731.000       0.4187
 732.000       0.4780
 733.000       0.5124
 734.000       0.5545
 735.000       0.5855
 736.000       0.6649
 737.000       0.6999
 738.000       0.8416
 739.000       0.9217
 740.000       1.1226
 741.000       1.2255
 742.000       1.4534
 743.000       1.6793
 744.000       1.7404
 745.000       1.5729
 746.000       1.2186
 747.000       1.1221
 748.000       1.3092
 749.000       1.2318
 750.000       0.9451
 751.000       1.0514
 752.000       1.2351
 753.000       1.0028
 754.000       0.8848
 755.000       0.6964
 756.000       0.5721
 757.000       0.4536
 758.000       0.4088
 759.000       0.4120
 760.000       0.3845
 761.000       0.4116
 762.000       0.4477
 763.000       0.4231
 764.000       0.4533
 765.000       0.4829
 766.000       0.4886
 767.000       0.4400
 768.000       0.4387
 769.000       0.4557
 770.000       0.5035
 771.000       0.5264
 772.000       0.4824
 773.000       0.5154
 774.000       0.6173
 775.000       0.6844
 776.000       0.8700
 777.000       0.8565
 778.000       0.8952
 779.000       0.6427
 780.000       0.6043
 781.000       0.6954
 782.000       0.7168
 783.000       0.8321
 784.000       1.1645
 785.000       1.3882
 786.000       1.8740
 787.000       2.4925
 788.000       2.0664
 789.000       1.4533
 790.000       1.2204
 791.000       1.0481
 792.000       0.8989
 793.000       0.8418
 794.000       0.6855
 795.000       0.5872
 796.000       0.4601
 797.000       0.4476
 798.000       0.4642
 799.000       0.4630
 800.000       0.4923
 801.000       0.6274
 802.000       0.6520
 803.000       0.7153
 804.000       0.6327
 805.000       0.4947
 806.000       0.5067
 807.000       0.5207
 808.000       0.6089
 809.000       0.7017
 810.000       0.7178
 811.000       0.7755
 812.000       0.8464
 813.000       0.8416
 814.000       0.8725
 815.000       0.9249
 816.000       0.7719
 817.000       0.6960
 818.000       0.6327
 819.000       0.5777
 820.000       0.5339
 821.000       0.5358
 822.000       0.5067
 823.000       0.4806
 824.000       0.4815
 825.000       0.5852
 826.000       0.6087
 827.000       0.5440
 828.000       0.5008
 829.000       0.4525
 830.000       0.4088
 831.000       0.4246
 832.000       0.4471
 833.000       0.4869
 834.000       0.4835
 835.000       0.5600
 836.000       0.5864
 837.000       0.6219
 838.000       0.6397
 839.000       0.7794
 840.000       0.8891
 841.000       0.9683
 842.000       0.8133
 843.000       0.9055
 844.000       0.8402
 845.000       0.6154
 846.000       0.5369
 847.000       0.4965
 848.000       0.5297
 849.000       0.5174
 850.000       0.5803
 851.000       0.6840
 852.000       0.7794
 853.000       0.8646
 854.000       0.7702
 855.000       0.8055
 856.000       0.9844
 857.000       1.0139
 858.000       0.9755
 859.000       1.3049
 860.000       1.4385
 861.000       1.4374
 862.000       3.4683
 863.000       4.6866
