#Res        AtomicFlx
   1.000       3.8605
   2.000       2.7448
   3.000       1.6787
   4.000       1.1847
   5.000       1.1829
   6.000       1.0953
   7.000       0.8465
   8.000       0.7730
   9.000       0.8264
  10.000       0.7841
  11.000       0.7274
  12.000       0.8041
  13.000       0.8570
  14.000       0.8038
  15.000       0.8282
  16.000       1.1737
  17.000       1.1248
  18.000       0.9228
  19.000       0.7464
  20.000       0.7049
  21.000       0.6151
  22.000       0.6101
  23.000       0.6489
  24.000       0.6701
  25.000       0.8559
  26.000       1.0768
  27.000       1.3424
  28.000       0.9877
  29.000       0.8622
  30.000       0.7345
  31.000       0.8469
  32.000       0.9187
  33.000       0.7827
  34.000       0.6965
  35.000       0.7462
  36.000       0.7242
  37.000       0.6345
  38.000       0.6142
  39.000       0.7472
  40.000       0.7580
  41.000       0.6916
  42.000       0.7313
  43.000       0.8712
  44.000       0.8152
  45.000       0.7621
  46.000       0.6314
  47.000       0.5355
  48.000       0.5522
  49.000       0.4897
  50.000       0.4473
  51.000       0.4514
  52.000       0.4718
  53.000       0.4805
  54.000       0.4772
  55.000       0.4933
  56.000       0.5416
  57.000       0.5321
  58.000       0.5268
  59.000       0.5608
  60.000       0.5884
  61.000       0.5575
  62.000       0.5652
  63.000       0.6088
  64.000       0.5837
  65.000       0.5475
  66.000       0.6465
  67.000       0.7384
  68.000       0.6873
  69.000       0.6618
  70.000       0.8136
  71.000       0.6538
  72.000       0.5579
  73.000       0.5054
  74.000       0.4610
  75.000       0.4617
  76.000       0.4629
  77.000       0.5103
  78.000       0.5392
  79.000       0.5061
  80.000       0.4904
  81.000       0.5061
  82.000       0.5689
  83.000       0.5761
  84.000       0.5697
  85.000       0.5499
  86.000       0.5365
  87.000       0.5092
  88.000       0.5579
  89.000       0.5654
  90.000       0.5570
  91.000       0.6303
  92.000       0.8433
  93.000       0.8212
  94.000       0.7716
  95.000       0.6973
  96.000       0.5785
  97.000       0.4686
  98.000       0.4287
  99.000       0.4449
 100.000       0.5900
 101.000       0.6075
 102.000       0.5898
 103.000       0.6001
 104.000       0.5294
 105.000       0.5340
 106.000       0.6162
 107.000       0.6456
 108.000       0.6643
 109.000       0.7688
 110.000       0.8275
 111.000       0.8157
 112.000       0.9009
 113.000       0.7517
 114.000       0.7645
 115.000       0.8418
 116.000       0.8831
 117.000       0.7153
 118.000       0.5625
 119.000       0.4450
 120.000       0.4191
 121.000       0.4583
 122.000       0.4521
 123.000       0.5050
 124.000       0.4641
 125.000       0.4303
 126.000       0.4672
 127.000       0.5002
 128.000       0.5093
 129.000       0.4846
 130.000       0.5066
 131.000       0.5654
 132.000       0.5813
 133.000       0.5987
 134.000       0.6522
 135.000       0.7023
 136.000       0.7067
 137.000       0.6855
 138.000       0.5741
 139.000       0.5508
 140.000       0.4890
 141.000       0.4468
 142.000       0.4622
 143.000       0.4665
 144.000       0.4884
 145.000       0.5547
 146.000       0.5843
 147.000       0.5433
 148.000       0.4680
 149.000       0.5000
 150.000       0.5697
 151.000       0.5301
 152.000       0.5218
 153.000       0.6945
 154.000       0.7673
 155.000       0.6715
 156.000       0.6047
 157.000       0.7642
 158.000       0.7035
 159.000       0.5681
 160.000       0.5221
 161.000       0.4671
 162.000       0.4423
 163.000       0.4429
 164.000       0.4439
 165.000       0.4814
 166.000       0.5692
 167.000       0.7778
 168.000       0.9152
 169.000       1.0808
 170.000       1.1593
 171.000       1.3884
 172.000       1.4835
 173.000       1.7541
 174.000       1.3480
 175.000       1.0199
 176.000       0.7443
 177.000       0.6912
 178.000       0.7135
 179.000       0.5259
 180.000       0.5592
 181.000       0.5181
 182.000       0.5338
 183.000       0.7174
 184.000       0.8365
 185.000       0.9356
 186.000       0.8142
 187.000       0.6883
 188.000       0.7422
 189.000       0.7283
 190.000       0.6172
 191.000       0.6102
 192.000       0.7088
 193.000       0.6661
 194.000       0.6210
 195.000       0.7207
 196.000       0.7653
 197.000       0.7325
 198.000       0.7655
 199.000       0.6425
 200.000       0.6060
 201.000       0.5614
 202.000       0.5112
 203.000       0.4899
 204.000       0.4485
 205.000       0.4360
 206.000       0.4973
 207.000       0.7531
 208.000       1.0075
 209.000       1.3958
 210.000       1.9875
 211.000       1.7061
 212.000       1.2865
 213.000       1.2342
 214.000       0.9784
 215.000       0.8434
 216.000       0.8237
 217.000       0.7518
 218.000       0.6700
 219.000       0.6662
 220.000       0.6620
 221.000       0.6057
 222.000       0.5609
 223.000       0.6101
 224.000       0.6181
 225.000       0.5634
 226.000       0.5911
 227.000       0.6554
 228.000       0.6149
 229.000       0.6307
 230.000       0.7147
 231.000       0.7232
 232.000       0.7425
 233.000       0.8653
 234.000       0.8910
 235.000       0.8253
 236.000       0.8538
 237.000       0.7957
 238.000       0.9327
 239.000       0.6915
 240.000       0.6214
 241.000       0.5340
 242.000       0.4816
 243.000       0.4466
 244.000       0.4743
 245.000       0.4782
 246.000       0.5224
 247.000       0.6196
 248.000       0.5669
 249.000       0.6163
 250.000       0.8460
 251.000       0.8505
 252.000       0.8637
 253.000       1.0325
 254.000       0.9828
 255.000       1.1392
 256.000       0.9253
 257.000       0.8215
 258.000       0.6713
 259.000       0.7483
 260.000       0.8307
 261.000       0.7303
 262.000       0.6943
 263.000       0.7753
 264.000       0.7526
 265.000       0.6747
 266.000       0.7176
 267.000       0.7726
 268.000       0.6967
 269.000       0.6271
 270.000       0.7249
 271.000       0.7599
 272.000       0.6775
 273.000       0.6640
 274.000       0.8024
 275.000       0.9402
 276.000       1.0284
 277.000       0.9649
 278.000       0.9855
 279.000       0.6986
 280.000       0.5911
 281.000       0.5008
 282.000       0.4665
 283.000       0.4705
 284.000       0.5382
 285.000       0.5849
 286.000       0.5749
 287.000       0.5151
 288.000       0.4812
 289.000       0.4905
 290.000       0.4714
 291.000       0.4721
 292.000       0.5139
 293.000       0.5118
 294.000       0.4853
 295.000       0.4552
 296.000       0.4392
 297.000       0.4302
 298.000       0.4221
 299.000       0.4092
 300.000       0.3961
 301.000       0.4368
 302.000       0.4684
 303.000       0.5413
 304.000       0.5413
 305.000       0.6374
 306.000       0.7373
 307.000       0.8188
 308.000       0.7918
 309.000       0.7670
 310.000       0.8041
 311.000       0.9621
 312.000       1.2194
 313.000       1.3858
 314.000       1.2209
 315.000       1.1473
 316.000       1.2813
 317.000       1.1411
 318.000       1.0435
 319.000       1.0161
 320.000       0.9034
 321.000       0.8913
 322.000       0.7656
 323.000       0.6357
 324.000       0.5957
 325.000       0.5180
 326.000       0.4377
 327.000       0.4022
 328.000       0.3992
 329.000       0.4032
 330.000       0.3947
 331.000       0.3930
 332.000       0.3709
 333.000       0.3997
 334.000       0.4325
 335.000       0.4343
 336.000       0.4151
 337.000       0.4194
 338.000       0.4481
 339.000       0.4541
 340.000       0.4720
 341.000       0.4974
 342.000       0.5315
 343.000       0.6002
 344.000       0.5981
 345.000       0.6528
 346.000       0.6732
 347.000       0.7278
 348.000       0.5580
 349.000       0.5723
 350.000       0.6841
 351.000       0.8471
 352.000       1.0656
 353.000       1.4540
 354.000       1.4817
 355.000       1.5457
 356.000       1.7417
 357.000       1.6367
 358.000       1.2876
 359.000       1.0736
 360.000       0.9083
 361.000       0.7869
 362.000       0.7062
 363.000       0.5625
 364.000       0.5084
 365.000       0.4310
 366.000       0.4052
 367.000       0.3987
 368.000       0.3797
 369.000       0.3845
 370.000       0.4373
 371.000       0.4750
 372.000       0.5092
 373.000       0.4428
 374.000       0.4062
 375.000       0.4529
 376.000       0.4375
 377.000       0.4724
 378.000       0.5443
 379.000       0.5945
 380.000       0.6349
 381.000       0.7067
 382.000       0.6651
 383.000       0.7079
 384.000       0.7903
 385.000       0.6458
 386.000       0.6520
 387.000       0.5507
 388.000       0.5392
 389.000       0.4999
 390.000       0.4902
 391.000       0.4907
 392.000       0.4488
 393.000       0.4590
 394.000       0.5644
 395.000       0.5920
 396.000       0.5696
 397.000       0.5876
 398.000       0.5167
 399.000       0.4879
 400.000       0.5378
 401.000       0.5246
 402.000       0.5774
 403.000       0.4932
 404.000       0.4593
 405.000       0.4704
 406.000       0.5920
 407.000       0.4625
 408.000       0.4292
 409.000       0.5195
 410.000       0.6250
 411.000       0.8437
 412.000       0.7914
 413.000       0.6125
 414.000       0.5798
 415.000       0.5329
 416.000       0.5041
 417.000       0.5015
 418.000       0.5014
 419.000       0.5482
 420.000       0.6472
 421.000       0.6988
 422.000       0.7249
 423.000       0.6533
 424.000       0.6385
 425.000       0.7248
 426.000       0.7349
 427.000       0.7563
 428.000       0.9653
 429.000       1.0351
 430.000       1.0483
 431.000       1.4445
 432.000       1.5660
 433.000       1.9161
 434.000       1.5287
 435.000       1.0941
 436.000       1.0935
 437.000       1.0719
 438.000       0.9239
 439.000       0.8556
 440.000       0.9048
 441.000       0.8898
 442.000       0.8254
 443.000       0.8462
 444.000       0.8951
 445.000       0.8295
 446.000       0.7933
 447.000       0.9211
 448.000       0.9847
 449.000       0.8572
 450.000       0.7594
 451.000       0.7352
 452.000       0.6530
 453.000       0.6293
 454.000       0.6614
 455.000       0.6998
 456.000       0.8856
 457.000       1.0474
 458.000       1.1393
 459.000       0.8570
 460.000       0.7098
 461.000       0.6259
 462.000       0.6854
 463.000       0.6884
 464.000       0.6309
 465.000       0.6254
 466.000       0.7051
 467.000       0.7461
 468.000       0.7013
 469.000       0.7329
 470.000       0.9236
 471.000       0.9651
 472.000       0.8469
 473.000       0.9276
 474.000       0.9571
 475.000       0.7430
 476.000       0.5462
 477.000       0.4831
 478.000       0.4655
 479.000       0.4823
 480.000       0.4702
 481.000       0.4409
 482.000       0.4288
 483.000       0.4501
 484.000       0.4698
 485.000       0.4686
 486.000       0.4668
 487.000       0.5000
 488.000       0.4768
 489.000       0.4579
 490.000       0.4857
 491.000       0.5041
 492.000       0.4733
 493.000       0.5141
 494.000       0.5615
 495.000       0.5379
 496.000       0.5051
 497.000       0.6220
 498.000       0.7142
 499.000       0.6172
 500.000       0.5716
 501.000       0.6819
 502.000       0.5731
 503.000       0.4930
 504.000       0.4734
 505.000       0.5053
 506.000       0.4277
 507.000       0.3524
 508.000       0.3644
 509.000       0.3781
 510.000       0.3822
 511.000       0.3749
 512.000       0.4131
 513.000       0.4741
 514.000       0.4935
 515.000       0.5120
 516.000       0.4922
 517.000       0.4880
 518.000       0.4969
 519.000       0.5110
 520.000       0.4963
 521.000       0.4802
 522.000       0.5311
 523.000       0.6004
 524.000       0.5788
 525.000       0.5708
 526.000       0.5001
 527.000       0.4698
 528.000       0.4112
 529.000       0.3646
 530.000       0.4029
 531.000       0.4326
 532.000       0.4633
 533.000       0.5203
 534.000       0.5258
 535.000       0.4662
 536.000       0.4958
 537.000       0.5633
 538.000       0.5632
 539.000       0.5422
 540.000       0.6240
 541.000       0.7121
 542.000       0.7150
 543.000       0.7642
 544.000       0.6506
 545.000       0.6818
 546.000       0.7035
 547.000       0.7208
 548.000       0.5504
 549.000       0.4603
 550.000       0.4097
 551.000       0.4127
 552.000       0.4161
 553.000       0.4092
 554.000       0.4230
 555.000       0.4508
 556.000       0.4046
 557.000       0.4219
 558.000       0.4593
 559.000       0.4901
 560.000       0.4886
 561.000       0.4736
 562.000       0.5197
 563.000       0.5434
 564.000       0.5374
 565.000       0.5716
 566.000       0.6283
 567.000       0.6300
 568.000       0.6074
 569.000       0.5060
 570.000       0.4959
 571.000       0.4342
 572.000       0.3803
 573.000       0.3602
 574.000       0.3719
 575.000       0.4179
 576.000       0.4715
 577.000       0.5427
 578.000       0.5477
 579.000       0.5044
 580.000       0.5487
 581.000       0.6200
 582.000       0.5906
 583.000       0.5819
 584.000       0.7189
 585.000       0.7632
 586.000       0.6384
 587.000       0.5879
 588.000       0.9461
 589.000       0.6525
 590.000       0.5119
 591.000       0.4448
 592.000       0.4115
 593.000       0.3799
 594.000       0.3801
 595.000       0.3822
 596.000       0.4489
 597.000       0.5540
 598.000       0.5378
 599.000       0.6017
 600.000       0.5215
 601.000       0.6301
 602.000       0.6314
 603.000       0.6028
 604.000       0.6762
 605.000       0.6269
 606.000       0.5725
 607.000       0.5145
 608.000       0.5440
 609.000       0.6360
 610.000       0.4460
 611.000       0.4412
 612.000       0.4971
 613.000       0.4965
 614.000       0.6114
 615.000       0.7119
 616.000       0.8739
 617.000       0.7704
 618.000       0.6670
 619.000       0.7051
 620.000       0.7425
 621.000       0.6514
 622.000       0.6071
 623.000       0.6669
 624.000       0.6495
 625.000       0.6175
 626.000       0.6975
 627.000       0.7588
 628.000       0.7472
 629.000       0.7707
 630.000       0.6206
 631.000       0.5501
 632.000       0.5067
 633.000       0.4766
 634.000       0.4597
 635.000       0.4076
 636.000       0.3696
 637.000       0.3855
 638.000       0.4081
 639.000       0.4158
 640.000       0.4598
 641.000       0.5189
 642.000       0.5857
 643.000       0.6075
 644.000       0.8940
 645.000       0.7647
 646.000       0.8763
 647.000       0.8091
 648.000       0.6521
 649.000       0.6630
 650.000       0.7008
 651.000       0.6477
 652.000       0.5663
 653.000       0.5640
 654.000       0.6226
 655.000       0.5907
 656.000       0.5563
 657.000       0.6065
 658.000       0.6324
 659.000       0.5923
 660.000       0.6379
 661.000       0.7287
 662.000       0.7377
 663.000       0.7383
 664.000       0.8502
 665.000       0.8725
 666.000       0.8156
 667.000       0.8405
 668.000       0.7850
 669.000       0.9142
 670.000       0.6633
 671.000       0.5747
 672.000       0.5349
 673.000       0.4251
 674.000       0.3685
 675.000       0.3875
 676.000       0.4477
 677.000       0.9998
 678.000       0.6701
 679.000       0.5637
 680.000       0.5419
 681.000       0.5629
 682.000       0.8108
 683.000       1.2861
 684.000       1.4431
 685.000       1.2186
 686.000       1.4906
 687.000       1.2220
 688.000       0.9399
 689.000       0.7599
 690.000       0.9244
 691.000       1.0782
 692.000       0.9315
 693.000       0.6894
 694.000       0.7856
 695.000       0.7995
 696.000       0.6964
 697.000       0.6030
 698.000       0.6570
 699.000       0.6661
 700.000       0.6278
 701.000       0.7018
 702.000       0.7465
 703.000       0.6541
 704.000       0.6364
 705.000       0.7571
 706.000       0.8844
 707.000       1.0010
 708.000       0.9280
 709.000       0.8825
 710.000       0.6468
 711.000       0.5421
 712.000       0.4479
 713.000       0.4006
 714.000       0.3765
 715.000       0.3722
 716.000       0.3940
 717.000       0.4333
 718.000       0.4007
 719.000       0.4047
 720.000       0.4480
 721.000       0.4532
 722.000       0.4615
 723.000       0.4973
 724.000       0.4887
 725.000       0.4372
 726.000       0.4354
 727.000       0.4323
 728.000       0.4283
 729.000       0.4122
 730.000       0.4136
 731.000       0.4740
 732.000       0.4987
 733.000       0.4794
 734.000       0.5343
 735.000       0.5801
 736.000       0.6747
 737.000       0.7715
 738.000       0.9357
 739.000       1.0962
 740.000       1.2900
 741.000       1.5281
 742.000       2.0918
 743.000       2.5882
 744.000       2.9446
 745.000       2.7215
 746.000       2.2399
 747.000       1.9588
 748.000       1.8640
 749.000       1.6838
 750.000       1.2675
 751.000       1.2096
 752.000       1.2162
 753.000       0.9989
 754.000       0.9678
 755.000       0.8152
 756.000       0.6187
 757.000       0.5260
 758.000       0.4933
 759.000       0.4728
 760.000       0.4063
 761.000       0.3987
 762.000       0.4061
 763.000       0.3958
 764.000       0.4455
 765.000       0.4486
 766.000       0.4231
 767.000       0.3986
 768.000       0.3999
 769.000       0.4142
 770.000       0.4438
 771.000       0.4456
 772.000       0.4494
 773.000       0.5149
 774.000       0.6445
 775.000       0.7049
 776.000       0.8891
 777.000       0.8639
 778.000       0.8957
 779.000       0.6931
 780.000       0.7093
 781.000       0.8808
 782.000       0.8405
 783.000       0.8744
 784.000       1.2113
 785.000       1.3297
 786.000       1.5085
 787.000       1.8765
 788.000       1.7062
 789.000       1.3417
 790.000       1.1101
 791.000       0.9519
 792.000       0.8310
 793.000       0.8336
 794.000       0.7540
 795.000       0.6647
 796.000       0.5140
 797.000       0.4718
 798.000       0.4725
 799.000       0.5036
 800.000       0.5209
 801.000       0.6125
 802.000       0.5743
 803.000       0.6074
 804.000       0.5322
 805.000       0.4583
 806.000       0.4974
 807.000       0.5232
 808.000       0.6348
 809.000       0.7469
 810.000       0.7768
 811.000       0.7556
 812.000       0.8031
 813.000       0.8123
 814.000       0.8862
 815.000       0.9005
 816.000       0.7735
 817.000       0.7087
 818.000       0.6780
 819.000       0.7809
 820.000       0.5535
 821.000       0.5703
 822.000       0.5590
 823.000       0.5152
 824.000       0.4802
 825.000       0.5688
 826.000       0.5570
 827.000       0.5124
 828.000       0.5049
 829.000       0.4622
 830.000       0.4014
 831.000       0.4280
 832.000       0.4607
 833.000       0.5280
 834.000       0.4657
 835.000       0.5044
 836.000       0.5565
 837.000       0.6513
 838.000       0.5449
 839.000       0.6593
 840.000       0.9207
 841.000       1.0260
 842.000       1.0443
 843.000       0.9783
 844.000       0.7059
 845.000       0.5811
 846.000       0.5291
 847.000       0.4760
 848.000       0.4880
 849.000       0.4906
 850.000       0.5318
 851.000       0.6414
 852.000       0.7293
 853.000       0.7551
 854.000       0.6755
 855.000       0.6753
 856.000       0.7527
 857.000       0.7332
 858.000       0.7348
 859.000       0.9231
 860.000       0.9280
 861.000       0.8701
 862.000       0.9988
 863.000       0.9913
