#Res        AtomicFlx
   1.000       1.7917
   2.000       1.4964
   3.000       1.3829
   4.000       1.0851
   5.000       1.2831
   6.000       1.4066
   7.000       1.0743
   8.000       0.9066
   9.000       0.9613
  10.000       0.9009
  11.000       0.8085
  12.000       0.8834
  13.000       0.9437
  14.000       0.8561
  15.000       0.8713
  16.000       1.1361
  17.000       1.2040
  18.000       1.0326
  19.000       0.8342
  20.000       0.7911
  21.000       0.6755
  22.000       0.6565
  23.000       0.6931
  24.000       0.7543
  25.000       0.9427
  26.000       1.1476
  27.000       1.2767
  28.000       1.0300
  29.000       0.9253
  30.000       0.8328
  31.000       0.9032
  32.000       0.8560
  33.000       0.7048
  34.000       0.7061
  35.000       0.7540
  36.000       0.6961
  37.000       0.6695
  38.000       0.6957
  39.000       0.8057
  40.000       0.8797
  41.000       0.8474
  42.000       0.8357
  43.000       0.9751
  44.000       0.8493
  45.000       0.7147
  46.000       0.6051
  47.000       0.5229
  48.000       0.5231
  49.000       0.4661
  50.000       0.4328
  51.000       0.4165
  52.000       0.4348
  53.000       0.4717
  54.000       0.5043
  55.000       0.5371
  56.000       0.6082
  57.000       0.6144
  58.000       0.6281
  59.000       0.6432
  60.000       0.6539
  61.000       0.6111
  62.000       0.6163
  63.000       0.6765
  64.000       0.6447
  65.000       0.6076
  66.000       0.7039
  67.000       0.7837
  68.000       0.7414
  69.000       0.6990
  70.000       0.8676
  71.000       0.7224
  72.000       0.6115
  73.000       0.5490
  74.000       0.4906
  75.000       0.4772
  76.000       0.4331
  77.000       0.4574
  78.000       0.4755
  79.000       0.4840
  80.000       0.4488
  81.000       0.4320
  82.000       0.4655
  83.000       0.5172
  84.000       0.5583
  85.000       0.5422
  86.000       0.5220
  87.000       0.5508
  88.000       0.5637
  89.000       0.5204
  90.000       0.5644
  91.000       0.6441
  92.000       0.6872
  93.000       0.7166
  94.000       0.8461
  95.000       0.6791
  96.000       0.6013
  97.000       0.4816
  98.000       0.4752
  99.000       0.6329
 100.000       0.6922
 101.000       0.8191
 102.000       0.8543
 103.000       0.8456
 104.000       0.7204
 105.000       0.7404
 106.000       0.8694
 107.000       0.8864
 108.000       0.8068
 109.000       0.9431
 110.000       1.0792
 111.000       1.0495
 112.000       1.0815
 113.000       0.9101
 114.000       0.9034
 115.000       0.8592
 116.000       0.8934
 117.000       0.7094
 118.000       0.5707
 119.000       0.5233
 120.000       0.5311
 121.000       0.6555
 122.000       0.5902
 123.000       0.6054
 124.000       0.6061
 125.000       0.5872
 126.000       0.5961
 127.000       0.6271
 128.000       0.6321
 129.000       0.5785
 130.000       0.5710
 131.000       0.6317
 132.000       0.6646
 133.000       0.6494
 134.000       0.7011
 135.000       0.7858
 136.000       0.7840
 137.000       0.7443
 138.000       0.6289
 139.000       0.6348
 140.000       0.5774
 141.000       0.5466
 142.000       0.5755
 143.000       0.5538
 144.000       0.5946
 145.000       0.7458
 146.000       0.9128
 147.000       0.9559
 148.000       0.7683
 149.000       0.7325
 150.000       0.8135
 151.000       0.7540
 152.000       0.7511
 153.000       0.8759
 154.000       0.8402
 155.000       0.7829
 156.000       0.7990
 157.000       1.3673
 158.000       0.9288
 159.000       0.6875
 160.000       0.6274
 161.000       0.5823
 162.000       0.5384
 163.000       0.5281
 164.000       0.5179
 165.000       0.5783
 166.000       0.6260
 167.000       0.6964
 168.000       0.7785
 169.000       0.7373
 170.000       0.8847
 171.000       1.0382
 172.000       1.0756
 173.000       1.1456
 174.000       1.0021
 175.000       0.8466
 176.000       0.6011
 177.000       0.6215
 178.000       0.6735
 179.000       0.5254
 180.000       0.5077
 181.000       0.5748
 182.000       0.6469
 183.000       0.8631
 184.000       0.9593
 185.000       1.1014
 186.000       0.9768
 187.000       0.8402
 188.000       0.9181
 189.000       0.9447
 190.000       0.8057
 191.000       0.8071
 192.000       0.9300
 193.000       0.9130
 194.000       0.8455
 195.000       0.9488
 196.000       1.0258
 197.000       0.9844
 198.000       0.9871
 199.000       0.8375
 200.000       0.7623
 201.000       0.7130
 202.000       0.6558
 203.000       0.5986
 204.000       0.5591
 205.000       0.5753
 206.000       0.5854
 207.000       0.6958
 208.000       0.8063
 209.000       1.3459
 210.000       1.4369
 211.000       1.2868
 212.000       1.2185
 213.000       1.2103
 214.000       1.0662
 215.000       0.9346
 216.000       0.8525
 217.000       0.7732
 218.000       0.7186
 219.000       0.7811
 220.000       0.8169
 221.000       0.7216
 222.000       0.6796
 223.000       0.8032
 224.000       0.8472
 225.000       0.7275
 226.000       0.7561
 227.000       0.8212
 228.000       0.7416
 229.000       0.7522
 230.000       0.8846
 231.000       0.9026
 232.000       0.8968
 233.000       1.0182
 234.000       1.0971
 235.000       1.0576
 236.000       1.0614
 237.000       0.9676
 238.000       1.0760
 239.000       0.8473
 240.000       0.7339
 241.000       0.6490
 242.000       0.5591
 243.000       0.5410
 244.000       0.5368
 245.000       0.5368
 246.000       0.5619
 247.000       0.6472
 248.000       0.6345
 249.000       0.6742
 250.000       0.7753
 251.000       0.9216
 252.000       0.9858
 253.000       1.1806
 254.000       1.1356
 255.000       1.3665
 256.000       1.1340
 257.000       0.8982
 258.000       0.7032
 259.000       0.7144
 260.000       0.7905
 261.000       0.7582
 262.000       0.7145
 263.000       0.7856
 264.000       0.8043
 265.000       0.7315
 266.000       0.7739
 267.000       0.8541
 268.000       0.7654
 269.000       0.6913
 270.000       0.7935
 271.000       0.8155
 272.000       0.7215
 273.000       0.6988
 274.000       0.8373
 275.000       0.9842
 276.000       1.0852
 277.000       0.9926
 278.000       1.0283
 279.000       0.7681
 280.000       0.6378
 281.000       0.5583
 282.000       0.5066
 283.000       0.4963
 284.000       0.5259
 285.000       0.5526
 286.000       0.5532
 287.000       0.5088
 288.000       0.4977
 289.000       0.5304
 290.000       0.4704
 291.000       0.4469
 292.000       0.4902
 293.000       0.5024
 294.000       0.4635
 295.000       0.4580
 296.000       0.4961
 297.000       0.4418
 298.000       0.4356
 299.000       0.4298
 300.000       0.3900
 301.000       0.3907
 302.000       0.4250
 303.000       0.4926
 304.000       0.5544
 305.000       0.6380
 306.000       0.6999
 307.000       0.8515
 308.000       0.8659
 309.000       0.7943
 310.000       0.8250
 311.000       1.0481
 312.000       1.3913
 313.000       1.7121
 314.000       1.6695
 315.000       1.7258
 316.000       1.8954
 317.000       1.7742
 318.000       1.5853
 319.000       1.4942
 320.000       1.1948
 321.000       1.0934
 322.000       0.8537
 323.000       0.6498
 324.000       0.5462
 325.000       0.4790
 326.000       0.4209
 327.000       0.3662
 328.000       0.3836
 329.000       0.3850
 330.000       0.3824
 331.000       0.3825
 332.000       0.3771
 333.000       0.3915
 334.000       0.4137
 335.000       0.4193
 336.000       0.4151
 337.000       0.4139
 338.000       0.4652
 339.000       0.4830
 340.000       0.5136
 341.000       0.5597
 342.000       0.6659
 343.000       0.7571
 344.000       0.6961
 345.000       0.7298
 346.000       0.7036
 347.000       0.7499
 348.000       0.6339
 349.000       0.6559
 350.000       0.7837
 351.000       1.1135
 352.000       1.3091
 353.000       1.4780
 354.000       1.4430
 355.000       1.5418
 356.000       1.8307
 357.000       1.7778
 358.000       1.4994
 359.000       1.1001
 360.000       0.8600
 361.000       0.7094
 362.000       0.6397
 363.000       0.5399
 364.000       0.4827
 365.000       0.4206
 366.000       0.3995
 367.000       0.3856
 368.000       0.3778
 369.000       0.3903
 370.000       0.4388
 371.000       0.4715
 372.000       0.5007
 373.000       0.4474
 374.000       0.4127
 375.000       0.4749
 376.000       0.4624
 377.000       0.5008
 378.000       0.5637
 379.000       0.6086
 380.000       0.6160
 381.000       0.6796
 382.000       0.6666
 383.000       0.7064
 384.000       0.8126
 385.000       0.6769
 386.000       0.6543
 387.000       0.5639
 388.000       0.5406
 389.000       0.5045
 390.000       0.5056
 391.000       0.5167
 392.000       0.5029
 393.000       0.5316
 394.000       0.5308
 395.000       0.5035
 396.000       0.4788
 397.000       0.4415
 398.000       0.4340
 399.000       0.4235
 400.000       0.4594
 401.000       0.4358
 402.000       0.4497
 403.000       0.4385
 404.000       0.4482
 405.000       0.4371
 406.000       0.4604
 407.000       0.4354
 408.000       0.4171
 409.000       0.4696
 410.000       0.4833
 411.000       0.5069
 412.000       0.4779
 413.000       0.4713
 414.000       0.4729
 415.000       0.4912
 416.000       0.5015
 417.000       0.5045
 418.000       0.4999
 419.000       0.5542
 420.000       0.6800
 421.000       0.7785
 422.000       0.8166
 423.000       0.7127
 424.000       0.7193
 425.000       0.8644
 426.000       0.8813
 427.000       0.8306
 428.000       1.1104
 429.000       1.2944
 430.000       1.3235
 431.000       1.7206
 432.000       3.0018
 433.000       3.9580
 434.000       2.8763
 435.000       1.3393
 436.000       1.1217
 437.000       1.0453
 438.000       0.8911
 439.000       0.8239
 440.000       0.8680
 441.000       0.8231
 442.000       0.7467
 443.000       0.7919
 444.000       0.8308
 445.000       0.7776
 446.000       0.7711
 447.000       0.8570
 448.000       0.9403
 449.000       0.8304
 450.000       0.7410
 451.000       0.7211
 452.000       0.6525
 453.000       0.6686
 454.000       0.6844
 455.000       0.7218
 456.000       0.8862
 457.000       1.0972
 458.000       1.2061
 459.000       0.9032
 460.000       0.7816
 461.000       0.7159
 462.000       0.7385
 463.000       0.7106
 464.000       0.6620
 465.000       0.6588
 466.000       0.6965
 467.000       0.7100
 468.000       0.6893
 469.000       0.7331
 470.000       0.8315
 471.000       0.8716
 472.000       0.8438
 473.000       0.9801
 474.000       1.0182
 475.000       0.7965
 476.000       0.6651
 477.000       0.5836
 478.000       0.5355
 479.000       0.5332
 480.000       0.5142
 481.000       0.4703
 482.000       0.4577
 483.000       0.4678
 484.000       0.4792
 485.000       0.4675
 486.000       0.4596
 487.000       0.4747
 488.000       0.4584
 489.000       0.4397
 490.000       0.4589
 491.000       0.4769
 492.000       0.4441
 493.000       0.4506
 494.000       0.4933
 495.000       0.4820
 496.000       0.4612
 497.000       0.5574
 498.000       0.6441
 499.000       0.5757
 500.000       0.5626
 501.000       0.6603
 502.000       0.5522
 503.000       0.4954
 504.000       0.4691
 505.000       0.4355
 506.000       0.3990
 507.000       0.3544
 508.000       0.3768
 509.000       0.3810
 510.000       0.3860
 511.000       0.3904
 512.000       0.4325
 513.000       0.4634
 514.000       0.4799
 515.000       0.4945
 516.000       0.4927
 517.000       0.4644
 518.000       0.4604
 519.000       0.5129
 520.000       0.4945
 521.000       0.4652
 522.000       0.5201
 523.000       0.5926
 524.000       0.5690
 525.000       0.5417
 526.000       0.4512
 527.000       0.4263
 528.000       0.3861
 529.000       0.3606
 530.000       0.4167
 531.000       0.4563
 532.000       0.4859
 533.000       0.5433
 534.000       0.5593
 535.000       0.4757
 536.000       0.4944
 537.000       0.5774
 538.000       0.5569
 539.000       0.5315
 540.000       0.6493
 541.000       0.7720
 542.000       0.7425
 543.000       0.7687
 544.000       0.6321
 545.000       0.6233
 546.000       0.6105
 547.000       0.6338
 548.000       0.5000
 549.000       0.4482
 550.000       0.4247
 551.000       0.4367
 552.000       0.4240
 553.000       0.3979
 554.000       0.4162
 555.000       0.4045
 556.000       0.4046
 557.000       0.4497
 558.000       0.4760
 559.000       0.4855
 560.000       0.4865
 561.000       0.4779
 562.000       0.5176
 563.000       0.5310
 564.000       0.5230
 565.000       0.5770
 566.000       0.6299
 567.000       0.6158
 568.000       0.6168
 569.000       0.5053
 570.000       0.4934
 571.000       0.4426
 572.000       0.3972
 573.000       0.3777
 574.000       0.3817
 575.000       0.4129
 576.000       0.4439
 577.000       0.4726
 578.000       0.4680
 579.000       0.4393
 580.000       0.4686
 581.000       0.5161
 582.000       0.4948
 583.000       0.5087
 584.000       0.6162
 585.000       0.6644
 586.000       0.5762
 587.000       0.6076
 588.000       1.1306
 589.000       0.7401
 590.000       0.5450
 591.000       0.4653
 592.000       0.4216
 593.000       0.3908
 594.000       0.3849
 595.000       0.3898
 596.000       0.4448
 597.000       0.5287
 598.000       0.5496
 599.000       0.5817
 600.000       0.5196
 601.000       0.6060
 602.000       0.5949
 603.000       0.5534
 604.000       0.5438
 605.000       0.5105
 606.000       0.5082
 607.000       0.4644
 608.000       0.5091
 609.000       0.5084
 610.000       0.4229
 611.000       0.4514
 612.000       0.5083
 613.000       0.5318
 614.000       0.6502
 615.000       0.7886
 616.000       0.9411
 617.000       0.7110
 618.000       0.6048
 619.000       0.6315
 620.000       0.6236
 621.000       0.5399
 622.000       0.5471
 623.000       0.6081
 624.000       0.5761
 625.000       0.5512
 626.000       0.6477
 627.000       0.7108
 628.000       0.6846
 629.000       0.7022
 630.000       0.5714
 631.000       0.5401
 632.000       0.4997
 633.000       0.4652
 634.000       0.4546
 635.000       0.4071
 636.000       0.3934
 637.000       0.4063
 638.000       0.4207
 639.000       0.4370
 640.000       0.4790
 641.000       0.4741
 642.000       0.5422
 643.000       0.5631
 644.000       0.6258
 645.000       0.6460
 646.000       0.6845
 647.000       0.6807
 648.000       0.6082
 649.000       0.5962
 650.000       0.6206
 651.000       0.6163
 652.000       0.5465
 653.000       0.5443
 654.000       0.6084
 655.000       0.5957
 656.000       0.5580
 657.000       0.5948
 658.000       0.6306
 659.000       0.6065
 660.000       0.6610
 661.000       0.7159
 662.000       0.7026
 663.000       0.7148
 664.000       0.8788
 665.000       0.9025
 666.000       0.7753
 667.000       0.8138
 668.000       0.7567
 669.000       0.9143
 670.000       0.6735
 671.000       0.5805
 672.000       0.4829
 673.000       0.4314
 674.000       0.3909
 675.000       0.4134
 676.000       0.4258
 677.000       0.4510
 678.000       0.4945
 679.000       0.4513
 680.000       0.4529
 681.000       0.4862
 682.000       0.5723
 683.000       0.6488
 684.000       0.7420
 685.000       0.7420
 686.000       0.8529
 687.000       0.7364
 688.000       0.6355
 689.000       0.5615
 690.000       0.6192
 691.000       0.6656
 692.000       0.6079
 693.000       0.5814
 694.000       0.6597
 695.000       0.6430
 696.000       0.5841
 697.000       0.5750
 698.000       0.6369
 699.000       0.6172
 700.000       0.5806
 701.000       0.6543
 702.000       0.6950
 703.000       0.6294
 704.000       0.6231
 705.000       0.7649
 706.000       0.9177
 707.000       0.9630
 708.000       0.9550
 709.000       0.9783
 710.000       0.6827
 711.000       0.5787
 712.000       0.4696
 713.000       0.4231
 714.000       0.3917
 715.000       0.3883
 716.000       0.4020
 717.000       0.4205
 718.000       0.3842
 719.000       0.3815
 720.000       0.4154
 721.000       0.4315
 722.000       0.4699
 723.000       0.4984
 724.000       0.4941
 725.000       0.4610
 726.000       0.4736
 727.000       0.4796
 728.000       0.4836
 729.000       0.4812
 730.000       0.4705
 731.000       0.4777
 732.000       0.5911
 733.000       0.6740
 734.000       0.7438
 735.000       0.7054
 736.000       0.8281
 737.000       0.8301
 738.000       1.1364
 739.000       1.0891
 740.000       1.2792
 741.000       1.5826
 742.000       2.0415
 743.000       2.4998
 744.000       2.8547
 745.000       2.7314
 746.000       2.1644
 747.000       2.0554
 748.000       2.1128
 749.000       1.8536
 750.000       1.4458
 751.000       1.4774
 752.000       1.5119
 753.000       1.2198
 754.000       1.0588
 755.000       0.8696
 756.000       0.6311
 757.000       0.4985
 758.000       0.4482
 759.000       0.4654
 760.000       0.4485
 761.000       0.4403
 762.000       0.4383
 763.000       0.4177
 764.000       0.5142
 765.000       0.5029
 766.000       0.4704
 767.000       0.4278
 768.000       0.4217
 769.000       0.4247
 770.000       0.4455
 771.000       0.4367
 772.000       0.4285
 773.000       0.4684
 774.000       0.5462
 775.000       0.5861
 776.000       0.7170
 777.000       0.7739
 778.000       1.1397
 779.000       0.8489
 780.000       0.6883
 781.000       0.7485
 782.000       0.9605
 783.000       1.2060
 784.000       1.4881
 785.000       1.5654
 786.000       1.8552
 787.000       2.1164
 788.000       1.9642
 789.000       1.5787
 790.000       1.4136
 791.000       1.2029
 792.000       1.0651
 793.000       0.9527
 794.000       0.7530
 795.000       0.6336
 796.000       0.5007
 797.000       0.5063
 798.000       0.4925
 799.000       0.5072
 800.000       0.5321
 801.000       0.6781
 802.000       0.6096
 803.000       0.6156
 804.000       0.5387
 805.000       0.4698
 806.000       0.5161
 807.000       0.5314
 808.000       0.6526
 809.000       0.7888
 810.000       0.8466
 811.000       0.8721
 812.000       0.9760
 813.000       0.9547
 814.000       1.0371
 815.000       1.0829
 816.000       1.0070
 817.000       0.9725
 818.000       0.8933
 819.000       0.7134
 820.000       0.6494
 821.000       0.6165
 822.000       0.5795
 823.000       0.5638
 824.000       0.5794
 825.000       0.7567
 826.000       0.6250
 827.000       0.5734
 828.000       0.5058
 829.000       0.4544
 830.000       0.4225
 831.000       0.4435
 832.000       0.4399
 833.000       0.4976
 834.000       0.4774
 835.000       0.5165
 836.000       0.5441
 837.000       0.5766
 838.000       0.5110
 839.000       0.6693
 840.000       0.7175
 841.000       0.7121
 842.000       0.7132
 843.000       0.6650
 844.000       0.6459
 845.000       0.5830
 846.000       0.5403
 847.000       0.4872
 848.000       0.4994
 849.000       0.5048
 850.000       0.5828
 851.000       0.6939
 852.000       0.6989
 853.000       0.7000
 854.000       0.6351
 855.000       0.6378
 856.000       0.7001
 857.000       0.6780
 858.000       0.6926
 859.000       0.9055
 860.000       0.9699
 861.000       1.0175
 862.000       1.2927
 863.000       1.0901
