#Res        AtomicFlx
   1.000       2.1520
   2.000       1.6223
   3.000       1.3611
   4.000       1.0808
   5.000       1.2640
   6.000       1.3403
   7.000       1.0775
   8.000       0.9009
   9.000       0.9327
  10.000       0.8452
  11.000       0.7371
  12.000       0.8077
  13.000       0.8642
  14.000       0.7691
  15.000       0.7882
  16.000       1.1494
  17.000       1.0856
  18.000       0.8487
  19.000       0.7502
  20.000       0.7454
  21.000       0.6710
  22.000       0.6768
  23.000       0.7147
  24.000       0.7731
  25.000       0.9171
  26.000       1.0638
  27.000       1.1515
  28.000       0.9145
  29.000       0.8397
  30.000       0.7588
  31.000       0.8361
  32.000       0.8102
  33.000       0.7036
  34.000       0.6467
  35.000       0.6961
  36.000       0.7063
  37.000       0.6427
  38.000       0.6102
  39.000       0.7332
  40.000       0.7823
  41.000       0.7276
  42.000       0.7389
  43.000       0.8778
  44.000       0.8433
  45.000       0.8130
  46.000       0.6074
  47.000       0.5179
  48.000       0.5437
  49.000       0.4757
  50.000       0.4215
  51.000       0.4108
  52.000       0.4385
  53.000       0.4659
  54.000       0.4918
  55.000       0.4878
  56.000       0.5443
  57.000       0.6129
  58.000       0.6523
  59.000       0.6597
  60.000       0.6772
  61.000       0.6399
  62.000       0.6229
  63.000       0.6834
  64.000       0.6366
  65.000       0.5890
  66.000       0.6800
  67.000       0.7617
  68.000       0.7194
  69.000       0.6649
  70.000       0.8001
  71.000       0.6634
  72.000       0.5888
  73.000       0.5236
  74.000       0.5073
  75.000       0.5146
  76.000       0.4479
  77.000       0.4781
  78.000       0.5216
  79.000       0.5465
  80.000       0.4860
  81.000       0.4429
  82.000       0.4745
  83.000       0.4787
  84.000       0.5049
  85.000       0.4721
  86.000       0.4545
  87.000       0.4692
  88.000       0.4670
  89.000       0.4484
  90.000       0.4678
  91.000       0.5332
  92.000       0.6228
  93.000       0.6937
  94.000       0.8551
  95.000       0.6765
  96.000       0.5811
  97.000       0.4883
  98.000       0.4872
  99.000       0.5721
 100.000       0.6293
 101.000       0.6140
 102.000       0.6881
 103.000       0.7168
 104.000       0.6409
 105.000       0.6413
 106.000       0.7355
 107.000       0.7998
 108.000       0.7543
 109.000       0.7984
 110.000       0.8274
 111.000       0.8859
 112.000       1.0021
 113.000       0.8183
 114.000       0.8189
 115.000       0.9045
 116.000       0.8952
 117.000       0.6843
 118.000       0.6048
 119.000       0.5335
 120.000       0.5508
 121.000       0.7559
 122.000       0.6312
 123.000       0.5260
 124.000       0.4970
 125.000       0.4723
 126.000       0.4872
 127.000       0.5273
 128.000       0.5417
 129.000       0.5169
 130.000       0.5213
 131.000       0.5808
 132.000       0.6299
 133.000       0.6634
 134.000       0.7287
 135.000       0.7844
 136.000       0.8129
 137.000       0.7594
 138.000       0.6271
 139.000       0.6444
 140.000       0.5822
 141.000       0.5530
 142.000       0.5728
 143.000       0.5176
 144.000       0.5273
 145.000       0.6043
 146.000       0.6932
 147.000       0.7774
 148.000       0.7728
 149.000       0.7199
 150.000       0.7119
 151.000       0.7612
 152.000       0.7956
 153.000       0.8405
 154.000       0.8592
 155.000       0.7580
 156.000       0.7017
 157.000       1.1111
 158.000       0.7904
 159.000       0.6427
 160.000       0.5937
 161.000       0.5413
 162.000       0.5173
 163.000       0.4999
 164.000       0.4691
 165.000       0.5077
 166.000       0.6124
 167.000       0.7594
 168.000       0.7849
 169.000       0.6889
 170.000       0.8271
 171.000       0.9011
 172.000       0.8641
 173.000       0.9885
 174.000       0.9342
 175.000       0.8034
 176.000       0.5748
 177.000       0.5529
 178.000       0.5715
 179.000       0.4785
 180.000       0.4720
 181.000       0.5178
 182.000       0.5502
 183.000       0.6301
 184.000       0.7261
 185.000       0.7519
 186.000       0.6666
 187.000       0.6335
 188.000       0.6695
 189.000       0.6687
 190.000       0.6103
 191.000       0.6265
 192.000       0.6984
 193.000       0.6960
 194.000       0.6694
 195.000       0.7503
 196.000       0.8203
 197.000       0.8088
 198.000       0.8087
 199.000       0.7158
 200.000       0.6745
 201.000       0.6299
 202.000       0.6240
 203.000       0.5852
 204.000       0.5031
 205.000       0.4596
 206.000       0.4753
 207.000       0.5359
 208.000       0.5901
 209.000       0.7431
 210.000       0.8774
 211.000       1.1301
 212.000       1.0150
 213.000       0.9779
 214.000       0.8220
 215.000       0.7322
 216.000       0.7175
 217.000       0.6559
 218.000       0.5991
 219.000       0.6475
 220.000       0.6301
 221.000       0.5672
 222.000       0.5612
 223.000       0.6514
 224.000       0.6776
 225.000       0.6064
 226.000       0.6699
 227.000       0.7342
 228.000       0.6834
 229.000       0.7611
 230.000       0.8715
 231.000       0.8605
 232.000       0.8585
 233.000       1.0047
 234.000       1.0166
 235.000       0.8879
 236.000       0.9496
 237.000       0.8664
 238.000       0.9955
 239.000       0.8257
 240.000       0.7808
 241.000       0.6384
 242.000       0.5302
 243.000       0.4830
 244.000       0.4810
 245.000       0.5037
 246.000       0.5636
 247.000       0.6753
 248.000       0.6398
 249.000       0.7090
 250.000       0.8443
 251.000       0.8025
 252.000       0.8905
 253.000       0.9930
 254.000       0.9473
 255.000       0.9512
 256.000       0.8795
 257.000       0.7792
 258.000       0.7096
 259.000       0.6957
 260.000       0.6887
 261.000       0.6374
 262.000       0.6088
 263.000       0.6531
 264.000       0.6555
 265.000       0.6076
 266.000       0.6383
 267.000       0.7068
 268.000       0.6841
 269.000       0.6364
 270.000       0.7294
 271.000       0.7737
 272.000       0.7110
 273.000       0.7114
 274.000       0.8460
 275.000       0.9770
 276.000       1.1112
 277.000       1.0451
 278.000       1.0428
 279.000       0.7473
 280.000       0.6559
 281.000       0.5690
 282.000       0.5209
 283.000       0.5019
 284.000       0.5615
 285.000       0.6474
 286.000       0.6203
 287.000       0.6261
 288.000       0.5752
 289.000       0.5610
 290.000       0.4673
 291.000       0.4656
 292.000       0.5242
 293.000       0.5168
 294.000       0.4634
 295.000       0.4259
 296.000       0.4147
 297.000       0.4097
 298.000       0.3993
 299.000       0.3875
 300.000       0.3806
 301.000       0.4132
 302.000       0.4700
 303.000       0.5047
 304.000       0.5132
 305.000       0.6456
 306.000       0.6996
 307.000       0.8061
 308.000       0.8518
 309.000       0.8618
 310.000       0.8947
 311.000       1.1486
 312.000       1.4533
 313.000       1.6754
 314.000       1.4556
 315.000       1.3197
 316.000       1.4927
 317.000       1.2532
 318.000       1.1422
 319.000       1.1339
 320.000       0.9839
 321.000       0.9457
 322.000       0.7941
 323.000       0.6530
 324.000       0.5610
 325.000       0.4665
 326.000       0.4132
 327.000       0.3842
 328.000       0.3913
 329.000       0.3882
 330.000       0.3849
 331.000       0.3823
 332.000       0.3643
 333.000       0.3759
 334.000       0.4038
 335.000       0.4117
 336.000       0.4046
 337.000       0.3958
 338.000       0.4460
 339.000       0.4509
 340.000       0.4649
 341.000       0.5186
 342.000       0.5966
 343.000       0.7010
 344.000       0.7034
 345.000       0.8243
 346.000       0.7073
 347.000       0.7709
 348.000       0.6497
 349.000       0.5986
 350.000       0.6576
 351.000       0.8888
 352.000       1.1712
 353.000       1.4515
 354.000       1.7553
 355.000       1.9676
 356.000       2.2417
 357.000       2.1982
 358.000       1.7641
 359.000       1.3451
 360.000       0.9927
 361.000       0.7783
 362.000       0.7149
 363.000       0.5725
 364.000       0.4986
 365.000       0.4173
 366.000       0.4037
 367.000       0.4023
 368.000       0.3873
 369.000       0.3985
 370.000       0.4633
 371.000       0.4845
 372.000       0.5282
 373.000       0.4650
 374.000       0.4039
 375.000       0.4502
 376.000       0.4456
 377.000       0.5001
 378.000       0.5698
 379.000       0.6039
 380.000       0.6348
 381.000       0.7160
 382.000       0.6767
 383.000       0.6969
 384.000       0.7730
 385.000       0.6236
 386.000       0.6528
 387.000       0.5888
 388.000       0.5328
 389.000       0.4623
 390.000       0.4549
 391.000       0.4757
 392.000       0.4324
 393.000       0.4325
 394.000       0.4845
 395.000       0.4686
 396.000       0.4847
 397.000       0.4390
 398.000       0.4232
 399.000       0.4250
 400.000       0.4621
 401.000       0.4352
 402.000       0.4503
 403.000       0.4306
 404.000       0.4208
 405.000       0.4332
 406.000       0.5078
 407.000       0.4322
 408.000       0.3976
 409.000       0.4625
 410.000       0.4929
 411.000       0.6106
 412.000       0.5554
 413.000       0.5069
 414.000       0.4826
 415.000       0.4883
 416.000       0.4792
 417.000       0.5011
 418.000       0.5119
 419.000       0.5684
 420.000       0.7370
 421.000       0.8503
 422.000       0.9027
 423.000       0.8024
 424.000       0.7946
 425.000       0.9690
 426.000       0.9689
 427.000       0.8934
 428.000       1.2209
 429.000       1.4051
 430.000       1.2885
 431.000       1.5573
 432.000       2.9476
 433.000       4.5741
 434.000       2.5053
 435.000       1.8500
 436.000       1.7771
 437.000       1.5388
 438.000       1.2321
 439.000       1.1245
 440.000       1.0795
 441.000       0.8999
 442.000       0.8249
 443.000       0.9057
 444.000       0.8800
 445.000       0.7894
 446.000       0.8352
 447.000       1.0432
 448.000       1.0737
 449.000       0.9344
 450.000       0.7806
 451.000       0.7570
 452.000       0.7230
 453.000       0.7085
 454.000       0.7395
 455.000       0.7117
 456.000       0.8914
 457.000       1.0687
 458.000       1.1953
 459.000       0.8502
 460.000       0.7021
 461.000       0.6305
 462.000       0.6504
 463.000       0.6498
 464.000       0.6401
 465.000       0.6531
 466.000       0.6923
 467.000       0.7176
 468.000       0.7000
 469.000       0.7526
 470.000       0.8917
 471.000       0.9470
 472.000       0.8707
 473.000       0.9876
 474.000       1.0528
 475.000       0.7652
 476.000       0.5846
 477.000       0.5379
 478.000       0.5359
 479.000       0.5387
 480.000       0.4815
 481.000       0.4364
 482.000       0.4218
 483.000       0.4468
 484.000       0.4663
 485.000       0.4449
 486.000       0.4533
 487.000       0.4711
 488.000       0.4315
 489.000       0.4229
 490.000       0.4453
 491.000       0.4530
 492.000       0.4239
 493.000       0.4627
 494.000       0.4813
 495.000       0.4540
 496.000       0.4450
 497.000       0.5615
 498.000       0.6385
 499.000       0.5762
 500.000       0.5520
 501.000       0.6992
 502.000       0.5659
 503.000       0.4869
 504.000       0.4632
 505.000       0.4509
 506.000       0.4240
 507.000       0.3692
 508.000       0.3882
 509.000       0.4223
 510.000       0.4190
 511.000       0.3806
 512.000       0.4152
 513.000       0.4588
 514.000       0.4996
 515.000       0.5190
 516.000       0.5115
 517.000       0.5071
 518.000       0.5057
 519.000       0.5267
 520.000       0.5264
 521.000       0.5083
 522.000       0.5513
 523.000       0.6141
 524.000       0.6058
 525.000       0.6167
 526.000       0.5288
 527.000       0.5235
 528.000       0.4399
 529.000       0.3847
 530.000       0.4184
 531.000       0.4518
 532.000       0.4876
 533.000       0.5656
 534.000       0.5875
 535.000       0.4906
 536.000       0.5057
 537.000       0.5898
 538.000       0.5900
 539.000       0.6030
 540.000       0.7153
 541.000       0.7681
 542.000       0.7950
 543.000       0.8674
 544.000       0.7148
 545.000       0.7059
 546.000       0.6646
 547.000       0.7061
 548.000       0.5956
 549.000       0.5134
 550.000       0.4701
 551.000       0.4402
 552.000       0.4252
 553.000       0.4069
 554.000       0.4264
 555.000       0.4152
 556.000       0.4023
 557.000       0.4494
 558.000       0.4762
 559.000       0.4965
 560.000       0.4749
 561.000       0.4614
 562.000       0.5033
 563.000       0.5326
 564.000       0.5433
 565.000       0.5854
 566.000       0.6406
 567.000       0.6271
 568.000       0.6038
 569.000       0.5211
 570.000       0.5344
 571.000       0.5123
 572.000       0.4065
 573.000       0.3848
 574.000       0.3827
 575.000       0.4039
 576.000       0.4445
 577.000       0.4843
 578.000       0.4577
 579.000       0.4392
 580.000       0.4897
 581.000       0.5409
 582.000       0.5066
 583.000       0.5197
 584.000       0.6454
 585.000       0.6854
 586.000       0.6023
 587.000       0.5932
 588.000       1.0175
 589.000       0.7274
 590.000       0.5521
 591.000       0.4761
 592.000       0.4271
 593.000       0.3950
 594.000       0.3940
 595.000       0.4053
 596.000       0.4667
 597.000       0.5787
 598.000       0.6244
 599.000       0.6832
 600.000       0.6275
 601.000       0.7605
 602.000       0.7539
 603.000       0.8038
 604.000       0.9965
 605.000       0.8908
 606.000       0.7334
 607.000       0.5151
 608.000       0.5179
 609.000       0.5765
 610.000       0.4262
 611.000       0.4233
 612.000       0.4900
 613.000       0.5290
 614.000       0.6615
 615.000       0.8591
 616.000       1.0052
 617.000       0.7937
 618.000       0.6557
 619.000       0.6974
 620.000       0.7393
 621.000       0.6413
 622.000       0.5872
 623.000       0.6384
 624.000       0.6185
 625.000       0.5894
 626.000       0.6674
 627.000       0.7169
 628.000       0.6963
 629.000       0.7172
 630.000       0.5763
 631.000       0.5415
 632.000       0.5043
 633.000       0.4796
 634.000       0.4747
 635.000       0.4190
 636.000       0.3989
 637.000       0.4281
 638.000       0.4506
 639.000       0.5358
 640.000       0.6286
 641.000       0.7411
 642.000       1.0671
 643.000       0.8904
 644.000       0.6696
 645.000       0.6651
 646.000       0.7309
 647.000       0.7646
 648.000       0.7169
 649.000       0.6695
 650.000       0.6731
 651.000       0.6456
 652.000       0.5925
 653.000       0.5928
 654.000       0.6602
 655.000       0.6697
 656.000       0.6066
 657.000       0.6524
 658.000       0.6924
 659.000       0.6136
 660.000       0.6611
 661.000       0.7699
 662.000       0.7203
 663.000       0.7095
 664.000       0.8732
 665.000       0.8870
 666.000       0.7690
 667.000       0.8191
 668.000       0.7610
 669.000       0.9502
 670.000       0.7791
 671.000       0.6214
 672.000       0.5086
 673.000       0.4385
 674.000       0.3986
 675.000       0.4315
 676.000       0.4323
 677.000       0.4967
 678.000       0.5840
 679.000       0.4877
 680.000       0.5069
 681.000       0.4710
 682.000       0.5136
 683.000       0.5662
 684.000       0.6273
 685.000       0.6826
 686.000       0.8303
 687.000       0.7091
 688.000       0.6115
 689.000       0.5500
 690.000       0.6111
 691.000       0.6426
 692.000       0.6113
 693.000       0.5917
 694.000       0.6758
 695.000       0.6557
 696.000       0.6071
 697.000       0.6148
 698.000       0.7025
 699.000       0.6821
 700.000       0.6355
 701.000       0.7268
 702.000       0.7743
 703.000       0.6900
 704.000       0.6704
 705.000       0.8029
 706.000       0.9679
 707.000       1.0732
 708.000       1.0258
 709.000       1.0474
 710.000       0.7353
 711.000       0.6079
 712.000       0.4661
 713.000       0.4096
 714.000       0.3830
 715.000       0.3739
 716.000       0.3948
 717.000       0.4315
 718.000       0.3808
 719.000       0.3612
 720.000       0.3889
 721.000       0.4022
 722.000       0.4303
 723.000       0.4428
 724.000       0.4225
 725.000       0.4210
 726.000       0.4196
 727.000       0.4157
 728.000       0.4295
 729.000       0.4264
 730.000       0.4324
 731.000       0.4624
 732.000       0.4888
 733.000       0.4806
 734.000       0.5238
 735.000       0.5480
 736.000       0.6109
 737.000       0.6797
 738.000       0.7229
 739.000       0.8254
 740.000       1.0018
 741.000       1.1146
 742.000       1.2818
 743.000       1.3963
 744.000       1.4801
 745.000       1.3628
 746.000       1.1252
 747.000       1.0400
 748.000       1.1203
 749.000       1.0808
 750.000       0.9571
 751.000       0.9875
 752.000       1.0586
 753.000       0.9160
 754.000       0.8057
 755.000       0.6625
 756.000       0.5413
 757.000       0.4826
 758.000       0.4167
 759.000       0.4182
 760.000       0.4014
 761.000       0.4056
 762.000       0.4243
 763.000       0.3975
 764.000       0.4881
 765.000       0.4579
 766.000       0.4385
 767.000       0.3990
 768.000       0.3915
 769.000       0.4050
 770.000       0.4391
 771.000       0.4282
 772.000       0.4310
 773.000       0.4964
 774.000       0.5920
 775.000       0.6650
 776.000       0.6446
 777.000       0.5385
 778.000       0.5361
 779.000       0.5447
 780.000       0.5437
 781.000       0.5947
 782.000       0.6295
 783.000       0.7296
 784.000       0.9049
 785.000       1.0788
 786.000       1.3768
 787.000       1.7821
 788.000       1.6124
 789.000       1.2922
 790.000       1.1096
 791.000       0.9676
 792.000       0.8547
 793.000       0.8139
 794.000       0.6942
 795.000       0.5652
 796.000       0.4604
 797.000       0.4469
 798.000       0.4519
 799.000       0.4542
 800.000       0.4903
 801.000       0.6116
 802.000       0.5780
 803.000       0.5997
 804.000       0.5152
 805.000       0.4502
 806.000       0.5129
 807.000       0.5102
 808.000       0.5489
 809.000       0.6859
 810.000       0.7669
 811.000       0.8017
 812.000       0.8348
 813.000       0.7937
 814.000       0.8023
 815.000       0.8350
 816.000       0.7259
 817.000       0.6925
 818.000       0.6487
 819.000       0.6417
 820.000       0.5726
 821.000       0.5208
 822.000       0.5084
 823.000       0.4861
 824.000       0.4544
 825.000       0.5088
 826.000       0.5356
 827.000       0.4853
 828.000       0.4708
 829.000       0.4278
 830.000       0.3900
 831.000       0.4064
 832.000       0.4479
 833.000       0.4827
 834.000       0.4638
 835.000       0.5427
 836.000       0.5440
 837.000       0.5298
 838.000       0.5456
 839.000       0.7473
 840.000       0.6706
 841.000       0.6385
 842.000       0.6883
 843.000       0.7569
 844.000       0.7148
 845.000       0.5680
 846.000       0.5325
 847.000       0.4908
 848.000       0.5030
 849.000       0.4932
 850.000       0.5476
 851.000       0.6545
 852.000       0.6945
 853.000       0.7085
 854.000       0.6219
 855.000       0.6107
 856.000       0.6992
 857.000       0.7118
 858.000       0.6980
 859.000       0.9578
 860.000       1.1156
 861.000       1.2802
 862.000       1.6840
 863.000       2.8869
