#Res        AtomicFlx
   1.000       1.8432
   2.000       1.5192
   3.000       1.2964
   4.000       1.0515
   5.000       1.2111
   6.000       1.1859
   7.000       0.9405
   8.000       0.8790
   9.000       0.9268
  10.000       0.8480
  11.000       0.7791
  12.000       0.8665
  13.000       0.9038
  14.000       0.8326
  15.000       0.9106
  16.000       1.1446
  17.000       1.3850
  18.000       1.2779
  19.000       1.0548
  20.000       1.0187
  21.000       0.7347
  22.000       0.6800
  23.000       0.7126
  24.000       0.7847
  25.000       0.9898
  26.000       1.1880
  27.000       1.2818
  28.000       0.9785
  29.000       0.8116
  30.000       0.6981
  31.000       0.7031
  32.000       0.7090
  33.000       0.6438
  34.000       0.5976
  35.000       0.6338
  36.000       0.6478
  37.000       0.6107
  38.000       0.6159
  39.000       0.7529
  40.000       0.7710
  41.000       0.6836
  42.000       0.7138
  43.000       0.8600
  44.000       0.8243
  45.000       0.7252
  46.000       0.6122
  47.000       0.5478
  48.000       0.5692
  49.000       0.4774
  50.000       0.4363
  51.000       0.4382
  52.000       0.4503
  53.000       0.4716
  54.000       0.4941
  55.000       0.5251
  56.000       0.5558
  57.000       0.5262
  58.000       0.5055
  59.000       0.5520
  60.000       0.5941
  61.000       0.5722
  62.000       0.5997
  63.000       0.6796
  64.000       0.6611
  65.000       0.6223
  66.000       0.7313
  67.000       0.8098
  68.000       0.7087
  69.000       0.6771
  70.000       0.8339
  71.000       0.7273
  72.000       0.6158
  73.000       0.6042
  74.000       0.6716
  75.000       0.6246
  76.000       0.4905
  77.000       0.5491
  78.000       0.6161
  79.000       0.6576
  80.000       0.5980
  81.000       0.5322
  82.000       0.5492
  83.000       0.5341
  84.000       0.5318
  85.000       0.5316
  86.000       0.5078
  87.000       0.5041
  88.000       0.5170
  89.000       0.5398
  90.000       0.5952
  91.000       0.6251
  92.000       0.7518
  93.000       0.8345
  94.000       0.8228
  95.000       0.6947
  96.000       0.5233
  97.000       0.4918
  98.000       0.4953
  99.000       0.6022
 100.000       0.6105
 101.000       0.7406
 102.000       0.7521
 103.000       0.7818
 104.000       0.6549
 105.000       0.6661
 106.000       0.7866
 107.000       0.7639
 108.000       0.7360
 109.000       0.8653
 110.000       0.9479
 111.000       0.9270
 112.000       0.9866
 113.000       0.8447
 114.000       0.8610
 115.000       0.8608
 116.000       0.8600
 117.000       0.6795
 118.000       0.5727
 119.000       0.5043
 120.000       0.4658
 121.000       0.5857
 122.000       0.5004
 123.000       0.4643
 124.000       0.4579
 125.000       0.4754
 126.000       0.5073
 127.000       0.5824
 128.000       0.6033
 129.000       0.5432
 130.000       0.5490
 131.000       0.6264
 132.000       0.6346
 133.000       0.5938
 134.000       0.6513
 135.000       0.7192
 136.000       0.6937
 137.000       0.6669
 138.000       0.5753
 139.000       0.5578
 140.000       0.4944
 141.000       0.4595
 142.000       0.4829
 143.000       0.4832
 144.000       0.5142
 145.000       0.5893
 146.000       0.6469
 147.000       0.6572
 148.000       0.5961
 149.000       0.6500
 150.000       0.7264
 151.000       0.6521
 152.000       0.6692
 153.000       0.8498
 154.000       0.8748
 155.000       0.8038
 156.000       0.7796
 157.000       1.3368
 158.000       0.8082
 159.000       0.6083
 160.000       0.5284
 161.000       0.4848
 162.000       0.4786
 163.000       0.4601
 164.000       0.4617
 165.000       0.5078
 166.000       0.6299
 167.000       0.7545
 168.000       0.9133
 169.000       0.8768
 170.000       0.9282
 171.000       1.2083
 172.000       1.3041
 173.000       1.6039
 174.000       1.6824
 175.000       1.0320
 176.000       0.6980
 177.000       0.6473
 178.000       0.5847
 179.000       0.5024
 180.000       0.5120
 181.000       0.5890
 182.000       0.6345
 183.000       0.7049
 184.000       0.7634
 185.000       0.8262
 186.000       0.7367
 187.000       0.6841
 188.000       0.7441
 189.000       0.7476
 190.000       0.6643
 191.000       0.6621
 192.000       0.7608
 193.000       0.7450
 194.000       0.7129
 195.000       0.8326
 196.000       0.9358
 197.000       0.9097
 198.000       0.9113
 199.000       0.7433
 200.000       0.6505
 201.000       0.5966
 202.000       0.5434
 203.000       0.5290
 204.000       0.4972
 205.000       0.4807
 206.000       0.4922
 207.000       0.5405
 208.000       0.6865
 209.000       0.7673
 210.000       0.9492
 211.000       0.7339
 212.000       0.7701
 213.000       0.8036
 214.000       0.7937
 215.000       0.7663
 216.000       0.7712
 217.000       0.7047
 218.000       0.6554
 219.000       0.7002
 220.000       0.6802
 221.000       0.6154
 222.000       0.6109
 223.000       0.6605
 224.000       0.6531
 225.000       0.6135
 226.000       0.6594
 227.000       0.6986
 228.000       0.6545
 229.000       0.6922
 230.000       0.7533
 231.000       0.7452
 232.000       0.7610
 233.000       0.8953
 234.000       0.9248
 235.000       0.8408
 236.000       0.8691
 237.000       0.8272
 238.000       0.9688
 239.000       0.7309
 240.000       0.6434
 241.000       0.5860
 242.000       0.5265
 243.000       0.4944
 244.000       0.5097
 245.000       0.4874
 246.000       0.4961
 247.000       0.5949
 248.000       0.5787
 249.000       0.6675
 250.000       0.9857
 251.000       0.9693
 252.000       0.8890
 253.000       1.1663
 254.000       1.1727
 255.000       1.3120
 256.000       0.9390
 257.000       0.7584
 258.000       0.6895
 259.000       0.7569
 260.000       0.7621
 261.000       0.6776
 262.000       0.6806
 263.000       0.7496
 264.000       0.7385
 265.000       0.6823
 266.000       0.7367
 267.000       0.7907
 268.000       0.7368
 269.000       0.6925
 270.000       0.7934
 271.000       0.8271
 272.000       0.7487
 273.000       0.7358
 274.000       0.8789
 275.000       1.0316
 276.000       1.0904
 277.000       0.9819
 278.000       1.0344
 279.000       0.7432
 280.000       0.6359
 281.000       0.5601
 282.000       0.5276
 283.000       0.5203
 284.000       0.5631
 285.000       0.7141
 286.000       0.6425
 287.000       0.6204
 288.000       0.6046
 289.000       0.5885
 290.000       0.5242
 291.000       0.5074
 292.000       0.5324
 293.000       0.5283
 294.000       0.5023
 295.000       0.4486
 296.000       0.4341
 297.000       0.4063
 298.000       0.3982
 299.000       0.4041
 300.000       0.3858
 301.000       0.4082
 302.000       0.4255
 303.000       0.4659
 304.000       0.4872
 305.000       0.6145
 306.000       0.6984
 307.000       0.8270
 308.000       0.8128
 309.000       0.7896
 310.000       0.8141
 311.000       1.0238
 312.000       1.2548
 313.000       1.3934
 314.000       1.2635
 315.000       1.2291
 316.000       1.3348
 317.000       1.1721
 318.000       1.0651
 319.000       1.0555
 320.000       0.9488
 321.000       0.9379
 322.000       0.8017
 323.000       0.6474
 324.000       0.5402
 325.000       0.4804
 326.000       0.4333
 327.000       0.3817
 328.000       0.3824
 329.000       0.3806
 330.000       0.3851
 331.000       0.3858
 332.000       0.3761
 333.000       0.4067
 334.000       0.4172
 335.000       0.4014
 336.000       0.3892
 337.000       0.3948
 338.000       0.4283
 339.000       0.4529
 340.000       0.4948
 341.000       0.5034
 342.000       0.5314
 343.000       0.5990
 344.000       0.5776
 345.000       0.6378
 346.000       0.6306
 347.000       0.7014
 348.000       0.6188
 349.000       0.6254
 350.000       0.7067
 351.000       0.8127
 352.000       0.8962
 353.000       1.2208
 354.000       1.6604
 355.000       1.7555
 356.000       1.9037
 357.000       1.5380
 358.000       1.2899
 359.000       1.0311
 360.000       0.7945
 361.000       0.6709
 362.000       0.6417
 363.000       0.5507
 364.000       0.4884
 365.000       0.4293
 366.000       0.4051
 367.000       0.3960
 368.000       0.3810
 369.000       0.3876
 370.000       0.4300
 371.000       0.4748
 372.000       0.5223
 373.000       0.4573
 374.000       0.4056
 375.000       0.4487
 376.000       0.4442
 377.000       0.5023
 378.000       0.5847
 379.000       0.6119
 380.000       0.6097
 381.000       0.6651
 382.000       0.6479
 383.000       0.6642
 384.000       0.7448
 385.000       0.6133
 386.000       0.6020
 387.000       0.5058
 388.000       0.4964
 389.000       0.4905
 390.000       0.4845
 391.000       0.4821
 392.000       0.4560
 393.000       0.4518
 394.000       0.5234
 395.000       0.5342
 396.000       0.5212
 397.000       0.4868
 398.000       0.4570
 399.000       0.4452
 400.000       0.4270
 401.000       0.4270
 402.000       0.4761
 403.000       0.4676
 404.000       0.4532
 405.000       0.4771
 406.000       0.6459
 407.000       0.4868
 408.000       0.4278
 409.000       0.5099
 410.000       0.6269
 411.000       0.8784
 412.000       0.9368
 413.000       0.6986
 414.000       0.5525
 415.000       0.5270
 416.000       0.5022
 417.000       0.5008
 418.000       0.4891
 419.000       0.5658
 420.000       0.7388
 421.000       0.8060
 422.000       0.8304
 423.000       0.7463
 424.000       0.7134
 425.000       0.8009
 426.000       0.8366
 427.000       0.8078
 428.000       1.0102
 429.000       1.1738
 430.000       1.3381
 431.000       1.8998
 432.000       2.5667
 433.000       4.8909
 434.000       4.6771
 435.000       2.9992
 436.000       2.3772
 437.000       1.8438
 438.000       1.7703
 439.000       1.6869
 440.000       1.3310
 441.000       1.0903
 442.000       1.1223
 443.000       1.0853
 444.000       0.9516
 445.000       0.8548
 446.000       0.8452
 447.000       1.0069
 448.000       1.0545
 449.000       0.9112
 450.000       0.7835
 451.000       0.7456
 452.000       0.6879
 453.000       0.6790
 454.000       0.7044
 455.000       0.6901
 456.000       0.8558
 457.000       1.0080
 458.000       1.1212
 459.000       0.8446
 460.000       0.7162
 461.000       0.6446
 462.000       0.6626
 463.000       0.6560
 464.000       0.6221
 465.000       0.6097
 466.000       0.6453
 467.000       0.6844
 468.000       0.6691
 469.000       0.6689
 470.000       0.7525
 471.000       0.7797
 472.000       0.7138
 473.000       0.7563
 474.000       0.8267
 475.000       0.6895
 476.000       0.6159
 477.000       0.5330
 478.000       0.4954
 479.000       0.5043
 480.000       0.4738
 481.000       0.4353
 482.000       0.4312
 483.000       0.4544
 484.000       0.4670
 485.000       0.4686
 486.000       0.4791
 487.000       0.5022
 488.000       0.4870
 489.000       0.4886
 490.000       0.5174
 491.000       0.5216
 492.000       0.4869
 493.000       0.5078
 494.000       0.5482
 495.000       0.5307
 496.000       0.5205
 497.000       0.6450
 498.000       0.7344
 499.000       0.6218
 500.000       0.5823
 501.000       0.6967
 502.000       0.5862
 503.000       0.5129
 504.000       0.4781
 505.000       0.4534
 506.000       0.4240
 507.000       0.3619
 508.000       0.3811
 509.000       0.3930
 510.000       0.3946
 511.000       0.3890
 512.000       0.4247
 513.000       0.4696
 514.000       0.5171
 515.000       0.5329
 516.000       0.5129
 517.000       0.5106
 518.000       0.5190
 519.000       0.5432
 520.000       0.5172
 521.000       0.5014
 522.000       0.5721
 523.000       0.6485
 524.000       0.6270
 525.000       0.6445
 526.000       0.5553
 527.000       0.4913
 528.000       0.4104
 529.000       0.3701
 530.000       0.4155
 531.000       0.4511
 532.000       0.4727
 533.000       0.5311
 534.000       0.5487
 535.000       0.4738
 536.000       0.4865
 537.000       0.5815
 538.000       0.5931
 539.000       0.5749
 540.000       0.6955
 541.000       0.8237
 542.000       0.7750
 543.000       0.7874
 544.000       0.6740
 545.000       0.7183
 546.000       0.6905
 547.000       0.6991
 548.000       0.5655
 549.000       0.4810
 550.000       0.4321
 551.000       0.4166
 552.000       0.4052
 553.000       0.3868
 554.000       0.3994
 555.000       0.4077
 556.000       0.4388
 557.000       0.4785
 558.000       0.5206
 559.000       0.5191
 560.000       0.4895
 561.000       0.5121
 562.000       0.5910
 563.000       0.6112
 564.000       0.6032
 565.000       0.6640
 566.000       0.7387
 567.000       0.7244
 568.000       0.6666
 569.000       0.5344
 570.000       0.5255
 571.000       0.4649
 572.000       0.4093
 573.000       0.3692
 574.000       0.3794
 575.000       0.4104
 576.000       0.4476
 577.000       0.5090
 578.000       0.4869
 579.000       0.4516
 580.000       0.5138
 581.000       0.6056
 582.000       0.5590
 583.000       0.5972
 584.000       0.7871
 585.000       0.8441
 586.000       0.6679
 587.000       0.6915
 588.000       1.1877
 589.000       0.7656
 590.000       0.5519
 591.000       0.4841
 592.000       0.4587
 593.000       0.4277
 594.000       0.3921
 595.000       0.3863
 596.000       0.4541
 597.000       0.5541
 598.000       0.6078
 599.000       0.6640
 600.000       0.6164
 601.000       0.7145
 602.000       0.7623
 603.000       0.7376
 604.000       0.8773
 605.000       0.9038
 606.000       0.7510
 607.000       0.5193
 608.000       0.4947
 609.000       0.5523
 610.000       0.4286
 611.000       0.4198
 612.000       0.4838
 613.000       0.5285
 614.000       0.6583
 615.000       0.8265
 616.000       1.0260
 617.000       0.8162
 618.000       0.6920
 619.000       0.7274
 620.000       0.7692
 621.000       0.6822
 622.000       0.6374
 623.000       0.6765
 624.000       0.6589
 625.000       0.6480
 626.000       0.7363
 627.000       0.7764
 628.000       0.7579
 629.000       0.7911
 630.000       0.6600
 631.000       0.5753
 632.000       0.5421
 633.000       0.5142
 634.000       0.4821
 635.000       0.4148
 636.000       0.3763
 637.000       0.4082
 638.000       0.4854
 639.000       0.6133
 640.000       0.7897
 641.000       0.7956
 642.000       0.8543
 643.000       0.8819
 644.000       1.4697
 645.000       1.0555
 646.000       0.8912
 647.000       0.7543
 648.000       0.6757
 649.000       0.6394
 650.000       0.6688
 651.000       0.6592
 652.000       0.6080
 653.000       0.5793
 654.000       0.6649
 655.000       0.6830
 656.000       0.6138
 657.000       0.6550
 658.000       0.7027
 659.000       0.6539
 660.000       0.6938
 661.000       0.7670
 662.000       0.7485
 663.000       0.7673
 664.000       0.9010
 665.000       0.9137
 666.000       0.8328
 667.000       0.8735
 668.000       0.8030
 669.000       0.9188
 670.000       0.7072
 671.000       0.6452
 672.000       0.5417
 673.000       0.4381
 674.000       0.3856
 675.000       0.4141
 676.000       0.4194
 677.000       0.4837
 678.000       0.5555
 679.000       0.5300
 680.000       0.5752
 681.000       0.5997
 682.000       0.6217
 683.000       0.6819
 684.000       0.8079
 685.000       0.9492
 686.000       1.3005
 687.000       1.1921
 688.000       0.9801
 689.000       0.7494
 690.000       0.8069
 691.000       0.8750
 692.000       0.7330
 693.000       0.6249
 694.000       0.7506
 695.000       0.7781
 696.000       0.6528
 697.000       0.6452
 698.000       0.7439
 699.000       0.7055
 700.000       0.6486
 701.000       0.7123
 702.000       0.7390
 703.000       0.6818
 704.000       0.6597
 705.000       0.7829
 706.000       0.9473
 707.000       0.9993
 708.000       0.9456
 709.000       0.9313
 710.000       0.7088
 711.000       0.6156
 712.000       0.4577
 713.000       0.4034
 714.000       0.3873
 715.000       0.3811
 716.000       0.4113
 717.000       0.4578
 718.000       0.4053
 719.000       0.3989
 720.000       0.4228
 721.000       0.4464
 722.000       0.4951
 723.000       0.5040
 724.000       0.4740
 725.000       0.4471
 726.000       0.4500
 727.000       0.4353
 728.000       0.4258
 729.000       0.4258
 730.000       0.4157
 731.000       0.4199
 732.000       0.4666
 733.000       0.4783
 734.000       0.5318
 735.000       0.5738
 736.000       0.6360
 737.000       0.7076
 738.000       0.9208
 739.000       1.2437
 740.000       1.4358
 741.000       1.5645
 742.000       2.0169
 743.000       2.5161
 744.000       2.8868
 745.000       2.8761
 746.000       2.2949
 747.000       2.3440
 748.000       2.4312
 749.000       1.9848
 750.000       1.6257
 751.000       1.8203
 752.000       1.6636
 753.000       1.1558
 754.000       0.8562
 755.000       0.6463
 756.000       0.5545
 757.000       0.4677
 758.000       0.4092
 759.000       0.4131
 760.000       0.3961
 761.000       0.4021
 762.000       0.4302
 763.000       0.4147
 764.000       0.4927
 765.000       0.4524
 766.000       0.4362
 767.000       0.4064
 768.000       0.4104
 769.000       0.4298
 770.000       0.4780
 771.000       0.5255
 772.000       0.5110
 773.000       0.5170
 774.000       0.6184
 775.000       0.6397
 776.000       0.8397
 777.000       0.8348
 778.000       0.9239
 779.000       0.7122
 780.000       0.6488
 781.000       0.7583
 782.000       0.9005
 783.000       1.0472
 784.000       1.4414
 785.000       1.5641
 786.000       1.7930
 787.000       2.1662
 788.000       1.8659
 789.000       1.4065
 790.000       1.1413
 791.000       0.9807
 792.000       0.8563
 793.000       0.7975
 794.000       0.7245
 795.000       0.5726
 796.000       0.4541
 797.000       0.4414
 798.000       0.4507
 799.000       0.4501
 800.000       0.4671
 801.000       0.5839
 802.000       0.5561
 803.000       0.5899
 804.000       0.5372
 805.000       0.4575
 806.000       0.5145
 807.000       0.5180
 808.000       0.6009
 809.000       0.6999
 810.000       0.7557
 811.000       0.7832
 812.000       0.8329
 813.000       0.8355
 814.000       0.8564
 815.000       0.8445
 816.000       0.7409
 817.000       0.6831
 818.000       0.5972
 819.000       0.5846
 820.000       0.5455
 821.000       0.5208
 822.000       0.5076
 823.000       0.4871
 824.000       0.5148
 825.000       0.6559
 826.000       0.5864
 827.000       0.5248
 828.000       0.5238
 829.000       0.4777
 830.000       0.4302
 831.000       0.4259
 832.000       0.4379
 833.000       0.4890
 834.000       0.4694
 835.000       0.4899
 836.000       0.5159
 837.000       0.5422
 838.000       0.5853
 839.000       0.8355
 840.000       0.8237
 841.000       0.7840
 842.000       0.7200
 843.000       0.7178
 844.000       0.7152
 845.000       0.5727
 846.000       0.5186
 847.000       0.4839
 848.000       0.4919
 849.000       0.4964
 850.000       0.5630
 851.000       0.6531
 852.000       0.7172
 853.000       0.7441
 854.000       0.6661
 855.000       0.6783
 856.000       0.7672
 857.000       0.7464
 858.000       0.7461
 859.000       1.0823
 860.000       1.2460
 861.000       1.3183
 862.000       1.8558
 863.000       2.4334
