#Res        AtomicFlx
   1.000       2.8344
   2.000       1.9688
   3.000       1.6062
   4.000       1.2672
   5.000       1.3569
   6.000       1.3968
   7.000       1.1780
   8.000       1.0517
   9.000       1.0488
  10.000       0.9643
  11.000       0.9355
  12.000       0.9930
  13.000       0.9617
  14.000       0.9415
  15.000       0.9904
  16.000       1.1375
  17.000       1.1937
  18.000       1.0216
  19.000       0.8612
  20.000       0.8266
  21.000       0.7072
  22.000       0.6880
  23.000       0.7483
  24.000       0.7819
  25.000       0.9411
  26.000       1.1084
  27.000       1.2316
  28.000       0.9843
  29.000       0.8381
  30.000       0.7252
  31.000       0.7768
  32.000       0.7866
  33.000       0.7105
  34.000       0.6903
  35.000       0.7279
  36.000       0.7410
  37.000       0.6884
  38.000       0.7048
  39.000       0.8792
  40.000       0.8763
  41.000       0.7673
  42.000       0.8148
  43.000       0.9361
  44.000       0.8678
  45.000       0.8653
  46.000       0.6799
  47.000       0.5472
  48.000       0.5507
  49.000       0.4684
  50.000       0.4209
  51.000       0.4359
  52.000       0.4728
  53.000       0.5213
  54.000       0.5582
  55.000       0.6120
  56.000       0.6474
  57.000       0.5921
  58.000       0.5401
  59.000       0.5873
  60.000       0.6262
  61.000       0.5817
  62.000       0.5905
  63.000       0.6621
  64.000       0.6344
  65.000       0.5887
  66.000       0.6730
  67.000       0.7502
  68.000       0.7033
  69.000       0.6654
  70.000       0.7795
  71.000       0.6363
  72.000       0.5375
  73.000       0.4915
  74.000       0.5142
  75.000       0.5750
  76.000       0.4534
  77.000       0.4716
  78.000       0.5579
  79.000       0.5954
  80.000       0.5203
  81.000       0.4704
  82.000       0.4913
  83.000       0.5041
  84.000       0.5471
  85.000       0.5522
  86.000       0.5232
  87.000       0.5476
  88.000       0.5790
  89.000       0.5703
  90.000       0.6087
  91.000       0.7160
  92.000       0.9487
  93.000       0.9646
  94.000       0.7702
  95.000       0.6102
  96.000       0.5368
  97.000       0.4797
  98.000       0.4759
  99.000       0.5883
 100.000       0.6089
 101.000       0.6700
 102.000       0.7006
 103.000       0.7605
 104.000       0.6995
 105.000       0.7118
 106.000       0.8434
 107.000       0.8882
 108.000       0.8809
 109.000       0.9841
 110.000       1.0238
 111.000       1.0557
 112.000       1.1736
 113.000       0.9588
 114.000       0.9770
 115.000       1.0306
 116.000       0.9824
 117.000       0.7426
 118.000       0.6334
 119.000       0.5306
 120.000       0.6147
 121.000       0.6949
 122.000       0.6057
 123.000       0.5207
 124.000       0.5021
 125.000       0.5177
 126.000       0.5363
 127.000       0.5916
 128.000       0.6087
 129.000       0.5779
 130.000       0.5892
 131.000       0.6621
 132.000       0.6841
 133.000       0.6801
 134.000       0.7771
 135.000       0.8616
 136.000       0.8549
 137.000       0.8185
 138.000       0.6947
 139.000       0.7408
 140.000       0.6545
 141.000       0.6064
 142.000       0.5780
 143.000       0.5552
 144.000       0.5739
 145.000       0.6345
 146.000       0.7079
 147.000       0.7268
 148.000       0.6865
 149.000       0.6855
 150.000       0.7587
 151.000       0.7939
 152.000       0.7686
 153.000       0.8976
 154.000       0.9738
 155.000       0.8623
 156.000       0.8792
 157.000       1.6381
 158.000       0.9957
 159.000       0.7788
 160.000       0.6783
 161.000       0.6252
 162.000       0.5934
 163.000       0.5674
 164.000       0.5132
 165.000       0.5553
 166.000       0.6269
 167.000       0.7283
 168.000       0.9227
 169.000       0.9347
 170.000       1.0992
 171.000       1.4955
 172.000       1.4925
 173.000       1.6399
 174.000       1.7479
 175.000       1.1440
 176.000       0.6667
 177.000       0.6085
 178.000       0.6805
 179.000       0.5597
 180.000       0.5117
 181.000       0.5664
 182.000       0.6369
 183.000       0.7575
 184.000       0.9735
 185.000       1.1424
 186.000       0.9632
 187.000       0.8104
 188.000       0.8416
 189.000       0.9023
 190.000       0.8146
 191.000       0.7888
 192.000       0.8507
 193.000       0.8642
 194.000       0.8281
 195.000       0.8982
 196.000       0.9709
 197.000       0.9622
 198.000       0.9705
 199.000       0.8559
 200.000       0.7772
 201.000       0.6911
 202.000       0.6493
 203.000       0.6101
 204.000       0.5234
 205.000       0.4737
 206.000       0.4835
 207.000       0.5326
 208.000       0.6605
 209.000       0.8540
 210.000       1.2771
 211.000       0.8397
 212.000       0.8007
 213.000       0.8840
 214.000       0.8482
 215.000       0.8074
 216.000       0.7865
 217.000       0.7489
 218.000       0.7055
 219.000       0.7454
 220.000       0.7533
 221.000       0.6683
 222.000       0.6500
 223.000       0.7406
 224.000       0.7469
 225.000       0.6768
 226.000       0.7253
 227.000       0.7922
 228.000       0.7606
 229.000       0.7795
 230.000       0.8457
 231.000       0.8688
 232.000       0.8572
 233.000       0.9531
 234.000       0.9895
 235.000       0.9292
 236.000       0.9491
 237.000       0.8406
 238.000       0.9414
 239.000       0.7967
 240.000       0.6863
 241.000       0.5938
 242.000       0.4978
 243.000       0.4491
 244.000       0.4579
 245.000       0.4567
 246.000       0.5019
 247.000       0.6532
 248.000       0.5790
 249.000       0.5954
 250.000       0.8146
 251.000       0.8387
 252.000       0.8381
 253.000       1.1532
 254.000       1.2986
 255.000       1.4086
 256.000       0.9700
 257.000       0.8734
 258.000       0.7453
 259.000       0.7600
 260.000       0.8043
 261.000       0.7449
 262.000       0.6968
 263.000       0.7556
 264.000       0.7591
 265.000       0.6905
 266.000       0.6960
 267.000       0.7637
 268.000       0.7295
 269.000       0.6615
 270.000       0.7565
 271.000       0.8219
 272.000       0.7386
 273.000       0.6913
 274.000       0.8010
 275.000       0.9153
 276.000       1.0362
 277.000       0.9560
 278.000       0.9376
 279.000       0.7055
 280.000       0.5998
 281.000       0.5230
 282.000       0.4806
 283.000       0.4710
 284.000       0.5340
 285.000       0.6856
 286.000       0.5999
 287.000       0.5606
 288.000       0.5233
 289.000       0.4845
 290.000       0.4712
 291.000       0.4853
 292.000       0.5229
 293.000       0.5219
 294.000       0.4735
 295.000       0.4366
 296.000       0.4304
 297.000       0.4213
 298.000       0.4132
 299.000       0.4126
 300.000       0.4260
 301.000       0.4595
 302.000       0.5319
 303.000       0.6089
 304.000       0.6360
 305.000       0.7386
 306.000       0.8304
 307.000       0.9525
 308.000       0.9735
 309.000       0.9592
 310.000       0.9629
 311.000       1.1698
 312.000       1.5502
 313.000       1.8314
 314.000       1.6465
 315.000       1.5664
 316.000       1.7858
 317.000       1.5661
 318.000       1.4541
 319.000       1.4047
 320.000       1.1736
 321.000       1.1304
 322.000       0.9421
 323.000       0.7433
 324.000       0.6561
 325.000       0.5879
 326.000       0.4985
 327.000       0.4272
 328.000       0.4080
 329.000       0.4073
 330.000       0.4005
 331.000       0.4038
 332.000       0.3880
 333.000       0.4011
 334.000       0.4143
 335.000       0.4147
 336.000       0.4095
 337.000       0.4074
 338.000       0.4452
 339.000       0.4807
 340.000       0.5078
 341.000       0.5314
 342.000       0.6012
 343.000       0.7027
 344.000       0.6715
 345.000       0.7266
 346.000       0.6681
 347.000       0.6904
 348.000       0.6307
 349.000       0.7144
 350.000       0.8406
 351.000       0.8677
 352.000       0.9564
 353.000       1.1973
 354.000       1.3994
 355.000       1.6756
 356.000       1.9753
 357.000       2.0148
 358.000       1.7155
 359.000       1.5953
 360.000       1.1726
 361.000       0.9870
 362.000       0.8009
 363.000       0.6545
 364.000       0.5928
 365.000       0.4838
 366.000       0.4373
 367.000       0.4212
 368.000       0.4096
 369.000       0.4192
 370.000       0.4706
 371.000       0.4997
 372.000       0.5416
 373.000       0.4835
 374.000       0.4290
 375.000       0.4884
 376.000       0.4964
 377.000       0.5944
 378.000       0.6892
 379.000       0.7154
 380.000       0.7198
 381.000       0.8102
 382.000       0.8316
 383.000       0.8909
 384.000       0.9211
 385.000       0.7245
 386.000       0.7267
 387.000       0.6508
 388.000       0.5571
 389.000       0.5024
 390.000       0.4802
 391.000       0.4776
 392.000       0.4476
 393.000       0.4307
 394.000       0.5038
 395.000       0.5207
 396.000       0.4870
 397.000       0.4860
 398.000       0.4723
 399.000       0.4722
 400.000       0.4589
 401.000       0.4801
 402.000       0.5304
 403.000       0.5006
 404.000       0.4823
 405.000       0.4607
 406.000       0.5602
 407.000       0.4699
 408.000       0.4218
 409.000       0.4790
 410.000       0.5347
 411.000       0.5851
 412.000       0.5187
 413.000       0.5149
 414.000       0.5441
 415.000       0.5344
 416.000       0.5433
 417.000       0.5489
 418.000       0.5713
 419.000       0.5927
 420.000       0.7312
 421.000       0.8137
 422.000       0.8189
 423.000       0.7530
 424.000       0.7438
 425.000       0.7815
 426.000       0.7843
 427.000       0.7857
 428.000       0.8885
 429.000       0.9378
 430.000       0.9223
 431.000       1.1562
 432.000       1.5555
 433.000       3.8820
 434.000       2.9044
 435.000       1.4164
 436.000       1.1690
 437.000       1.1893
 438.000       1.0376
 439.000       0.9548
 440.000       1.0870
 441.000       1.1394
 442.000       1.0566
 443.000       1.2383
 444.000       1.4079
 445.000       1.2178
 446.000       1.1720
 447.000       1.1941
 448.000       1.2582
 449.000       1.2173
 450.000       0.9689
 451.000       0.8727
 452.000       0.7278
 453.000       0.7021
 454.000       0.7515
 455.000       0.8056
 456.000       1.0188
 457.000       1.2646
 458.000       1.3762
 459.000       1.0140
 460.000       0.8684
 461.000       0.7867
 462.000       0.8399
 463.000       0.8097
 464.000       0.7251
 465.000       0.7175
 466.000       0.7956
 467.000       0.8105
 468.000       0.7340
 469.000       0.7105
 470.000       0.8757
 471.000       0.9312
 472.000       0.8310
 473.000       0.8377
 474.000       0.8980
 475.000       0.7608
 476.000       0.6197
 477.000       0.5673
 478.000       0.5490
 479.000       0.5642
 480.000       0.5279
 481.000       0.4836
 482.000       0.4834
 483.000       0.5048
 484.000       0.5089
 485.000       0.4997
 486.000       0.5205
 487.000       0.5670
 488.000       0.5335
 489.000       0.5053
 490.000       0.5473
 491.000       0.5781
 492.000       0.5502
 493.000       0.5827
 494.000       0.6073
 495.000       0.5747
 496.000       0.5394
 497.000       0.6813
 498.000       0.7764
 499.000       0.6758
 500.000       0.6265
 501.000       0.7193
 502.000       0.6232
 503.000       0.5528
 504.000       0.5011
 505.000       0.4831
 506.000       0.4652
 507.000       0.4134
 508.000       0.4248
 509.000       0.4330
 510.000       0.4338
 511.000       0.4277
 512.000       0.4683
 513.000       0.5262
 514.000       0.5778
 515.000       0.5918
 516.000       0.5703
 517.000       0.5532
 518.000       0.5533
 519.000       0.5705
 520.000       0.5658
 521.000       0.5719
 522.000       0.7156
 523.000       1.3853
 524.000       1.1027
 525.000       1.4651
 526.000       0.9970
 527.000       0.5955
 528.000       0.4516
 529.000       0.4056
 530.000       0.4499
 531.000       0.4801
 532.000       0.4869
 533.000       0.5343
 534.000       0.5416
 535.000       0.4909
 536.000       0.5172
 537.000       0.6050
 538.000       0.6098
 539.000       0.5652
 540.000       0.6964
 541.000       0.8445
 542.000       0.8654
 543.000       0.9277
 544.000       0.8140
 545.000       0.7981
 546.000       0.7734
 547.000       0.8165
 548.000       0.6651
 549.000       0.5087
 550.000       0.4228
 551.000       0.4378
 552.000       0.4542
 553.000       0.4528
 554.000       0.4570
 555.000       0.4565
 556.000       0.4525
 557.000       0.4722
 558.000       0.5150
 559.000       0.5390
 560.000       0.5195
 561.000       0.5343
 562.000       0.5994
 563.000       0.6236
 564.000       0.6141
 565.000       0.6742
 566.000       0.7408
 567.000       0.7202
 568.000       0.6896
 569.000       0.5639
 570.000       0.5583
 571.000       0.4710
 572.000       0.4484
 573.000       0.4345
 574.000       0.4541
 575.000       0.4841
 576.000       0.5163
 577.000       0.5858
 578.000       0.5897
 579.000       0.5376
 580.000       0.5802
 581.000       0.6544
 582.000       0.6072
 583.000       0.6346
 584.000       0.7726
 585.000       0.7944
 586.000       0.6886
 587.000       0.6964
 588.000       1.0615
 589.000       0.7807
 590.000       0.6183
 591.000       0.5304
 592.000       0.5129
 593.000       0.4956
 594.000       0.4899
 595.000       0.4895
 596.000       0.5586
 597.000       0.6515
 598.000       0.7234
 599.000       0.7682
 600.000       0.7290
 601.000       0.8415
 602.000       0.9055
 603.000       0.8420
 604.000       0.9156
 605.000       0.8214
 606.000       0.7263
 607.000       0.5884
 608.000       0.5942
 609.000       0.6313
 610.000       0.5057
 611.000       0.4861
 612.000       0.5424
 613.000       0.5986
 614.000       0.7312
 615.000       0.8929
 616.000       1.0784
 617.000       0.8498
 618.000       0.7217
 619.000       0.7530
 620.000       0.7561
 621.000       0.6708
 622.000       0.6870
 623.000       0.7637
 624.000       0.7432
 625.000       0.7109
 626.000       0.8074
 627.000       0.8820
 628.000       0.8594
 629.000       0.8600
 630.000       0.7157
 631.000       0.6607
 632.000       0.6174
 633.000       0.5716
 634.000       0.5566
 635.000       0.5113
 636.000       0.4833
 637.000       0.5137
 638.000       0.5684
 639.000       0.6465
 640.000       0.7075
 641.000       0.7949
 642.000       0.9211
 643.000       0.8613
 644.000       1.0609
 645.000       0.9522
 646.000       0.9506
 647.000       0.9413
 648.000       0.8204
 649.000       0.7603
 650.000       0.7941
 651.000       0.7814
 652.000       0.6975
 653.000       0.6883
 654.000       0.7651
 655.000       0.7479
 656.000       0.6797
 657.000       0.7346
 658.000       0.7873
 659.000       0.7283
 660.000       0.7514
 661.000       0.8509
 662.000       0.8354
 663.000       0.8312
 664.000       0.9975
 665.000       1.0259
 666.000       0.9084
 667.000       0.9462
 668.000       0.8680
 669.000       0.9557
 670.000       0.7364
 671.000       0.6403
 672.000       0.5621
 673.000       0.5004
 674.000       0.4682
 675.000       0.5086
 676.000       0.5377
 677.000       1.3137
 678.000       0.8923
 679.000       0.6314
 680.000       0.6210
 681.000       0.6187
 682.000       0.7295
 683.000       0.8247
 684.000       0.9853
 685.000       1.0180
 686.000       1.2347
 687.000       1.1079
 688.000       0.9414
 689.000       0.7881
 690.000       0.8445
 691.000       0.9365
 692.000       0.8483
 693.000       0.7584
 694.000       0.8633
 695.000       0.8561
 696.000       0.7634
 697.000       0.7324
 698.000       0.8313
 699.000       0.8206
 700.000       0.7418
 701.000       0.8233
 702.000       0.8902
 703.000       0.7973
 704.000       0.7620
 705.000       0.8744
 706.000       0.9857
 707.000       1.0661
 708.000       1.0152
 709.000       0.9760
 710.000       0.7442
 711.000       0.5987
 712.000       0.4972
 713.000       0.4330
 714.000       0.4254
 715.000       0.4433
 716.000       0.4853
 717.000       0.5602
 718.000       0.4998
 719.000       0.4826
 720.000       0.5106
 721.000       0.5057
 722.000       0.5443
 723.000       0.5613
 724.000       0.5388
 725.000       0.5017
 726.000       0.4951
 727.000       0.4871
 728.000       0.4761
 729.000       0.4635
 730.000       0.4539
 731.000       0.4460
 732.000       0.4741
 733.000       0.4848
 734.000       0.5324
 735.000       0.6144
 736.000       0.7437
 737.000       0.7844
 738.000       0.8981
 739.000       1.4502
 740.000       2.1975
 741.000       2.6209
 742.000       3.3376
 743.000       4.0398
 744.000       4.5443
 745.000       4.3214
 746.000       3.5709
 747.000       3.4143
 748.000       3.5110
 749.000       3.0555
 750.000       2.5719
 751.000       2.9601
 752.000       2.5831
 753.000       1.4552
 754.000       1.0257
 755.000       0.8641
 756.000       0.5761
 757.000       0.4901
 758.000       0.4391
 759.000       0.4469
 760.000       0.4363
 761.000       0.4448
 762.000       0.4786
 763.000       0.4360
 764.000       0.5310
 765.000       0.4907
 766.000       0.4913
 767.000       0.4448
 768.000       0.4400
 769.000       0.4819
 770.000       0.5273
 771.000       0.5262
 772.000       0.5179
 773.000       0.6518
 774.000       0.7360
 775.000       0.7271
 776.000       0.8272
 777.000       0.7484
 778.000       0.7991
 779.000       0.7490
 780.000       0.7159
 781.000       0.8334
 782.000       0.9837
 783.000       1.3469
 784.000       1.6802
 785.000       1.7938
 786.000       1.9640
 787.000       2.2124
 788.000       2.0198
 789.000       1.5687
 790.000       1.2380
 791.000       1.0247
 792.000       0.8793
 793.000       0.8052
 794.000       0.7133
 795.000       0.6059
 796.000       0.5009
 797.000       0.4750
 798.000       0.4821
 799.000       0.4812
 800.000       0.5020
 801.000       0.5877
 802.000       0.5891
 803.000       0.6224
 804.000       0.5357
 805.000       0.4653
 806.000       0.5187
 807.000       0.5220
 808.000       0.5703
 809.000       0.6727
 810.000       0.7332
 811.000       0.7623
 812.000       0.8508
 813.000       0.8429
 814.000       0.8501
 815.000       0.8523
 816.000       0.7630
 817.000       0.7193
 818.000       0.6490
 819.000       0.6323
 820.000       0.5752
 821.000       0.5499
 822.000       0.5550
 823.000       0.5260
 824.000       0.5629
 825.000       0.7855
 826.000       0.6234
 827.000       0.5215
 828.000       0.5004
 829.000       0.4586
 830.000       0.4269
 831.000       0.4466
 832.000       0.4914
 833.000       0.5715
 834.000       0.5320
 835.000       0.5366
 836.000       0.5635
 837.000       0.5804
 838.000       0.5778
 839.000       0.6858
 840.000       0.7967
 841.000       0.7203
 842.000       0.7211
 843.000       0.7853
 844.000       0.7651
 845.000       0.6087
 846.000       0.5574
 847.000       0.5184
 848.000       0.5396
 849.000       0.5279
 850.000       0.5827
 851.000       0.7100
 852.000       0.8523
 853.000       0.8642
 854.000       0.7641
 855.000       0.7923
 856.000       0.8919
 857.000       0.8287
 858.000       0.8351
 859.000       1.0998
 860.000       1.1584
 861.000       1.2445
 862.000       1.7312
 863.000       2.5491
