#Res        AtomicFlx
   1.000       4.0222
   2.000       3.0086
   3.000       1.6377
   4.000       1.3183
   5.000       1.2946
   6.000       1.2510
   7.000       1.0809
   8.000       1.0223
   9.000       1.0867
  10.000       1.0168
  11.000       0.9473
  12.000       1.0228
  13.000       1.0436
  14.000       0.9583
  15.000       0.9893
  16.000       1.1682
  17.000       1.2352
  18.000       1.0782
  19.000       0.9177
  20.000       0.8796
  21.000       0.7771
  22.000       0.7741
  23.000       0.8370
  24.000       0.8849
  25.000       1.0309
  26.000       1.2443
  27.000       1.7645
  28.000       1.2069
  29.000       0.9936
  30.000       0.8207
  31.000       0.7911
  32.000       0.8149
  33.000       0.7562
  34.000       0.7048
  35.000       0.7151
  36.000       0.7185
  37.000       0.7663
  38.000       0.8200
  39.000       0.9370
  40.000       1.0415
  41.000       1.2044
  42.000       1.3462
  43.000       1.4793
  44.000       1.2466
  45.000       1.0297
  46.000       0.7944
  47.000       0.6500
  48.000       0.6180
  49.000       0.4851
  50.000       0.4345
  51.000       0.4353
  52.000       0.4752
  53.000       0.5120
  54.000       0.5762
  55.000       0.6269
  56.000       0.6330
  57.000       0.5796
  58.000       0.5394
  59.000       0.5685
  60.000       0.6091
  61.000       0.5649
  62.000       0.5478
  63.000       0.6023
  64.000       0.5937
  65.000       0.5629
  66.000       0.6264
  67.000       0.6892
  68.000       0.6671
  69.000       0.6340
  70.000       0.7594
  71.000       0.6377
  72.000       0.5577
  73.000       0.5073
  74.000       0.4535
  75.000       0.4377
  76.000       0.4239
  77.000       0.4625
  78.000       0.5386
  79.000       0.5789
  80.000       0.5378
  81.000       0.4790
  82.000       0.5183
  83.000       0.5022
  84.000       0.5270
  85.000       0.5210
  86.000       0.4857
  87.000       0.4957
  88.000       0.5298
  89.000       0.5206
  90.000       0.5369
  91.000       0.6226
  92.000       0.7980
  93.000       0.8005
  94.000       0.6813
  95.000       0.5273
  96.000       0.4778
  97.000       0.4627
  98.000       0.4665
  99.000       0.6362
 100.000       0.6853
 101.000       0.8116
 102.000       0.8743
 103.000       0.9563
 104.000       0.7979
 105.000       0.7745
 106.000       0.9215
 107.000       0.8953
 108.000       0.8266
 109.000       0.9646
 110.000       1.0248
 111.000       0.9985
 112.000       1.1052
 113.000       0.8996
 114.000       0.8836
 115.000       0.8616
 116.000       0.8459
 117.000       0.6517
 118.000       0.5564
 119.000       0.5037
 120.000       0.5243
 121.000       0.6066
 122.000       0.5387
 123.000       0.4952
 124.000       0.4921
 125.000       0.4929
 126.000       0.5245
 127.000       0.5712
 128.000       0.5889
 129.000       0.5401
 130.000       0.5448
 131.000       0.6221
 132.000       0.6528
 133.000       0.6411
 134.000       0.7143
 135.000       0.7977
 136.000       0.8003
 137.000       0.7815
 138.000       0.6606
 139.000       0.6533
 140.000       0.5604
 141.000       0.5093
 142.000       0.4772
 143.000       0.4640
 144.000       0.4914
 145.000       0.5677
 146.000       0.6671
 147.000       0.7074
 148.000       0.5997
 149.000       0.6142
 150.000       0.7557
 151.000       0.7151
 152.000       0.6359
 153.000       0.8168
 154.000       0.8845
 155.000       0.7750
 156.000       0.7400
 157.000       1.3251
 158.000       0.8363
 159.000       0.6513
 160.000       0.6063
 161.000       0.5229
 162.000       0.4828
 163.000       0.4612
 164.000       0.4393
 165.000       0.4988
 166.000       0.7008
 167.000       0.7404
 168.000       0.9007
 169.000       0.8749
 170.000       1.1130
 171.000       1.3278
 172.000       1.2344
 173.000       1.4352
 174.000       1.1702
 175.000       0.9884
 176.000       0.7533
 177.000       0.7544
 178.000       0.7051
 179.000       0.5390
 180.000       0.5022
 181.000       0.5874
 182.000       0.5979
 183.000       0.7095
 184.000       0.8277
 185.000       0.9097
 186.000       0.7620
 187.000       0.6585
 188.000       0.7505
 189.000       0.7516
 190.000       0.6457
 191.000       0.6485
 192.000       0.7298
 193.000       0.7220
 194.000       0.7102
 195.000       0.7952
 196.000       0.8568
 197.000       0.8568
 198.000       0.8891
 199.000       0.7622
 200.000       0.7088
 201.000       0.6215
 202.000       0.5819
 203.000       0.5540
 204.000       0.4804
 205.000       0.4448
 206.000       0.4556
 207.000       0.5229
 208.000       0.7774
 209.000       0.7373
 210.000       0.8128
 211.000       0.7598
 212.000       0.7749
 213.000       0.9504
 214.000       0.8314
 215.000       0.7488
 216.000       0.7345
 217.000       0.7104
 218.000       0.6612
 219.000       0.6978
 220.000       0.6698
 221.000       0.5857
 222.000       0.5788
 223.000       0.6476
 224.000       0.6361
 225.000       0.5817
 226.000       0.6322
 227.000       0.6804
 228.000       0.6361
 229.000       0.6780
 230.000       0.7612
 231.000       0.7818
 232.000       0.7882
 233.000       0.9121
 234.000       0.9607
 235.000       0.9041
 236.000       0.9281
 237.000       0.8725
 238.000       1.0258
 239.000       0.7867
 240.000       0.6810
 241.000       0.5788
 242.000       0.4957
 243.000       0.4682
 244.000       0.4904
 245.000       0.4728
 246.000       0.4838
 247.000       0.5518
 248.000       0.5475
 249.000       0.6188
 250.000       0.7718
 251.000       0.8421
 252.000       0.8571
 253.000       0.9158
 254.000       0.9243
 255.000       1.0515
 256.000       0.8500
 257.000       0.7787
 258.000       0.6861
 259.000       0.7264
 260.000       0.7634
 261.000       0.6730
 262.000       0.6618
 263.000       0.7534
 264.000       0.7296
 265.000       0.6526
 266.000       0.6700
 267.000       0.7337
 268.000       0.7033
 269.000       0.6495
 270.000       0.7547
 271.000       0.7996
 272.000       0.6994
 273.000       0.6706
 274.000       0.7871
 275.000       0.9153
 276.000       1.0055
 277.000       0.9284
 278.000       0.9237
 279.000       0.6843
 280.000       0.5847
 281.000       0.5106
 282.000       0.4744
 283.000       0.4563
 284.000       0.4694
 285.000       0.5056
 286.000       0.4994
 287.000       0.4872
 288.000       0.4691
 289.000       0.4719
 290.000       0.4637
 291.000       0.4655
 292.000       0.5187
 293.000       0.5297
 294.000       0.5090
 295.000       0.4581
 296.000       0.4377
 297.000       0.4353
 298.000       0.4283
 299.000       0.4284
 300.000       0.4093
 301.000       0.4043
 302.000       0.4104
 303.000       0.4426
 304.000       0.4676
 305.000       0.5990
 306.000       0.7075
 307.000       0.8163
 308.000       0.8168
 309.000       0.8766
 310.000       0.9018
 311.000       1.2477
 312.000       1.3849
 313.000       1.5792
 314.000       1.6605
 315.000       1.3842
 316.000       1.4774
 317.000       1.4442
 318.000       1.2438
 319.000       1.1536
 320.000       0.9892
 321.000       0.9235
 322.000       0.7622
 323.000       0.6310
 324.000       0.5451
 325.000       0.4778
 326.000       0.4227
 327.000       0.3738
 328.000       0.3955
 329.000       0.3842
 330.000       0.3748
 331.000       0.3697
 332.000       0.3620
 333.000       0.3800
 334.000       0.4003
 335.000       0.3990
 336.000       0.3886
 337.000       0.3830
 338.000       0.4174
 339.000       0.4352
 340.000       0.4560
 341.000       0.4776
 342.000       0.5388
 343.000       0.6296
 344.000       0.6463
 345.000       0.7032
 346.000       0.6501
 347.000       0.6577
 348.000       0.6009
 349.000       0.6021
 350.000       0.6964
 351.000       0.9385
 352.000       1.3584
 353.000       1.8224
 354.000       2.3613
 355.000       2.3672
 356.000       2.2794
 357.000       1.9376
 358.000       1.5190
 359.000       1.1382
 360.000       0.9200
 361.000       0.7531
 362.000       0.6996
 363.000       0.5748
 364.000       0.5448
 365.000       0.4415
 366.000       0.3980
 367.000       0.3791
 368.000       0.3597
 369.000       0.3677
 370.000       0.4206
 371.000       0.4646
 372.000       0.5032
 373.000       0.4403
 374.000       0.3907
 375.000       0.4571
 376.000       0.4501
 377.000       0.5058
 378.000       0.5746
 379.000       0.6149
 380.000       0.6350
 381.000       0.7156
 382.000       0.6877
 383.000       0.7263
 384.000       0.7950
 385.000       0.6371
 386.000       0.6007
 387.000       0.5355
 388.000       0.5465
 389.000       0.5016
 390.000       0.4918
 391.000       0.4848
 392.000       0.4538
 393.000       0.4525
 394.000       0.5117
 395.000       0.5065
 396.000       0.4622
 397.000       0.4434
 398.000       0.4375
 399.000       0.4259
 400.000       0.4205
 401.000       0.4401
 402.000       0.4828
 403.000       0.4681
 404.000       0.4464
 405.000       0.4279
 406.000       0.4626
 407.000       0.4068
 408.000       0.3841
 409.000       0.4455
 410.000       0.5026
 411.000       0.5718
 412.000       0.5021
 413.000       0.4861
 414.000       0.4992
 415.000       0.5256
 416.000       0.5393
 417.000       0.5527
 418.000       0.5987
 419.000       0.6806
 420.000       0.8611
 421.000       0.9366
 422.000       0.9303
 423.000       0.8232
 424.000       0.8118
 425.000       0.8504
 426.000       0.8074
 427.000       0.7732
 428.000       0.9188
 429.000       0.9772
 430.000       0.9423
 431.000       1.3039
 432.000       2.2672
 433.000       3.6004
 434.000       2.7412
 435.000       2.0483
 436.000       1.3978
 437.000       1.1578
 438.000       0.9600
 439.000       0.8894
 440.000       0.9675
 441.000       0.9205
 442.000       0.8354
 443.000       0.9072
 444.000       0.9528
 445.000       0.8760
 446.000       0.8961
 447.000       1.1189
 448.000       1.2157
 449.000       1.0400
 450.000       0.8914
 451.000       0.8326
 452.000       0.6895
 453.000       0.6663
 454.000       0.7111
 455.000       0.7442
 456.000       0.9615
 457.000       1.2326
 458.000       1.3241
 459.000       0.9426
 460.000       0.7848
 461.000       0.6608
 462.000       0.7051
 463.000       0.7076
 464.000       0.6660
 465.000       0.6579
 466.000       0.6579
 467.000       0.6475
 468.000       0.6306
 469.000       0.6436
 470.000       0.7404
 471.000       0.7765
 472.000       0.7456
 473.000       0.7883
 474.000       0.8634
 475.000       0.7245
 476.000       0.6114
 477.000       0.5402
 478.000       0.5406
 479.000       0.5509
 480.000       0.5134
 481.000       0.4477
 482.000       0.4238
 483.000       0.4310
 484.000       0.4442
 485.000       0.4535
 486.000       0.4823
 487.000       0.5224
 488.000       0.4862
 489.000       0.4701
 490.000       0.4912
 491.000       0.4968
 492.000       0.4698
 493.000       0.5049
 494.000       0.5410
 495.000       0.5136
 496.000       0.5040
 497.000       0.6071
 498.000       0.6730
 499.000       0.5881
 500.000       0.5695
 501.000       0.6921
 502.000       0.5506
 503.000       0.4900
 504.000       0.4575
 505.000       0.4362
 506.000       0.4029
 507.000       0.3679
 508.000       0.3965
 509.000       0.3953
 510.000       0.3878
 511.000       0.3784
 512.000       0.4107
 513.000       0.4523
 514.000       0.5039
 515.000       0.5386
 516.000       0.5314
 517.000       0.5131
 518.000       0.5179
 519.000       0.5540
 520.000       0.5675
 521.000       0.5546
 522.000       0.5946
 523.000       0.6981
 524.000       0.7103
 525.000       0.7511
 526.000       0.6145
 527.000       0.5047
 528.000       0.4125
 529.000       0.3691
 530.000       0.3997
 531.000       0.4169
 532.000       0.4469
 533.000       0.5015
 534.000       0.5006
 535.000       0.4491
 536.000       0.4824
 537.000       0.5619
 538.000       0.5845
 539.000       0.6068
 540.000       0.7198
 541.000       0.8104
 542.000       0.8328
 543.000       0.8932
 544.000       0.7471
 545.000       0.7468
 546.000       0.7288
 547.000       0.7383
 548.000       0.5955
 549.000       0.4921
 550.000       0.3925
 551.000       0.3828
 552.000       0.3784
 553.000       0.3732
 554.000       0.3746
 555.000       0.3829
 556.000       0.4026
 557.000       0.4535
 558.000       0.4852
 559.000       0.5200
 560.000       0.5097
 561.000       0.4993
 562.000       0.5711
 563.000       0.6185
 564.000       0.5898
 565.000       0.6471
 566.000       0.7663
 567.000       0.7223
 568.000       0.6534
 569.000       0.5416
 570.000       0.5231
 571.000       0.4368
 572.000       0.3933
 573.000       0.3522
 574.000       0.3645
 575.000       0.3960
 576.000       0.4210
 577.000       0.4730
 578.000       0.4477
 579.000       0.4344
 580.000       0.4734
 581.000       0.5137
 582.000       0.4952
 583.000       0.5200
 584.000       0.6304
 585.000       0.6981
 586.000       0.6205
 587.000       0.6448
 588.000       1.1845
 589.000       0.7719
 590.000       0.5632
 591.000       0.4727
 592.000       0.4279
 593.000       0.4017
 594.000       0.3790
 595.000       0.3732
 596.000       0.4223
 597.000       0.4833
 598.000       0.5172
 599.000       0.5626
 600.000       0.5339
 601.000       0.6231
 602.000       0.6855
 603.000       0.6529
 604.000       0.7127
 605.000       0.7439
 606.000       0.6388
 607.000       0.4671
 608.000       0.4732
 609.000       0.5340
 610.000       0.4116
 611.000       0.4001
 612.000       0.4570
 613.000       0.4793
 614.000       0.6111
 615.000       0.7725
 616.000       0.9424
 617.000       0.7330
 618.000       0.6010
 619.000       0.6263
 620.000       0.6237
 621.000       0.5493
 622.000       0.5560
 623.000       0.6201
 624.000       0.6054
 625.000       0.5773
 626.000       0.6636
 627.000       0.7205
 628.000       0.6982
 629.000       0.7081
 630.000       0.5883
 631.000       0.5569
 632.000       0.5226
 633.000       0.4786
 634.000       0.4699
 635.000       0.4076
 636.000       0.3705
 637.000       0.3898
 638.000       0.4388
 639.000       0.5052
 640.000       0.6648
 641.000       0.6891
 642.000       0.7032
 643.000       0.6266
 644.000       0.6489
 645.000       0.6857
 646.000       0.6721
 647.000       0.6401
 648.000       0.5792
 649.000       0.5499
 650.000       0.5850
 651.000       0.5783
 652.000       0.5222
 653.000       0.5330
 654.000       0.6032
 655.000       0.5910
 656.000       0.5329
 657.000       0.5790
 658.000       0.6261
 659.000       0.5809
 660.000       0.6020
 661.000       0.6805
 662.000       0.6712
 663.000       0.6746
 664.000       0.7784
 665.000       0.8020
 666.000       0.7479
 667.000       0.7889
 668.000       0.7167
 669.000       0.8097
 670.000       0.6331
 671.000       0.5668
 672.000       0.4897
 673.000       0.4290
 674.000       0.3823
 675.000       0.4081
 676.000       0.4044
 677.000       0.4624
 678.000       0.5070
 679.000       0.5082
 680.000       0.5408
 681.000       0.5450
 682.000       0.5934
 683.000       0.6630
 684.000       0.7528
 685.000       0.7524
 686.000       0.9125
 687.000       0.7737
 688.000       0.6863
 689.000       0.5861
 690.000       0.6285
 691.000       0.6665
 692.000       0.6031
 693.000       0.5820
 694.000       0.6614
 695.000       0.6558
 696.000       0.5918
 697.000       0.5898
 698.000       0.6495
 699.000       0.6266
 700.000       0.5848
 701.000       0.6558
 702.000       0.7011
 703.000       0.6359
 704.000       0.6052
 705.000       0.7096
 706.000       0.8239
 707.000       0.9140
 708.000       0.9136
 709.000       0.9750
 710.000       0.6672
 711.000       0.5560
 712.000       0.4490
 713.000       0.3933
 714.000       0.3736
 715.000       0.3749
 716.000       0.4083
 717.000       0.4419
 718.000       0.4022
 719.000       0.3960
 720.000       0.4189
 721.000       0.4327
 722.000       0.4790
 723.000       0.4994
 724.000       0.4640
 725.000       0.4378
 726.000       0.4412
 727.000       0.4461
 728.000       0.4551
 729.000       0.4568
 730.000       0.4572
 731.000       0.4837
 732.000       0.5208
 733.000       0.5345
 734.000       0.5997
 735.000       0.6023
 736.000       0.6744
 737.000       0.6554
 738.000       0.7102
 739.000       0.8744
 740.000       1.1224
 741.000       1.3514
 742.000       1.7234
 743.000       1.9493
 744.000       2.1167
 745.000       1.9162
 746.000       1.6875
 747.000       1.5608
 748.000       1.3704
 749.000       1.1908
 750.000       1.1025
 751.000       1.2084
 752.000       1.2137
 753.000       1.0000
 754.000       0.9306
 755.000       0.7526
 756.000       0.5745
 757.000       0.4963
 758.000       0.4521
 759.000       0.4600
 760.000       0.4360
 761.000       0.4207
 762.000       0.4424
 763.000       0.4293
 764.000       0.5101
 765.000       0.4706
 766.000       0.4539
 767.000       0.4198
 768.000       0.4155
 769.000       0.4282
 770.000       0.4443
 771.000       0.4523
 772.000       0.4611
 773.000       0.5862
 774.000       0.7363
 775.000       0.7242
 776.000       0.8246
 777.000       0.7079
 778.000       0.7744
 779.000       0.6851
 780.000       0.6623
 781.000       0.8293
 782.000       0.9208
 783.000       1.5164
 784.000       2.1860
 785.000       2.3126
 786.000       2.3903
 787.000       2.7434
 788.000       2.7232
 789.000       2.1986
 790.000       1.6971
 791.000       1.2601
 792.000       1.0369
 793.000       0.8879
 794.000       0.7140
 795.000       0.5721
 796.000       0.4787
 797.000       0.4530
 798.000       0.4651
 799.000       0.4758
 800.000       0.5065
 801.000       0.6067
 802.000       0.6019
 803.000       0.5970
 804.000       0.5153
 805.000       0.4584
 806.000       0.5046
 807.000       0.4979
 808.000       0.5549
 809.000       0.6356
 810.000       0.7191
 811.000       0.7642
 812.000       0.9049
 813.000       1.0001
 814.000       1.1542
 815.000       1.1561
 816.000       1.0474
 817.000       0.9375
 818.000       0.8932
 819.000       0.8905
 820.000       0.6346
 821.000       0.6172
 822.000       0.5965
 823.000       0.5337
 824.000       0.5173
 825.000       0.7332
 826.000       0.6652
 827.000       0.5652
 828.000       0.5218
 829.000       0.4548
 830.000       0.4028
 831.000       0.4291
 832.000       0.4341
 833.000       0.4396
 834.000       0.4313
 835.000       0.4692
 836.000       0.4931
 837.000       0.5199
 838.000       0.6114
 839.000       0.9362
 840.000       0.7436
 841.000       0.6956
 842.000       0.7812
 843.000       0.8774
 844.000       0.7650
 845.000       0.5760
 846.000       0.5138
 847.000       0.4643
 848.000       0.4867
 849.000       0.4875
 850.000       0.5637
 851.000       0.6803
 852.000       0.7920
 853.000       0.8619
 854.000       0.7776
 855.000       0.7827
 856.000       0.9555
 857.000       1.0207
 858.000       0.9678
 859.000       1.3438
 860.000       1.6469
 861.000       1.6304
 862.000       2.1470
 863.000       2.6850
